-0.125000
-0.203125
-0.281250
-0.218750
-0.218750
-0.015625
-0.015625
-0.109375
-0.203125
-0.031250
-0.203125
-0.109375
0.062500
-0.093750
-0.140625
0.328125
-0.250000
0.015625
-0.093750
-0.156250
-0.062500
-0.125000
-0.218750
0.000000
0.171875
-0.031250
0.281250
-0.031250
-0.015625
-0.031250
0.375000
0.140625
-0.140625
0.062500
-0.187500
0.468750
0.000000
0.078125
0.015625
-0.218750
0.093750
-0.046875
0.046875
0.296875
0.000000
0.140625
-0.015625
-0.218750
-0.140625
-0.218750
0.171875
-0.046875
0.281250
-0.093750
0.125000
0.218750
0.015625
0.421875
0.343750
0.156250
0.156250
0.093750
0.234375
0.031250
0.015625
0.125000
-0.265625
-0.125000
0.156250
0.296875
-0.156250
-0.328125
0.156250
0.203125
0.125000
-0.156250
0.046875
-0.093750
0.062500
0.015625
-0.062500
-0.062500
0.250000
0.234375
0.218750
0.203125
0.125000
0.000000
0.390625
0.187500
-0.281250
-0.031250
0.312500
0.171875
0.281250
0.109375
-0.171875
-0.015625
0.093750
0.187500
0.187500
0.062500
0.093750
0.343750
0.015625
0.000000
0.265625
-0.093750
0.125000
0.218750
0.375000
0.265625
0.125000
0.000000
-0.265625
0.062500
0.265625
-0.046875
-0.125000
0.015625
0.046875
-0.093750
-0.343750
-0.281250
0.046875
-0.125000
0.062500
0.000000
0.093750
0.046875
0.281250
0.093750
0.343750
0.171875
0.203125
-0.078125
0.046875
0.187500
0.343750
0.109375
-0.093750
0.218750
-0.078125
-0.187500
0.156250
0.062500
-0.234375
-0.140625
-0.234375
-0.062500
