1.800000
0.307692
1.000000
3.000000
1.666667
1.562500
4.666667
7.000000
1.000000
2.000000
0.046875
3.500000
0.428571
0.428571
1.625000
3.000000
0.078125
1.000000
1.000000
0.250000
0.781250
0.156250
2.500000
0.750000
9.000000
1.500000
1.500000
11.000000
1.800000
5.000000
0.250000
1.166667
0.666667
3.000000
5.000000
1.000000
1.250000
1.666667
0.093750
6.000000
1.250000
0.375000
0.750000
3.000000
0.093750
4.000000
0.666667
0.468750
1.000000
0.600000
2.000000
0.400000
1.000000
2.500000
3.400000
1.500000
1.333333
0.600000
2.666667
10.000000
0.187500
1.750000
1.000000
0.046875
9.000000
2.000000
7.500000
0.062500
1.500000
0.555556
0.500000
1.400000
1.166667
0.000000
0.750000
1.200000
0.156250
0.666667
0.062500
3.600000
4.500000
1.090909
0.109375
10.000000
0.875000
1.500000
1.250000
4.000000
2.333333
0.781250
3.500000
1.500000
0.333333
0.093750
8.000000
3.000000
0.545455
3.000000
1.666667
1.375000
0.230769
5.500000
7.000000
0.250000
1.000000
4.000000
3.000000
3.000000
5.000000
3.000000
1.000000
0.078125
0.500000
3.500000
1.000000
0.333333
0.093750
0.250000
1.333333
3.000000
0.062500
1.666667
6.000000
1.142857
0.625000
1.833333
4.000000
2.000000
1.166667
1.500000
1.285714
1.666667
0.166667
2.500000
0.428571
7.000000
1.250000
3.500000
2.000000
4.000000
2.000000
0.625000
0.109375
2.333333
1.333333
0.156250
3.000000
3.000000
1.333333
1.600000
11.000000
1.000000
1.000000
5.000000
0.500000
1.400000
3.000000
1.000000
1.000000
0.078125
1.000000
2.000000
1.800000
2.000000
0.750000
3.000000
0.428571
-0.031250
2.187500
1.666667
4.000000
0.666667
2.000000
0.750000
3.500000
1.500000
0.078125
1.000000
0.416667
1.333333
3.000000
3.000000
0.583333
6.000000
0.750000
6.000000
6.000000
0.156250
0.062500
1.093750
7.000000
0.062500
1.400000
3.000000
1.093750
0.781250
0.500000
2.250000
1.000000
0.250000
7.000000
3.000000
0.666667
1.200000
0.555556
3.333333
1.750000
1.500000
0.500000
0.062500
0.500000
0.833333
3.000000
5.000000
5.000000
4.000000
2.000000
2.500000
1.142857
0.093750
1.666667
0.600000
1.166667
1.285714
1.666667
3.000000
1.000000
3.250000
2.500000
0.093750
0.015625
1.500000
2.333333
0.555556
1.800000
0.265625
2.000000
-0.000000
0.900000
3.500000
10.000000
1.000000
0.666667
5.000000
3.000000
2.000000
5.000000
3.000000
0.500000
0.109375
0.333333
6.000000
1.000000
0.333333
2.000000
1.000000
2.333333
0.875000
0.727273
3.000000
0.700000
3.000000
1.666667
3.600000
1.333333
0.500000
1.666667
0.400000
1.250000
2.333333
2.250000
0.500000
5.000000
12.000000
2.750000
2.000000
1.500000
1.142857
3.500000
5.500000
1.400000
0.125000
1.500000
9.000000
1.000000
3.000000
1.093750
1.000000
0.833333
1.666667
1.250000
0.937500
1.800000
0.500000
1.000000
2.000000
0.500000
5.000000
6.000000
3.333333
1.333333
0.571429
0.857143
4.500000
3.500000
1.000000
0.750000
0.500000
0.875000
1.333333
1.000000
3.250000
2.000000
0.187500
4.333333
3.000000
9.000000
2.250000
4.500000
1.093750
2.400000
0.333333
0.214286
0.222222
3.000000
0.109375
3.000000
5.000000
2.500000
0.375000
6.000000
10.000000
1.000000
1.000000
0.666667
-0.000000
13.000000
6.000000
1.000000
0.727273
1.750000
4.000000
2.000000
0.666667
1.666667
1.400000
1.000000
5.000000
1.666667
1.000000
2.000000
4.000000
1.250000
0.466667
1.333333
6.000000
0.046875
4.500000
3.500000
0.800000
4.000000
0.500000
5.000000
0.923077
0.062500
0.583333
6.000000
0.230769
2.250000
0.666667
2.666667
0.140625
1.200000
6.000000
0.333333
1.285714
1.166667
2.000000
0.312500
0.428571
2.333333
10.000000
9.000000
0.625000
2.666667
1.500000
3.000000
0.250000
0.000000
1.300000
0.750000
1.666667
5.000000
0.700000
4.000000
0.500000
1.333333
1.000000
0.533333
1.000000
3.000000
3.000000
0.875000
0.093750
0.500000
3.000000
1.777778
6.000000
11.000000
0.750000
1.000000
0.166667
4.000000
1.400000
1.333333
0.781250
1.333333
2.000000
1.000000
7.000000
13.000000
8.000000
0.111111
0.666667
4.000000
2.000000
5.500000
0.555556
3.000000
1.000000
2.333333
0.781250
1.000000
1.000000
4.000000
1.562500
5.000000
3.666667
4.000000
2.666667
0.285714
6.000000
8.000000
10.000000
11.000000
1.000000
5.000000
0.171875
1.250000
1.600000
5.000000
0.234375
0.500000
1.250000
19.000000
0.600000
1.300000
0.078125
8.000000
2.333333
2.333333
1.500000
1.600000
1.500000
1.600000
4.000000
10.000000
0.100000
1.333333
6.000000
0.000000
3.500000
7.000000
3.000000
1.500000
1.333333
0.714286
4.000000
0.062500
5.000000
5.000000
2.166667
2.333333
0.333333
7.000000
12.000000
2.666667
0.234375
1.333333
3.000000
8.000000
2.000000
0.333333
7.000000
0.937500
0.600000
1.000000
2.000000
0.142857
4.000000
1.500000
0.200000
2.000000
1.166667
2.000000
1.000000
0.666667
1.600000
0.125000
1.750000
0.285714
2.750000
2.000000
7.000000
1.166667
1.666667
2.000000
0.500000
6.000000
0.750000
2.500000
2.333333
0.714286
2.500000
1.093750
6.000000
2.000000
1.285714
1.500000
2.000000
2.000000
0.800000
2.500000
0.090909
0.785714
1.222222
0.312500
3.000000
10.000000
1.333333
1.666667
2.000000
2.250000
1.500000
1.666667
0.666667
1.000000
4.000000
0.857143
3.000000
0.156250
0.600000
1.093750
0.125000
1.166667
14.000000
4.000000
7.000000
1.666667
1.250000
1.200000
3.500000
0.125000
3.000000
0.937500
15.000000
0.625000
1.000000
5.000000
4.500000
5.000000
10.000000
1.333333
6.000000
1.500000
1.666667
1.000000
2.000000
0.400000
2.000000
1.500000
1.500000
0.093750
3.000000
0.250000
1.093750
10.000000
0.109375
1.142857
1.111111
7.000000
2.000000
1.000000
0.272727
2.333333
0.200000
5.000000
0.109375
4.500000
1.333333
2.000000
0.428571
0.937500
2.333333
3.500000
0.200000
0.078125
0.142857
0.166667
2.000000
0.285714
2.000000
4.000000
0.125000
1.000000
1.000000
2.000000
1.571429
5.000000
0.333333
0.468750
1.000000
1.142857
0.187500
7.000000
1.200000
0.171875
0.333333
5.000000
2.000000
1.500000
0.470588
0.714286
0.700000
15.000000
1.500000
1.000000
2.250000
0.200000
2.000000
1.666667
3.000000
11.000000
0.307692
0.333333
3.000000
1.750000
6.000000
0.500000
1.000000
6.000000
2.500000
1.666667
3.750000
2.000000
13.000000
1.093750
1.142857
2.000000
3.000000
1.600000
10.000000
0.142857
2.500000
1.428571
1.250000
2.000000
1.750000
4.000000
2.000000
1.666667
1.666667
2.500000
1.111111
9.000000
1.375000
1.727273
2.000000
1.000000
0.250000
0.140625
0.468750
0.666667
2.000000
0.500000
0.156250
0.875000
0.750000
4.000000
1.000000
6.000000
0.555556
1.200000
4.000000
3.500000
0.571429
0.093750
6.000000
0.625000
2.000000
1.400000
1.666667
2.000000
2.000000
4.000000
2.500000
4.000000
8.500000
17.000000
0.750000
3.000000
0.400000
1.166667
3.000000
3.000000
2.500000
5.000000
1.000000
0.093750
1.666667
2.000000
3.000000
1.562500
3.000000
1.000000
0.062500
0.600000
4.000000
0.500000
4.000000
4.000000
3.000000
6.000000
1.500000
1.500000
0.046875
1.333333
2.333333
11.000000
0.444444
1.000000
0.500000
0.238095
1.250000
10.000000
3.000000
2.000000
2.666667
1.375000
5.000000
1.250000
2.000000
8.000000
2.000000
0.400000
1.666667
6.000000
4.000000
1.500000
0.428571
1.000000
1.285714
0.833333
2.000000
3.500000
1.833333
1.000000
3.000000
1.666667
0.500000
0.400000
4.000000
11.000000
0.125000
0.400000
1.500000
2.000000
1.000000
3.333333
1.000000
0.666667
1.500000
8.000000
0.333333
2.000000
3.000000
0.062500
3.500000
1.406250
0.468750
1.375000
1.200000
2.031250
1.666667
0.166667
1.562500
0.600000
3.000000
1.750000
5.500000
0.500000
9.000000
3.500000
2.250000
4.000000
2.000000
2.500000
0.666667
5.000000
1.714286
7.000000
1.666667
0.833333
4.500000
0.700000
4.333333
2.000000
0.666667
0.428571
0.600000
1.000000
3.500000
4.000000
1.000000
0.031250
0.600000
1.166667
0.666667
1.625000
2.500000
3.500000
1.875000
0.900000
0.031250
0.250000
0.230769
8.500000
0.781250
1.562500
3.666667
7.000000
2.000000
0.428571
5.500000
0.909091
0.468750
1.333333
0.500000
2.500000
2.000000
1.250000
8.000000
0.666667
1.250000
1.571429
7.000000
12.000000
0.250000
0.156250
7.000000
6.500000
0.777778
1.333333
6.000000
2.000000
0.916667
1.166667
5.000000
0.666667
6.000000
2.000000
0.109375
1.000000
0.400000
5.000000
0.500000
0.857143
8.000000
2.000000
1.666667
5.000000
1.100000
1.714286
11.000000
2.000000
2.000000
3.000000
0.800000
7.000000
0.062500
0.833333
1.100000
1.222222
1.000000
1.250000
0.600000
3.666667
2.000000
1.000000
0.250000
2.200000
0.625000
1.875000
1.714286
0.000000
3.666667
5.000000
1.333333
6.500000
0.714286
0.375000
0.500000
4.000000
1.500000
1.333333
0.333333
0.156250
6.000000
1.375000
3.500000
0.600000
7.000000
3.000000
0.750000
2.666667
0.833333
1.000000
1.000000
0.781250
5.000000
0.833333
5.000000
0.300000
1.666667
0.272727
1.000000
3.000000
1.000000
0.078125
2.750000
1.500000
4.000000
1.333333
1.200000
1.500000
1.333333
3.333333
0.156250
1.750000
0.600000
6.000000
0.888889
0.642857
6.000000
3.250000
2.000000
1.000000
5.000000
7.000000
5.000000
1.333333
1.500000
0.818182
0.093750
1.200000
2.500000
2.000000
7.000000
0.400000
0.203125
2.000000
0.031250
1.833333
1.200000
1.333333
6.000000
0.800000
0.666667
0.222222
1.400000
2.000000
5.000000
1.562500
2.500000
0.333333
1.000000
1.000000
2.000000
1.500000
0.400000
4.000000
1.750000
1.666667
11.000000
0.125000
1.000000
1.666667
0.666667
4.000000
5.000000
0.625000
5.500000
7.000000
1.000000
3.000000
1.200000
0.000000
0.078125
1.666667
0.636364
1.333333
6.000000
0.171875
0.062500
0.500000
1.000000
1.000000
1.000000
2.000000
1.857143
0.078125
3.000000
2.000000
0.714286
4.500000
0.062500
0.666667
5.500000
2.000000
1.833333
1.000000
0.109375
1.333333
1.166667
1.093750
0.285714
0.000000
1.285714
4.500000
1.500000
2.000000
0.000000
3.000000
2.500000
1.000000
0.062500
4.000000
2.000000
2.400000
1.250000
6.000000
1.142857
1.000000
2.000000
1.800000
2.000000
4.000000
0.200000
4.500000
2.000000
3.333333
0.400000
0.062500
8.000000
2.000000
1.000000
0.727273
1.200000
1.166667
0.750000
1.333333
0.078125
2.666667
3.666667
2.333333
1.000000
1.000000
-0.000000
1.333333
1.500000
2.500000
0.500000
0.750000
2.200000
0.171875
1.500000
7.000000
0.500000
0.000000
2.000000
1.600000
2.000000
0.400000
0.750000
0.375000
0.600000
1.000000
0.031250
2.000000
2.333333
2.666667
12.000000
2.250000
7.000000
2.000000
2.000000
2.000000
0.750000
0.666667
0.800000
3.000000
1.000000
1.562500
1.500000
11.000000
5.666667
8.000000
1.000000
0.062500
0.900000
3.500000
2.666667
8.000000
2.500000
0.468750
0.109375
11.000000
5.000000
4.000000
1.750000
4.000000
0.833333
2.333333
1.000000
0.125000
1.000000
2.000000
1.000000
0.500000
6.000000
5.000000
1.666667
0.031250
0.714286
0.444444
5.000000
8.000000
1.750000
2.666667
1.250000
1.000000
1.000000
0.015625
5.000000
0.636364
3.500000
5.000000
0.285714
0.500000
2.000000
4.000000
1.000000
0.375000
2.000000
2.000000
0.093750
2.000000
1.333333
0.093750
0.281250
3.000000
1.000000
1.125000
1.400000
1.666667
1.000000
