-0.046875
-0.046875
-0.140625
0.000000
0.015625
-0.093750
0.015625
0.078125
-0.031250
0.031250
-0.015625
0.109375
0.125000
-0.078125
-0.046875
-0.093750
0.000000
0.125000
0.062500
0.046875
-0.015625
-0.046875
0.062500
0.062500
0.015625
0.046875
-0.031250
-0.171875
-0.062500
0.140625
-0.203125
0.046875
0.109375
-0.062500
0.140625
0.062500
0.031250
-0.062500
0.000000
0.046875
-0.015625
0.000000
-0.187500
0.062500
0.125000
-0.015625
0.015625
0.015625
-0.015625
0.109375
0.015625
-0.093750
-0.015625
-0.046875
-0.015625
-0.062500
0.078125
-0.078125
-0.015625
0.093750
-0.109375
0.015625
-0.187500
-0.078125
-0.093750
0.015625
0.109375
0.062500
-0.015625
0.000000
0.078125
-0.171875
-0.156250
0.109375
0.187500
-0.125000
0.031250
0.046875
0.046875
0.000000
0.000000
0.062500
-0.031250
0.046875
-0.062500
0.046875
-0.093750
0.062500
-0.156250
0.093750
0.046875
0.000000
0.078125
-0.125000
0.140625
-0.218750
0.109375
0.140625
0.015625
0.015625
-0.093750
0.046875
0.000000
-0.046875
0.015625
0.156250
-0.046875
0.109375
0.031250
-0.156250
-0.078125
0.062500
-0.031250
-0.140625
-0.156250
0.015625
-0.109375
-0.015625
-0.171875
-0.062500
-0.109375
0.125000
-0.093750
-0.187500
-0.031250
0.046875
0.093750
0.000000
-0.156250
0.062500
-0.046875
-0.203125
0.109375
0.125000
-0.046875
-0.171875
-0.078125
-0.062500
0.015625
0.187500
0.062500
-0.046875
-0.046875
-0.046875
0.078125
0.156250
-0.093750
0.078125
-0.031250
-0.156250
0.093750
-0.031250
-0.078125
0.109375
0.140625
0.031250
0.046875
0.000000
-0.031250
-0.031250
0.015625
0.078125
-0.062500
0.015625
-0.140625
-0.109375
-0.156250
-0.062500
0.140625
-0.078125
0.000000
-0.015625
-0.046875
0.093750
0.000000
-0.125000
0.000000
0.078125
0.046875
0.046875
-0.031250
0.062500
0.000000
0.031250
0.093750
-0.140625
0.062500
0.000000
0.093750
-0.093750
0.093750
0.046875
0.093750
0.140625
0.031250
-0.093750
-0.062500
0.000000
-0.031250
0.031250
0.031250
0.015625
0.515625
0.734375
0.609375
0.484375
0.343750
0.140625
-0.031250
0.015625
-0.046875
0.093750
0.093750
-0.015625
-0.046875
0.015625
0.015625
0.015625
0.000000
-0.125000
0.015625
-0.031250
0.078125
0.171875
-0.109375
0.234375
-0.109375
0.125000
-0.093750
0.187500
0.875000
1.000000
1.000000
0.984375
0.984375
0.953125
0.671875
0.875000
0.796875
0.718750
0.828125
0.812500
0.796875
0.734375
0.750000
0.109375
0.125000
0.093750
0.046875
-0.015625
0.156250
0.031250
-0.203125
0.031250
-0.093750
-0.015625
-0.109375
-0.046875
0.234375
0.375000
0.078125
0.421875
0.703125
0.906250
1.000000
0.921875
0.968750
1.000000
1.000000
0.937500
0.843750
1.000000
1.000000
0.531250
0.046875
-0.125000
-0.062500
-0.046875
-0.031250
0.109375
-0.140625
0.125000
-0.046875
-0.078125
-0.078125
0.140625
0.046875
0.031250
-0.109375
0.062500
0.093750
-0.171875
0.281250
0.156250
0.281250
0.359375
0.218750
0.218750
0.250000
0.906250
0.984375
0.312500
-0.109375
0.140625
0.015625
-0.140625
-0.078125
-0.046875
0.156250
0.093750
0.031250
-0.062500
-0.015625
-0.015625
0.093750
0.078125
-0.140625
0.031250
0.015625
-0.031250
0.140625
-0.171875
-0.015625
-0.031250
0.062500
-0.015625
0.187500
0.984375
0.859375
0.015625
0.000000
-0.015625
-0.046875
-0.078125
-0.031250
0.140625
0.000000
0.062500
0.062500
-0.015625
-0.062500
-0.046875
0.078125
0.046875
0.187500
-0.031250
0.046875
0.250000
-0.031250
-0.046875
-0.093750
0.015625
0.031250
0.140625
0.937500
0.984375
0.171875
0.015625
-0.046875
0.031250
-0.015625
0.062500
0.140625
0.015625
-0.156250
-0.187500
0.031250
0.093750
-0.062500
0.109375
-0.031250
0.062500
0.000000
0.125000
0.046875
0.078125
-0.046875
-0.015625
0.000000
-0.109375
0.015625
0.390625
1.000000
0.921875
0.187500
-0.093750
-0.015625
-0.156250
0.000000
0.000000
0.031250
0.109375
0.046875
-0.125000
0.125000
-0.156250
0.031250
0.062500
-0.156250
0.109375
-0.062500
-0.031250
0.078125
-0.234375
0.187500
-0.015625
0.046875
0.015625
0.218750
0.984375
1.000000
0.218750
-0.031250
0.046875
-0.046875
0.015625
0.000000
-0.015625
-0.078125
0.000000
0.000000
0.046875
0.078125
0.109375
-0.015625
0.015625
0.093750
0.031250
-0.046875
0.031250
0.078125
0.046875
-0.140625
-0.109375
-0.140625
0.078125
0.468750
1.000000
0.703125
0.078125
-0.015625
0.046875
-0.109375
0.031250
-0.015625
0.062500
0.046875
-0.078125
0.031250
0.031250
0.046875
-0.078125
-0.015625
-0.046875
0.093750
0.031250
0.062500
0.109375
0.046875
0.062500
0.046875
0.015625
-0.015625
-0.093750
0.906250
0.953125
0.234375
0.046875
-0.031250
0.062500
-0.125000
-0.109375
0.000000
0.015625
-0.031250
0.031250
-0.109375
-0.046875
0.125000
0.015625
-0.046875
0.031250
0.046875
-0.078125
-0.125000
0.046875
0.015625
0.046875
-0.109375
-0.015625
-0.109375
0.453125
1.000000
0.593750
0.031250
-0.078125
-0.125000
-0.062500
0.046875
-0.156250
-0.203125
0.031250
-0.125000
-0.062500
0.109375
-0.109375
0.078125
0.015625
0.078125
0.000000
-0.046875
0.015625
0.000000
-0.015625
0.000000
0.031250
0.093750
-0.046875
0.125000
0.953125
0.921875
0.140625
-0.046875
0.015625
-0.203125
-0.140625
0.062500
0.000000
0.093750
0.062500
0.046875
0.062500
-0.109375
-0.031250
-0.015625
-0.046875
0.125000
-0.125000
0.062500
0.046875
-0.015625
-0.125000
0.062500
0.078125
-0.109375
-0.125000
0.921875
1.000000
0.640625
-0.125000
-0.015625
0.000000
-0.078125
-0.015625
-0.062500
0.109375
-0.156250
-0.156250
0.015625
-0.031250
-0.031250
-0.109375
0.062500
-0.125000
-0.015625
-0.062500
-0.062500
-0.015625
-0.046875
0.078125
0.125000
0.031250
0.078125
0.828125
0.968750
0.921875
0.093750
0.000000
-0.031250
0.140625
0.140625
0.078125
0.109375
0.000000
-0.078125
-0.078125
0.125000
-0.125000
-0.015625
-0.156250
0.078125
-0.078125
0.140625
0.046875
-0.031250
0.062500
-0.125000
-0.062500
-0.062500
-0.031250
0.250000
0.984375
1.000000
0.234375
-0.062500
0.031250
0.078125
-0.078125
0.046875
0.062500
0.046875
-0.156250
0.062500
0.156250
-0.015625
-0.031250
-0.046875
0.031250
0.031250
0.140625
0.234375
0.078125
0.171875
0.031250
0.046875
-0.234375
0.093750
0.140625
0.843750
0.968750
0.421875
0.078125
0.093750
-0.140625
0.171875
-0.187500
-0.078125
-0.093750
0.171875
0.078125
-0.093750
0.046875
-0.093750
-0.078125
0.015625
0.140625
0.078125
0.062500
0.078125
-0.078125
0.031250
0.156250
0.015625
-0.109375
-0.046875
0.359375
0.968750
0.968750
0.234375
0.046875
-0.062500
-0.031250
0.078125
0.078125
-0.046875
0.140625
-0.046875
-0.062500
0.000000
-0.062500
0.140625
-0.109375
-0.031250
-0.109375
-0.093750
0.031250
-0.093750
0.078125
-0.125000
0.093750
-0.031250
0.062500
0.281250
0.937500
0.984375
0.984375
0.328125
0.078125
-0.062500
-0.093750
0.218750
-0.015625
0.000000
0.046875
0.046875
-0.062500
-0.140625
-0.140625
-0.031250
0.031250
-0.046875
-0.093750
0.031250
-0.171875
-0.031250
0.046875
0.031250
-0.062500
0.046875
-0.031250
0.484375
1.000000
1.000000
0.890625
0.125000
-0.046875
-0.015625
-0.140625
0.015625
-0.187500
-0.046875
-0.046875
-0.015625
0.125000
-0.078125
0.062500
-0.078125
-0.046875
0.062500
-0.125000
-0.031250
-0.093750
0.140625
-0.078125
-0.140625
0.015625
-0.046875
-0.078125
0.437500
1.000000
0.843750
0.171875
-0.046875
-0.093750
-0.046875
0.046875
0.046875
-0.109375
-0.156250
0.062500
-0.062500
-0.046875
0.015625
0.015625
0.078125
-0.156250
-0.078125
-0.140625
0.140625
0.000000
-0.078125
-0.078125
0.109375
0.031250
-0.046875
0.015625
0.062500
0.078125
0.046875
-0.093750
0.062500
0.031250
0.000000
0.125000
-0.031250
-0.109375
0.171875
0.062500
-0.140625
0.046875
-0.015625
0.015625
0.062500
-0.062500
