1.800000
-0.125000
0.171875
0.307692
1.000000
0.031250
3.000000
1.500000
0.111111
1.666667
1.562500
0.428571
0.500000
0.250000
7.000000
0.400000
0.750000
1.000000
0.093750
0.285714
0.046875
0.046875
0.046875
0.333333
-0.062500
-0.015625
-0.125000
0.000000
0.000000
0.875000
0.078125
-0.140625
-0.156250
0.078125
0.333333
0.875000
1.666667
-0.046875
0.800000
0.166667
-0.015625
4.666667
0.078125
0.187500
0.666667
1.000000
0.125000
2.000000
0.031250
-0.000000
3.500000
0.000000
-0.125000
0.428571
0.046875
0.428571
-0.046875
1.333333
-0.062500
-0.109375
0.000000
0.078125
0.000000
0.250000
-0.031250
1.000000
-0.140625
0.250000
0.444444
-0.015625
-0.015625
0.156250
0.714286
0.875000
0.750000
0.109375
0.000000
9.000000
0.500000
0.055556
1.500000
0.015625
0.015625
1.166667
1.250000
1.625000
3.000000
0.125000
0.078125
0.000000
0.076923
1.000000
0.078125
-0.281250
-0.046875
0.250000
-0.015625
0.781250
-0.046875
-0.062500
-0.046875
2.500000
-0.171875
0.285714
0.078125
1.000000
1.500000
0.000000
1.000000
-0.125000
0.700000
11.000000
-0.078125
0.140625
0.750000
5.000000
-0.062500
0.000000
0.046875
-0.187500
0.109375
0.666667
0.093750
3.000000
0.272727
0.031250
1.000000
0.062500
1.000000
0.078125
1.666667
0.781250
0.000000
-0.109375
6.000000
-0.078125
0.000000
-0.000000
-0.062500
0.375000
-0.015625
1.800000
3.000000
1.500000
-0.109375
0.250000
1.166667
0.031250
0.000000
0.015625
1.000000
0.015625
0.777778
5.000000
-0.000000
0.500000
1.250000
0.312500
1.200000
1.250000
0.093750
0.015625
-0.031250
2.333333
1.250000
-0.125000
0.046875
0.142857
0.750000
0.031250
0.000000
3.000000
0.000000
0.015625
1.500000
0.062500
0.666667
-0.109375
0.031250
0.468750
1.000000
0.062500
0.600000
-0.015625
0.109375
0.000000
0.400000
-0.093750
-0.015625
0.031250
2.333333
0.031250
0.111111
-0.093750
-0.015625
0.078125
0.111111
-0.000000
0.666667
-0.015625
-0.031250
0.093750
-0.156250
4.000000
0.046875
0.500000
0.046875
0.400000
-0.031250
-0.078125
0.078125
0.000000
2.000000
-0.046875
-0.093750
-0.000000
1.000000
-0.234375
-0.000000
2.500000
3.400000
0.078125
0.166667
1.500000
1.333333
-0.062500
0.046875
0.600000
0.000000
0.000000
0.046875
10.000000
0.187500
0.031250
0.015625
0.625000
-0.031250
1.000000
-0.015625
-0.046875
9.000000
-0.250000
2.000000
0.333333
0.171875
3.000000
0.046875
-0.078125
-0.015625
0.468750
-0.093750
0.031250
-0.171875
-0.015625
-0.093750
0.000000
0.750000
2.666667
2.250000
0.046875
0.031250
-0.203125
1.000000
1.750000
0.800000
-0.078125
0.000000
0.046875
0.125000
-0.078125
-0.031250
-0.031250
1.000000
7.500000
0.062500
-0.046875
1.500000
-0.109375
-0.078125
0.555556
0.500000
0.000000
-0.171875
0.093750
0.500000
1.166667
0.000000
-0.078125
0.750000
0.500000
0.500000
0.300000
-0.015625
0.156250
0.666667
-0.218750
0.062500
0.000000
0.015625
2.000000
4.500000
-0.156250
-0.140625
0.015625
0.078125
-0.031250
0.142857
-0.125000
0.230769
-0.125000
-0.015625
1.400000
0.666667
0.500000
0.000000
0.000000
0.200000
-0.218750
1.200000
-0.031250
0.015625
0.000000
-0.031250
0.109375
-0.062500
0.015625
-0.031250
3.600000
-0.140625
0.031250
1.090909
-0.062500
0.000000
0.109375
10.000000
0.031250
-0.062500
0.875000
-0.125000
1.500000
0.500000
1.000000
0.500000
-0.031250
0.333333
0.000000
0.781250
0.015625
3.500000
0.109375
0.109375
0.156250
0.333333
0.078125
-0.046875
-0.046875
-0.046875
0.187500
3.000000
0.285714
0.454545
0.090909
3.000000
2.000000
0.156250
0.250000
1.000000
0.133333
1.250000
0.625000
0.109375
4.000000
1.500000
2.333333
0.111111
0.062500
0.046875
-0.078125
0.031250
1.500000
-0.046875
0.156250
0.093750
-0.046875
0.384615
8.000000
1.500000
-0.078125
0.545455
0.015625
0.454545
0.181818
1.666667
0.062500
-0.046875
-0.015625
-0.203125
0.000000
5.500000
0.000000
2.000000
-0.046875
-0.187500
0.250000
-0.015625
1.000000
0.333333
3.000000
0.250000
2.000000
-0.000000
3.000000
-0.031250
-0.046875
0.046875
0.031250
-0.062500
0.000000
0.015625
-0.031250
0.031250
0.076923
0.062500
1.375000
0.230769
0.000000
-0.140625
0.222222
0.615385
7.000000
0.015625
0.076923
0.093750
-0.203125
0.000000
4.000000
1.000000
3.000000
-0.062500
1.000000
1.000000
5.000000
3.000000
0.125000
1.000000
0.062500
-0.000000
0.078125
-0.109375
-0.093750
3.500000
-0.078125
0.078125
0.156250
0.333333
0.015625
0.031250
0.046875
0.142857
0.000000
0.000000
1.333333
-0.062500
0.625000
0.062500
-0.031250
-0.031250
1.000000
0.000000
0.031250
1.142857
0.078125
0.156250
0.062500
-0.093750
-0.078125
-0.078125
0.500000
1.406250
0.375000
1.000000
0.000000
-0.156250
-0.062500
0.031250
0.093750
0.078125
0.250000
0.400000
0.078125
0.156250
3.000000
-0.031250
-0.000000
0.125000
1.666667
6.000000
1.200000
0.125000
0.555556
-0.140625
0.625000
-0.140625
1.833333
0.031250
1.333333
0.125000
2.000000
-0.203125
1.166667
-0.125000
1.500000
-0.125000
-0.171875
1.666667
-0.203125
0.046875
-0.046875
0.203125
2.500000
0.428571
0.093750
7.000000
0.156250
0.750000
-0.015625
-0.031250
0.000000
0.031250
-0.156250
0.272727
4.000000
0.015625
4.000000
0.156250
0.015625
0.400000
0.000000
-0.093750
0.071429
1.000000
1.285714
0.109375
0.800000
0.000000
0.166667
0.171875
0.500000
-0.031250
0.333333
0.046875
0.562500
1.250000
1.000000
3.500000
0.000000
1.000000
2.000000
0.125000
2.000000
0.214286
-0.125000
0.333333
0.093750
-0.109375
-0.093750
-0.125000
-0.062500
1.333333
0.000000
-0.031250
0.156250
0.545455
3.000000
0.156250
0.031250
0.140625
0.250000
0.140625
-0.109375
1.250000
0.140625
1.000000
0.538462
0.600000
1.000000
5.000000
0.666667
0.031250
2.000000
0.600000
0.625000
0.031250
0.109375
2.333333
0.109375
-0.031250
0.461538
0.156250
-0.125000
-0.109375
0.000000
3.000000
0.015625
1.333333
0.015625
1.000000
1.600000
0.109375
11.000000
-0.109375
0.500000
0.156250
-0.015625
0.400000
-0.031250
0.000000
-0.156250
-0.109375
1.000000
0.046875
0.046875
-0.109375
0.833333
0.750000
1.000000
0.015625
0.031250
0.000000
-0.171875
2.000000
2.000000
1.000000
1.800000
-0.015625
0.600000
-0.125000
0.750000
0.166667
3.000000
0.156250
0.428571
-0.093750
-0.031250
0.500000
0.031250
-0.140625
1.400000
0.000000
3.000000
0.300000
1.000000
0.000000
-0.093750
0.078125
-0.015625
1.000000
0.833333
0.000000
-0.078125
0.093750
-0.046875
2.000000
-0.093750
0.000000
0.109375
1.000000
-0.015625
0.000000
0.272727
-0.140625
-0.046875
-0.031250
1.555556
1.666667
0.000000
0.428571
0.093750
0.000000
0.125000
2.000000
0.093750
0.142857
0.078125
3.500000
-0.046875
0.015625
0.140625
0.031250
0.062500
-0.046875
0.078125
0.031250
-0.062500
1.000000
0.140625
-0.171875
-0.000000
0.000000
-0.125000
2.187500
0.285714
0.140625
0.046875
4.000000
0.000000
0.500000
0.666667
-0.171875
-0.015625
0.750000
-0.140625
-0.109375
0.031250
0.109375
1.500000
-0.031250
0.078125
0.062500
1.000000
0.416667
-0.062500
1.333333
-0.062500
0.200000
3.000000
0.046875
3.000000
0.583333
0.046875
0.031250
6.000000
0.750000
0.666667
6.000000
0.093750
6.000000
-0.078125
-0.156250
-0.093750
0.062500
-0.000000
-0.171875
1.093750
-0.078125
-0.046875
0.062500
0.000000
1.400000
-0.015625
0.285714
0.000000
-0.062500
1.093750
0.781250
0.093750
0.090909
0.142857
0.666667
0.015625
-0.062500
-0.062500
0.666667
-0.203125
0.800000
0.285714
0.156250
0.062500
-0.140625
-0.015625
-0.015625
0.031250
7.000000
3.000000
-0.062500
-0.156250
0.015625
-0.046875
0.078125
3.000000
0.090909
0.125000
0.140625
0.200000
0.500000
-0.015625
2.250000
-0.062500
-0.093750
1.000000
0.250000
-0.109375
-0.125000
7.000000
0.833333
3.000000
0.142857
0.666667
0.125000
0.156250
0.333333
0.555556
0.125000
3.333333
1.500000
0.833333
1.500000
0.015625
0.000000
0.109375
-0.046875
0.015625
0.046875
-0.062500
1.100000
-0.046875
-0.031250
0.333333
0.000000
-0.000000
5.500000
-0.093750
0.333333
2.000000
-0.078125
-0.015625
0.093750
1.200000
0.250000
-0.156250
0.000000
-0.015625
1.750000
0.093750
1.000000
-0.015625
0.500000
0.181818
0.062500
0.031250
0.500000
0.062500
-0.078125
0.833333
0.468750
3.000000
-0.031250
-0.203125
-0.125000
5.000000
0.500000
2.000000
-0.000000
0.000000
-0.093750
0.109375
1.142857
0.062500
0.093750
-0.062500
0.333333
1.666667
-0.109375
0.015625
0.218750
1.166667
1.285714
-0.062500
0.046875
0.031250
0.222222
-0.062500
0.000000
-0.046875
5.000000
0.750000
0.571429
1.666667
4.000000
0.125000
2.000000
-0.046875
0.078125
2.500000
0.166667
0.000000
0.093750
-0.078125
1.363636
-0.031250
0.600000
-0.109375
0.750000
0.093750
-0.109375
-0.015625
0.000000
0.000000
2.031250
0.046875
0.000000
0.166667
-0.093750
3.250000
2.500000
-0.015625
-0.078125
0.093750
-0.000000
0.000000
1.500000
0.062500
-0.000000
0.046875
0.000000
0.200000
0.000000
0.031250
0.046875
0.046875
2.000000
0.000000
-0.000000
-0.171875
1.666667
-0.015625
3.000000
-0.078125
0.200000
1.000000
0.500000
-0.078125
0.031250
2.250000
-0.125000
-0.093750
0.015625
-0.000000
-0.140625
0.333333
2.333333
-0.078125
0.555556
0.203125
0.000000
1.800000
0.265625
0.046875
-0.031250
0.000000
0.000000
-0.046875
0.900000
0.031250
3.500000
3.000000
10.000000
-0.187500
-0.046875
0.109375
0.000000
0.031250
0.140625
-0.109375
0.800000
3.000000
0.015625
0.031250
5.000000
1.000000
0.888889
0.833333
0.093750
0.093750
0.000000
0.046875
0.333333
-0.109375
1.500000
0.000000
0.000000
-0.109375
-0.093750
0.285714
-0.250000
0.181818
1.000000
0.222222
-0.046875
0.666667
0.000000
5.000000
1.000000
0.400000
-0.000000
2.000000
0.265625
0.714286
-0.125000
3.000000
0.000000
0.500000
0.109375
0.062500
0.000000
-0.031250
0.250000
6.000000
0.000000
0.333333
-0.031250
0.333333
0.818182
-0.015625
0.000000
-0.281250
2.333333
1.666667
0.800000
0.062500
0.571429
0.000000
0.800000
3.000000
0.222222
0.700000
1.555556
2.500000
-0.125000
1.666667
0.015625
3.600000
1.333333
1.333333
0.031250
-0.156250
1.000000
-0.109375
0.093750
0.140625
0.000000
2.000000
0.187500
1.000000
-0.015625
0.250000
0.000000
0.875000
0.727273
0.015625
0.093750
0.727273
-0.015625
0.000000
3.000000
-0.062500
0.109375
0.857143
0.062500
1.666667
0.333333
-0.078125
0.500000
0.000000
0.031250
1.666667
-0.015625
-0.109375
0.500000
1.250000
2.333333
0.015625
-0.046875
-0.062500
0.046875
0.500000
5.000000
-0.015625
1.000000
1.000000
2.750000
0.000000
0.500000
-0.093750
1.500000
0.062500
1.142857
-0.062500
-0.218750
3.500000
0.015625
5.500000
0.600000
0.200000
0.400000
0.078125
-0.078125
0.000000
0.400000
0.357143
2.250000
-0.125000
0.140625
0.031250
-0.046875
0.818182
12.000000
4.500000
0.046875
0.000000
2.000000
1.000000
-0.000000
1.333333
0.015625
0.093750
0.062500
1.000000
0.125000
-0.109375
-0.140625
0.454545
0.125000
0.000000
1.500000
0.428571
9.000000
0.000000
-0.031250
0.125000
0.062500
0.046875
0.692308
0.000000
-0.062500
-0.000000
0.833333
-0.265625
0.571429
1.666667
1.250000
0.031250
0.500000
0.937500
1.800000
0.250000
0.109375
0.272727
1.400000
0.000000
-0.093750
0.078125
0.428571
0.031250
0.416667
0.666667
0.046875
1.000000
3.000000
0.000000
0.333333
1.093750
1.000000
0.140625
0.078125
0.285714
0.312500
1.333333
-0.000000
-0.015625
0.833333
-0.046875
0.666667
0.857143
-0.015625
0.500000
0.000000
1.000000
2.000000
0.666667
0.000000
0.500000
-0.187500
0.046875
0.375000
-0.125000
-0.031250
-0.015625
1.333333
0.078125
0.571429
0.166667
0.093750
-0.140625
0.046875
4.500000
3.500000
1.000000
0.937500
1.000000
0.078125
0.078125
-0.031250
-0.031250
0.000000
-0.109375
-0.078125
0.000000
0.181818
-0.156250
0.062500
5.000000
6.000000
-0.031250
-0.140625
3.333333
0.062500
0.750000
0.000000
-0.015625
0.857143
0.078125
0.781250
0.046875
0.000000
-0.109375
0.100000
0.200000
0.000000
0.750000
0.500000
-0.078125
-0.140625
0.875000
0.666667
1.000000
0.714286
-0.140625
3.250000
-0.031250
-0.031250
2.000000
-0.046875
0.031250
4.333333
-0.015625
1.250000
0.000000
0.000000
9.000000
0.500000
2.250000
4.000000
0.625000
0.250000
1.093750
0.015625
-0.156250
-0.156250
0.333333
-0.093750
-0.062500
1.333333
0.062500
0.545455
1.000000
0.062500
1.333333
0.000000
2.000000
-0.015625
0.187500
2.250000
0.500000
-0.000000
3.000000
0.333333
-0.062500
0.125000
0.781250
4.500000
0.333333
0.333333
1.000000
-0.062500
2.400000
0.015625
0.015625
0.140625
0.214286
-0.125000
0.222222
-0.000000
3.000000
0.015625
0.109375
0.400000
1.000000
0.125000
1.100000
0.109375
2.500000
0.000000
0.375000
2.000000
6.000000
0.666667
0.093750
1.000000
0.666667
-0.015625
0.000000
0.210526
0.666667
-0.031250
-0.031250
-0.015625
-0.031250
-0.015625
0.109375
0.046875
2.000000
-0.015625
-0.093750
0.363636
3.000000
0.000000
5.000000
0.000000
0.500000
0.166667
0.109375
-0.078125
2.000000
-0.062500
10.000000
-0.031250
0.062500
1.000000
0.400000
0.600000
-0.140625
-0.000000
-0.125000
13.000000
-0.015625
2.000000
6.000000
0.400000
1.000000
0.700000
0.171875
0.015625
0.015625
-0.015625
4.000000
2.000000
0.285714
0.666667
-0.078125
0.046875
0.583333
1.400000
-0.015625
1.000000
0.109375
-0.046875
1.250000
1.666667
-0.046875
-0.093750
1.000000
0.714286
0.046875
-0.078125
0.015625
-0.078125
0.666667
0.062500
0.727273
1.750000
0.093750
0.200000
0.078125
0.800000
0.000000
0.015625
-0.187500
-0.031250
1.666667
0.062500
0.600000
0.078125
0.203125
5.000000
0.078125
0.000000
0.125000
-0.156250
0.312500
1.666667
0.046875
-0.062500
-0.000000
0.000000
-0.109375
-0.093750
0.375000
1.333333
0.015625
2.666667
6.000000
0.000000
0.015625
-0.093750
0.468750
-0.015625
1.200000
0.125000
0.800000
-0.031250
1.500000
0.062500
0.031250
1.000000
1.000000
0.923077
0.600000
2.000000
-0.031250
0.156250
4.000000
0.500000
1.250000
-0.109375
0.466667
0.000000
-0.031250
0.333333
0.166667
-0.078125
0.046875
-0.203125
4.500000
3.500000
1.000000
-0.078125
0.500000
4.000000
0.781250
0.285714
0.500000
0.000000
5.000000
0.046875
0.000000
-0.187500
0.062500
-0.093750
0.583333
0.333333
0.171875
0.230769
0.000000
0.000000
-0.171875
-0.015625
-0.000000
0.093750
2.666667
0.140625
-0.093750
0.166667
1.200000
0.750000
6.000000
0.333333
0.111111
0.093750
0.333333
-0.062500
0.078125
-0.046875
2.000000
0.000000
0.000000
-0.046875
0.015625
6.000000
0.031250
-0.062500
0.000000
1.000000
2.250000
-0.046875
0.666667
1.000000
0.500000
0.140625
-0.078125
-0.062500
-0.046875
-0.062500
1.166667
0.285714
0.000000
1.285714
0.133333
1.166667
0.000000
0.109375
-0.093750
0.312500
-0.203125
0.015625
0.166667
0.500000
-0.078125
0.200000
10.000000
0.140625
9.000000
0.062500
-0.031250
0.015625
2.666667
1.500000
-0.000000
1.500000
-0.234375
0.250000
0.156250
-0.140625
-0.062500
0.500000
1.300000
0.125000
0.625000
-0.015625
0.031250
0.300000
-0.156250
0.250000
0.428571
1.166667
2.333333
0.000000
0.333333
-0.000000
0.100000
0.500000
0.625000
-0.109375
0.214286
0.000000
0.031250
1.285714
3.000000
-0.015625
0.000000
0.000000
0.000000
-0.078125
0.300000
0.750000
0.015625
1.666667
0.833333
4.500000
-0.125000
0.000000
0.046875
-0.078125
4.000000
0.171875
-0.062500
1.333333
0.046875
-0.046875
-0.062500
-0.125000
0.428571
0.140625
0.272727
0.171875
0.363636
-0.015625
0.078125
0.046875
0.046875
0.015625
-0.015625
0.187500
0.171875
-0.000000
3.000000
5.000000
0.140625
0.700000
-0.046875
0.500000
-0.000000
0.500000
0.046875
0.031250
0.500000
1.000000
1.000000
0.400000
0.533333
1.000000
0.156250
3.000000
0.222222
0.333333
3.000000
0.875000
-0.046875
0.015625
0.093750
0.031250
0.500000
0.125000
-0.000000
0.000000
1.777778
0.031250
0.000000
11.000000
0.000000
0.000000
0.500000
0.093750
-0.234375
0.166667
0.125000
4.000000
0.031250
0.140625
0.500000
1.333333
1.090909
-0.062500
0.781250
0.062500
-0.093750
0.062500
2.000000
0.093750
1.000000
-0.078125
-0.031250
-0.031250
-0.000000
0.900000
6.000000
0.000000
-0.015625
0.363636
0.750000
0.187500
1.000000
0.000000
0.031250
0.833333
1.500000
1.400000
0.078125
-0.031250
1.333333
0.062500
0.428571
1.333333
0.500000
-0.000000
1.714286
0.500000
0.078125
7.000000
0.031250
0.078125
0.250000
0.046875
8.000000
0.046875
0.111111
-0.062500
0.500000
4.000000
0.062500
0.727273
2.000000
0.444444
0.333333
0.555556
0.015625
-0.000000
0.750000
0.000000
0.230769
2.333333
0.555556
0.781250
-0.015625
0.156250
0.363636
0.312500
1.000000
0.111111
13.000000
2.000000
-0.000000
-0.218750
-0.140625
0.666667
0.156250
-0.062500
0.000000
-0.109375
-0.031250
-0.093750
5.500000
0.109375
0.031250
-0.015625
3.000000
0.083333
1.000000
0.363636
-0.093750
0.714286
0.203125
-0.000000
1.000000
-0.031250
1.000000
-0.015625
4.000000
-0.312500
1.562500
0.857143
-0.000000
0.093750
0.000000
0.062500
4.000000
1.000000
2.666667
0.156250
0.093750
6.000000
0.625000
0.250000
-0.078125
0.062500
0.100000
0.000000
2.500000
-0.015625
-0.015625
0.142857
5.000000
-0.093750
0.171875
0.555556
2.333333
0.062500
0.500000
5.000000
0.093750
3.666667
0.750000
-0.031250
0.769231
0.750000
-0.140625
0.285714
-0.046875
-0.078125
-0.000000
-0.000000
8.000000
10.000000
-0.000000
11.000000
0.000000
1.000000
0.046875
-0.109375
0.153846
0.046875
-0.046875
0.285714
0.200000
1.600000
0.078125
5.000000
0.046875
0.000000
0.234375
0.046875
0.015625
1.000000
-0.125000
0.046875
19.000000
0.600000
-0.171875
-0.046875
0.000000
0.078125
0.000000
8.000000
4.000000
0.046875
2.000000
0.500000
1.250000
1.500000
0.000000
1.250000
-0.015625
-0.078125
0.031250
0.625000
0.166667
0.062500
0.031250
0.000000
0.500000
0.714286
1.250000
-0.078125
0.272727
0.285714
-0.000000
0.031250
1.300000
0.078125
0.000000
2.000000
-0.156250
2.333333
0.200000
0.285714
2.333333
0.333333
-0.015625
0.203125
1.600000
0.750000
0.777778
0.046875
0.200000
-0.062500
0.555556
-0.046875
0.000000
0.000000
0.100000
1.333333
-0.093750
6.000000
0.916667
-0.015625
0.000000
3.500000
1.250000
1.666667
1.000000
0.062500
0.078125
0.109375
0.078125
0.500000
1.250000
0.833333
0.140625
0.000000
1.500000
1.600000
0.046875
4.000000
0.333333
-0.062500
10.000000
-0.031250
-0.109375
-0.031250
0.093750
-0.015625
-0.046875
-0.062500
0.000000
2.250000
2.500000
-0.000000
7.000000
3.000000
0.015625
1.500000
0.555556
1.333333
0.400000
0.200000
0.200000
4.000000
0.781250
0.062500
-0.046875
-0.078125
5.000000
1.000000
0.857143
0.015625
0.093750
0.250000
1.000000
0.078125
-0.046875
6.000000
0.000000
12.000000
0.078125
0.062500
0.428571
0.234375
-0.093750
-0.156250
0.166667
0.214286
-0.000000
-0.046875
0.714286
0.046875
0.000000
-0.031250
0.000000
-0.093750
-0.046875
5.000000
0.187500
2.166667
-0.031250
2.333333
0.062500
0.142857
0.333333
0.200000
7.000000
1.500000
0.000000
-0.125000
2.666667
0.156250
0.093750
1.333333
0.125000
1.571429
3.000000
1.000000
8.000000
2.000000
-0.078125
0.000000
0.000000
7.000000
0.125000
0.109375
-0.046875
0.000000
0.600000
0.187500
0.140625
0.333333
2.000000
-0.234375
0.125000
0.000000
4.000000
0.140625
0.156250
0.200000
-0.203125
2.000000
-0.046875
0.666667
1.000000
0.171875
-0.000000
0.156250
0.166667
-0.093750
0.333333
0.333333
0.015625
0.666667
0.937500
0.250000
-0.000000
1.000000
0.500000
0.571429
-0.109375
-0.031250
0.142857
2.000000
0.000000
0.666667
1.500000
0.125000
0.000000
-0.031250
0.545455
1.166667
0.031250
-0.031250
2.000000
-0.109375
0.333333
-0.015625
0.666667
0.046875
-0.046875
0.125000
0.015625
-0.078125
0.312500
0.031250
0.285714
2.750000
2.500000
2.000000
1.000000
0.000000
-0.046875
0.156250
-0.171875
1.666667
0.078125
0.285714
2.000000
0.000000
0.500000
1.166667
0.250000
0.600000
1.000000
0.000000
0.015625
1.600000
0.125000
0.062500
0.093750
0.125000
1.750000
0.046875
0.046875
0.000000
0.140625
-0.000000
1.666667
1.285714
7.000000
1.166667
1.142857
0.156250
0.062500
0.166667
-0.015625
0.078125
0.100000
-0.140625
0.200000
0.750000
0.093750
-0.046875
0.046875
2.333333
1.000000
-0.078125
-0.140625
0.000000
1.250000
0.046875
0.031250
6.000000
-0.125000
0.078125
2.000000
1.285714
1.000000
0.500000
1.500000
-0.062500
2.000000
2.000000
2.000000
0.800000
0.600000
1.166667
6.000000
0.666667
0.250000
2.500000
0.125000
0.031250
0.166667
0.714286
-0.000000
1.666667
2.500000
1.093750
0.500000
0.272727
-0.031250
0.031250
-0.015625
0.750000
0.600000
-0.093750
1.250000
0.312500
1.333333
0.093750
0.078125
0.125000
0.000000
0.400000
2.500000
0.090909
-0.078125
-0.093750
0.785714
0.142857
1.222222
-0.156250
-0.015625
3.000000
1.000000
0.428571
0.666667
1.000000
1.333333
1.666667
-0.140625
2.000000
0.203125
0.800000
2.250000
1.500000
-0.093750
0.031250
-0.109375
0.093750
0.666667
0.111111
-0.062500
0.000000
-0.015625
0.015625
0.187500
0.000000
1.200000
-0.000000
0.312500
0.444444
0.109375
1.000000
10.000000
0.888889
0.156250
0.078125
-0.046875
1.000000
-0.015625
-0.015625
1.166667
0.166667
-0.187500
0.375000
1.666667
-0.000000
0.066667
-0.015625
-0.078125
0.062500
4.000000
0.000000
0.046875
0.083333
2.000000
0.156250
-0.062500
0.600000
0.062500
1.093750
0.166667
-0.078125
0.125000
0.363636
0.031250
14.000000
0.333333
1.200000
4.000000
7.000000
1.000000
1.600000
0.046875
0.833333
-0.031250
1.000000
-0.046875
0.600000
0.140625
0.857143
0.600000
0.031250
3.000000
0.156250
0.140625
0.015625
0.333333
0.090909
0.615385
0.062500
-0.000000
0.857143
1.166667
0.046875
0.156250
0.203125
0.062500
1.500000
-0.093750
0.078125
1.666667
1.250000
0.093750
0.937500
1.200000
3.500000
1.500000
0.125000
0.093750
0.062500
3.000000
-0.015625
0.625000
0.265625
-0.015625
0.500000
0.015625
1.000000
0.046875
5.000000
-0.218750
0.285714
0.600000
5.000000
1.333333
-0.015625
0.142857
0.000000
0.140625
-0.125000
-0.078125
0.500000
-0.062500
1.333333
0.140625
-0.015625
0.046875
0.015625
1.166667
0.937500
0.125000
15.000000
-0.031250
-0.156250
0.625000
0.000000
0.250000
0.125000
0.538462
0.714286
4.500000
0.015625
0.000000
10.000000
2.000000
-0.015625
1.333333
6.000000
0.384615
0.156250
-0.046875
1.666667
-0.046875
1.000000
0.600000
1.166667
1.333333
0.400000
0.015625
1.111111
2.000000
-0.125000
0.200000
1.500000
0.109375
-0.046875
0.000000
0.714286
3.000000
0.000000
0.181818
0.058824
0.000000
0.031250
-0.015625
0.109375
0.031250
-0.046875
1.500000
0.015625
0.250000
0.015625
0.093750
2.000000
-0.125000
0.200000
0.166667
0.015625
1.800000
0.000000
1.500000
0.428571
1.400000
0.093750
-0.046875
1.093750
1.000000
0.250000
0.140625
0.181818
1.093750
10.000000
2.000000
-0.000000
0.000000
-0.031250
1.142857
0.000000
1.111111
7.000000
0.031250
2.000000
0.093750
-0.046875
0.666667
0.000000
0.272727
0.750000
2.333333
0.200000
-0.031250
5.000000
-0.000000
0.062500
0.031250
1.500000
-0.031250
1.333333
-0.062500
0.125000
-0.125000
0.062500
-0.031250
0.333333
0.083333
-0.031250
0.714286
2.333333
1.000000
0.555556
-0.109375
0.272727
1.000000
-0.015625
-0.031250
0.363636
-0.015625
0.125000
0.062500
-0.171875
0.171875
0.109375
0.000000
4.500000
2.000000
0.046875
0.078125
2.000000
0.000000
-0.093750
0.428571
-0.031250
0.000000
0.000000
0.285714
0.666667
-0.093750
-0.125000
-0.109375
-0.093750
0.000000
0.142857
0.062500
0.000000
0.166667
2.000000
0.000000
0.200000
-0.031250
0.078125
2.000000
2.285714
4.000000
0.125000
0.078125
1.000000
-0.015625
0.625000
0.062500
-0.062500
0.937500
2.333333
-0.046875
0.500000
3.500000
-0.015625
0.200000
-0.031250
0.078125
0.140625
-0.062500
0.015625
-0.015625
-0.062500
0.000000
0.000000
0.285714
2.000000
0.015625
0.000000
0.000000
0.000000
0.000000
0.636364
0.000000
1.000000
0.285714
0.444444
2.000000
1.571429
-0.125000
5.000000
0.031250
0.333333
-0.015625
0.062500
0.468750
-0.046875
-0.062500
1.000000
0.000000
0.000000
0.187500
0.600000
-0.031250
-0.093750
0.428571
0.093750
0.156250
0.031250
0.187500
0.015625
0.000000
0.015625
0.093750
-0.031250
-0.109375
0.062500
-0.171875
-0.046875
0.203125
0.031250
0.000000
-0.140625
-0.078125
1.000000
-0.015625
1.142857
-0.015625
0.000000
-0.156250
7.000000
-0.015625
1.200000
0.714286
0.062500
0.171875
0.333333
0.015625
5.000000
0.046875
2.000000
0.062500
0.166667
1.500000
-0.187500
0.166667
-0.062500
0.312500
0.300000
-0.156250
15.000000
4.666667
-0.140625
1.166667
1.000000
0.000000
0.166667
2.250000
0.187500
0.000000
0.600000
2.000000
1.400000
1.500000
-0.125000
2.500000
0.600000
11.000000
0.307692
-0.171875
1.166667
-0.140625
0.470588
0.125000
0.714286
-0.000000
0.538462
0.700000
-0.156250
0.166667
1.500000
0.000000
0.093750
0.015625
-0.031250
1.500000
0.200000
-0.000000
0.625000
1.250000
1.666667
0.600000
0.400000
3.000000
0.093750
-0.015625
-0.031250
0.285714
0.312500
-0.140625
0.166667
3.000000
0.357143
0.140625
6.000000
0.000000
0.500000
0.166667
0.200000
-0.015625
0.015625
0.625000
-0.015625
2.500000
0.156250
-0.015625
3.750000
0.031250
0.015625
-0.015625
0.031250
13.000000
1.093750
0.000000
1.000000
0.333333
0.333333
0.333333
0.031250
0.312500
1.750000
0.062500
1.500000
0.781250
0.500000
-0.093750
1.000000
0.100000
0.000000
6.000000
0.031250
2.400000
-0.125000
1.666667
0.666667
3.666667
0.333333
2.000000
-0.031250
0.600000
-0.031250
-0.000000
0.083333
1.142857
-0.062500
0.200000
0.272727
1.000000
1.333333
1.600000
0.078125
10.000000
0.000000
0.142857
0.142857
0.250000
0.000000
1.428571
0.333333
1.250000
-0.015625
2.000000
-0.000000
0.062500
0.500000
0.000000
2.000000
0.312500
0.046875
0.312500
0.015625
0.015625
0.444444
2.000000
-0.031250
3.000000
0.468750
-0.062500
0.109375
0.833333
0.093750
0.078125
-0.046875
2.500000
0.363636
0.333333
0.000000
-0.046875
0.000000
-0.093750
1.750000
0.000000
-0.078125
4.000000
-0.093750
0.062500
1.666667
0.250000
1.666667
1.500000
1.000000
0.500000
0.666667
-0.062500
0.156250
2.000000
-0.250000
1.375000
-0.015625
0.078125
0.500000
-0.093750
0.235294
0.000000
-0.125000
0.046875
-0.046875
-0.015625
-0.078125
0.000000
0.015625
0.214286
1.666667
2.000000
0.500000
0.109375
0.046875
0.156250
2.500000
-0.031250
0.000000
1.111111
-0.078125
9.000000
0.000000
0.000000
0.187500
1.727273
2.000000
0.015625
0.600000
1.000000
0.109375
0.250000
0.140625
-0.015625
0.468750
-0.046875
0.666667
0.000000
2.000000
-0.125000
-0.078125
0.031250
0.046875
0.078125
0.750000
0.285714
0.750000
0.031250
4.000000
-0.000000
0.000000
-0.031250
0.109375
6.000000
0.454545
0.062500
0.333333
1.200000
0.444444
4.000000
0.250000
0.500000
0.571429
-0.062500
0.062500
0.093750
1.000000
-0.031250
0.625000
0.000000
0.109375
2.000000
0.093750
0.875000
-0.062500
0.000000
0.142857
0.555556
1.000000
-0.109375
2.000000
4.500000
0.555556
-0.109375
-0.203125
1.000000
0.109375
3.000000
3.500000
-0.000000
0.000000
0.285714
0.000000
0.031250
6.000000
-0.062500
-0.078125
-0.000000
0.000000
0.500000
1.400000
-0.109375
0.000000
0.125000
-0.015625
0.666667
0.000000
0.272727
0.078125
4.000000
1.562500
-0.015625
0.109375
0.062500
1.000000
1.400000
1.125000
0.125000
0.750000
0.500000
0.015625
3.000000
0.078125
0.109375
0.031250
1.166667
0.500000
1.000000
0.200000
0.307692
1.666667
0.046875
-0.031250
2.000000
2.000000
-0.093750
-0.093750
-0.125000
2.500000
-0.156250
0.166667
4.000000
8.500000
0.062500
0.312500
17.000000
0.000000
0.015625
-0.015625
0.266667
-0.125000
0.400000
0.031250
-0.015625
3.000000
0.015625
-0.109375
0.857143
-0.109375
2.500000
0.015625
0.125000
0.600000
0.000000
-0.046875
-0.125000
1.000000
1.666667
0.571429
-0.062500
3.000000
0.857143
0.250000
1.562500
3.000000
1.250000
0.000000
0.500000
-0.031250
0.062500
-0.031250
-0.171875
-0.062500
0.777778
3.000000
0.166667
-0.093750
2.000000
-0.046875
5.000000
0.666667
1.000000
0.000000
0.093750
-0.046875
-0.062500
2.000000
1.666667
-0.078125
1.625000
0.400000
0.125000
1.000000
0.171875
1.000000
-0.140625
-0.031250
-0.218750
0.171875
0.600000
0.333333
4.000000
-0.109375
0.214286
3.000000
-0.015625
0.078125
0.200000
3.000000
0.571429
6.000000
-0.046875
1.500000
0.062500
1.500000
0.015625
0.000000
0.046875
0.333333
1.333333
0.500000
2.333333
0.500000
0.031250
0.444444
-0.031250
1.000000
-0.015625
0.500000
-0.187500
0.166667
0.500000
4.000000
-0.078125
0.250000
4.000000
-0.140625
2.000000
0.000000
0.500000
1.000000
-0.046875
1.428571
-0.015625
-0.031250
-0.031250
0.600000
-0.140625
0.000000
0.000000
-0.000000
11.000000
0.031250
-0.031250
-0.015625
0.250000
0.015625
0.109375
0.238095
-0.109375
0.781250
0.937500
10.000000
0.750000
0.000000
3.000000
2.000000
1.500000
0.046875
0.062500
1.375000
0.468750
5.000000
-0.000000
0.000000
1.250000
0.140625
-0.078125
-0.078125
8.000000
2.000000
0.000000
0.125000
0.400000
-0.171875
1.666667
0.125000
0.000000
1.250000
0.800000
0.333333
0.125000
0.000000
0.461538
0.078125
-0.062500
1.000000
2.666667
-0.156250
0.416667
2.000000
0.400000
-0.109375
0.062500
0.015625
2.000000
1.250000
0.444444
-0.171875
1.857143
0.015625
0.031250
-0.046875
1.250000
6.000000
1.500000
0.222222
-0.031250
0.156250
1.500000
0.312500
0.428571
0.046875
0.156250
1.285714
0.140625
0.140625
0.833333
2.000000
1.555556
3.500000
0.875000
1.000000
0.500000
1.000000
0.000000
0.166667
3.000000
1.666667
0.125000
-0.015625
0.000000
2.000000
2.000000
4.000000
0.031250
0.031250
-0.125000
0.093750
-0.125000
-0.031250
1.000000
1.093750
0.800000
-0.046875
-0.000000
0.046875
0.781250
1.000000
1.125000
1.833333
0.500000
0.222222
0.000000
-0.062500
0.111111
0.666667
-0.000000
0.500000
-0.015625
0.333333
0.400000
-0.046875
0.031250
11.000000
0.000000
0.000000
0.109375
0.046875
0.400000
0.444444
1.500000
0.062500
0.078125
0.375000
0.111111
0.000000
3.333333
-0.359375
1.000000
0.031250
-0.093750
0.428571
-0.125000
0.109375
8.000000
0.125000
-0.000000
0.285714
0.078125
0.000000
4.000000
0.156250
-0.031250
0.125000
-0.062500
-0.031250
-0.000000
0.625000
0.300000
-0.031250
2.000000
-0.031250
1.000000
-0.109375
0.142857
0.333333
1.000000
-0.015625
0.666667
0.125000
1.500000
-0.187500
1.428571
0.333333
-0.046875
-0.109375
2.000000
-0.140625
1.500000
0.062500
0.000000
1.222222
0.714286
0.500000
0.031250
0.400000
-0.140625
0.000000
0.171875
-0.031250
1.200000
1.000000
2.031250
1.666667
-0.015625
0.166667
0.015625
1.562500
0.015625
0.078125
-0.000000
-0.046875
0.156250
0.090909
0.500000
3.000000
0.900000
-0.031250
0.000000
3.500000
0.333333
1.406250
-0.015625
0.468750
-0.000000
-0.171875
1.375000
0.666667
0.125000
-0.109375
-0.015625
-0.187500
-0.109375
-0.109375
-0.093750
0.015625
1.000000
0.015625
0.600000
3.000000
0.031250
-0.031250
0.078125
2.000000
0.015625
0.312500
-0.203125
-0.015625
9.000000
0.062500
1.166667
2.250000
1.400000
0.076923
4.000000
-0.171875
1.000000
2.500000
-0.046875
0.078125
0.468750
0.000000
5.000000
0.078125
-0.078125
-0.140625
0.937500
0.272727
0.750000
1.750000
-0.140625
0.109375
5.500000
0.000000
0.500000
0.363636
0.000000
0.062500
3.500000
0.156250
-0.062500
0.166667
-0.046875
2.000000
1.562500
1.000000
0.078125
0.333333
0.666667
1.400000
-0.140625
0.093750
1.714286
-0.046875
7.000000
1.666667
0.046875
0.833333
-0.000000
0.125000
4.500000
0.700000
0.078125
-0.109375
4.333333
2.000000
0.500000
0.222222
0.000000
0.428571
0.200000
-0.015625
-0.031250
0.046875
1.000000
1.000000
3.500000
4.000000
0.000000
0.000000
-0.062500
-0.031250
0.000000
0.109375
0.500000
0.200000
0.600000
-0.109375
0.125000
0.250000
-0.125000
1.857143
0.857143
-0.078125
0.171875
0.015625
0.666667
-0.171875
0.031250
-0.140625
0.600000
-0.265625
0.125000
1.333333
1.500000
0.015625
0.156250
1.000000
0.140625
-0.078125
0.031250
0.375000
0.600000
0.000000
1.166667
0.093750
0.666667
0.046875
-0.015625
2.500000
0.666667
-0.000000
0.046875
0.062500
1.875000
-0.187500
-0.093750
-0.109375
-0.046875
0.250000
0.125000
0.187500
0.046875
0.100000
8.500000
0.781250
0.076923
-0.015625
0.031250
0.109375
0.000000
0.093750
0.285714
0.400000
0.300000
1.625000
0.555556
1.666667
2.500000
3.500000
0.600000
0.111111
-0.171875
0.900000
0.078125
0.031250
-0.031250
-0.171875
-0.125000
0.015625
0.230769
0.428571
7.000000
0.000000
0.078125
-0.093750
1.562500
0.078125
3.666667
5.000000
-0.000000
2.000000
0.093750
0.428571
-0.046875
1.333333
1.400000
-0.125000
0.000000
0.000000
0.156250
0.625000
1.333333
0.500000
-0.140625
2.500000
0.666667
0.109375
0.500000
1.250000
-0.062500
8.000000
-0.093750
0.250000
0.000000
0.046875
1.250000
1.500000
7.000000
0.140625
0.125000
-0.000000
-0.140625
5.500000
1.093750
0.909091
0.031250
0.400000
0.468750
1.000000
0.666667
0.250000
0.031250
0.555556
-0.109375
2.000000
-0.031250
0.200000
0.171875
0.500000
0.140625
0.666667
0.062500
-0.093750
1.000000
-0.031250
-0.062500
1.718750
0.031250
-0.046875
0.031250
0.250000
0.000000
0.156250
-0.125000
-0.109375
7.000000
0.046875
2.666667
0.777778
0.062500
1.333333
0.461538
2.500000
6.000000
0.300000
2.000000
-0.078125
-0.203125
0.444444
0.375000
1.000000
0.166667
0.571429
1.571429
7.000000
0.015625
12.000000
0.000000
0.156250
0.250000
0.156250
-0.031250
0.200000
-0.000000
-0.093750
6.500000
0.125000
-0.046875
0.111111
0.078125
0.000000
0.046875
0.454545
0.078125
0.218750
0.916667
1.166667
1.000000
5.000000
0.833333
-0.000000
0.015625
0.015625
0.666667
0.031250
0.078125
0.046875
0.109375
1.000000
0.046875
-0.093750
0.400000
5.000000
0.333333
-0.000000
0.500000
0.109375
0.031250
0.285714
-0.062500
0.200000
2.000000
1.666667
1.500000
-0.031250
0.000000
-0.062500
1.100000
0.666667
-0.078125
-0.078125
6.000000
2.000000
0.090909
0.046875
-0.062500
0.666667
0.111111
0.078125
0.153846
1.000000
0.000000
0.156250
0.046875
0.031250
0.857143
4.666667
8.000000
-0.015625
0.031250
0.125000
0.050000
5.000000
0.818182
0.750000
0.015625
0.500000
1.714286
7.000000
0.015625
0.031250
0.000000
0.625000
-0.093750
-0.031250
3.000000
0.140625
0.800000
0.000000
1.200000
-0.125000
-0.015625
0.500000
0.833333
-0.046875
0.078125
0.714286
-0.187500
0.156250
0.015625
-0.000000
0.015625
0.176471
-0.031250
0.125000
0.031250
11.000000
0.750000
0.140625
2.000000
0.000000
2.000000
0.750000
0.125000
0.046875
0.187500
1.285714
7.000000
0.062500
0.000000
0.015625
-0.015625
0.666667
1.100000
1.222222
0.857143
-0.031250
1.000000
0.833333
1.250000
0.600000
0.000000
0.200000
0.109375
2.000000
0.000000
0.062500
0.500000
-0.093750
-0.156250
0.666667
0.071429
-0.062500
0.625000
0.078125
0.156250
-0.062500
-0.109375
0.000000
-0.046875
0.000000
3.666667
0.200000
0.234375
0.078125
1.333333
-0.125000
1.000000
-0.140625
0.714286
0.078125
3.666667
0.015625
0.666667
1.000000
0.015625
0.250000
0.166667
2.000000
2.200000
-0.000000
0.625000
1.800000
1.875000
0.000000
1.714286
-0.046875
0.000000
1.666667
0.171875
0.046875
5.000000
0.800000
0.666667
6.500000
2.000000
-0.109375
-0.093750
-0.031250
0.166667
-0.093750
0.046875
4.000000
0.046875
1.500000
1.000000
1.333333
-0.062500
0.140625
0.333333
0.000000
0.031250
0.153846
0.400000
1.375000
0.140625
0.046875
1.250000
0.046875
0.600000
0.400000
-0.031250
-0.015625
3.000000
0.109375
0.750000
0.000000
0.375000
0.500000
0.250000
2.000000
0.125000
0.000000
-0.062500
-0.015625
-0.046875
0.015625
0.000000
0.156250
-0.093750
6.000000
0.156250
0.375000
0.222222
3.500000
0.571429
0.109375
0.015625
7.000000
-0.093750
2.000000
0.600000
0.058824
0.200000
0.031250
2.666667
0.062500
0.833333
0.800000
0.454545
1.000000
-0.125000
0.000000
0.031250
5.000000
-0.156250
0.285714
0.093750
0.500000
2.000000
-0.062500
-0.156250
0.400000
-0.031250
0.000000
0.272727
1.000000
0.015625
3.000000
-0.046875
0.062500
1.000000
0.133333
0.015625
-0.015625
-0.062500
1.000000
-0.234375
0.781250
0.000000
0.781250
-0.078125
0.078125
0.046875
0.833333
0.625000
0.000000
5.000000
-0.078125
0.300000
1.666667
-0.046875
-0.046875
-0.109375
0.062500
0.093750
0.156250
-0.156250
0.125000
-0.109375
0.078125
0.000000
0.900000
0.250000
1.500000
-0.015625
0.062500
0.031250
1.000000
1.333333
0.031250
0.000000
1.333333
1.500000
1.333333
0.000000
0.100000
0.140625
0.142857
-0.187500
0.000000
1.000000
0.555556
0.428571
0.333333
1.000000
0.333333
0.888889
0.015625
0.015625
2.750000
-0.125000
1.500000
0.015625
4.000000
0.500000
-0.062500
0.046875
1.200000
-0.156250
0.000000
-0.062500
0.468750
0.046875
0.500000
3.333333
0.156250
-0.062500
1.750000
0.015625
0.250000
0.600000
6.000000
0.187500
0.285714
-0.046875
-0.046875
0.272727
0.000000
0.444444
0.142857
0.000000
-0.109375
-0.046875
-0.015625
-0.109375
0.109375
5.000000
0.777778
-0.015625
1.000000
5.000000
1.250000
1.333333
-0.031250
0.156250
0.076923
0.818182
0.000000
-0.093750
0.062500
0.333333
2.500000
1.250000
0.642857
-0.000000
6.000000
0.625000
3.250000
2.000000
0.500000
2.000000
0.000000
1.000000
1.750000
2.000000
7.000000
0.000000
1.800000
0.140625
0.937500
0.046875
0.156250
1.500000
0.000000
-0.031250
0.093750
0.000000
1.200000
-0.046875
-0.000000
1.666667
1.666667
2.000000
7.000000
1.714286
-0.093750
-0.062500
-0.203125
0.203125
0.125000
-0.015625
0.000000
-0.046875
1.833333
0.015625
-0.046875
1.200000
1.333333
0.046875
0.062500
6.000000
0.666667
0.093750
0.666667
-0.031250
0.046875
-0.125000
1.400000
0.500000
2.000000
0.031250
0.500000
-0.015625
0.400000
-0.046875
0.062500
0.140625
0.600000
2.000000
0.015625
0.031250
0.109375
-0.046875
-0.109375
-0.031250
0.078125
-0.125000
0.230769
4.000000
0.800000
-0.203125
0.416667
-0.031250
-0.062500
0.222222
-0.031250
0.363636
-0.093750
2.000000
1.800000
-0.062500
1.562500
-0.015625
2.500000
0.000000
0.000000
0.333333
-0.031250
-0.171875
1.000000
0.000000
-0.015625
2.000000
0.140625
1.444444
0.000000
-0.015625
0.031250
4.000000
0.000000
1.750000
0.046875
0.750000
0.015625
-0.062500
0.015625
0.600000
0.062500
5.000000
-0.000000
-0.171875
0.015625
0.078125
-0.093750
-0.015625
1.000000
0.078125
0.666667
-0.031250
-0.109375
0.015625
1.500000
-0.031250
0.078125
0.400000
0.181818
0.625000
-0.015625
0.400000
1.666667
0.125000
1.750000
11.000000
-0.031250
0.000000
1.000000
-0.015625
0.265625
0.937500
-0.109375
-0.031250
4.000000
4.000000
5.000000
4.333333
0.333333
0.625000
1.333333
0.000000
7.000000
0.400000
0.015625
-0.281250
3.000000
2.000000
1.200000
1.000000
0.000000
-0.000000
-0.062500
-0.031250
0.125000
-0.109375
0.062500
0.250000
1.666667
-0.078125
0.666667
0.562500
-0.140625
1.000000
0.781250
0.078125
0.166667
0.031250
0.109375
5.500000
-0.000000
-0.062500
1.000000
-0.031250
0.500000
1.333333
0.000000
-0.046875
-0.062500
-0.078125
-0.109375
0.078125
-0.062500
-0.078125
0.636364
0.000000
1.333333
0.285714
-0.281250
0.031250
0.031250
0.171875
-0.093750
0.015625
0.000000
0.500000
0.171875
0.046875
-0.062500
0.000000
-0.078125
1.000000
2.000000
1.000000
0.171875
-0.046875
0.078125
0.031250
-0.046875
-0.046875
0.266667
1.666667
-0.093750
0.000000
-0.046875
-0.156250
0.100000
6.000000
0.000000
0.140625
0.062500
-0.062500
0.285714
-0.046875
1.000000
-0.031250
1.000000
0.583333
1.000000
0.093750
-0.015625
-0.015625
1.857143
1.250000
0.046875
-0.031250
0.015625
3.000000
-0.078125
-0.000000
0.125000
-0.156250
0.833333
0.078125
0.000000
0.062500
0.400000
-0.046875
-0.031250
5.500000
0.333333
2.000000
-0.046875
1.833333
0.015625
1.000000
0.015625
0.109375
-0.015625
0.400000
0.109375
1.166667
-0.093750
1.000000
0.285714
-0.031250
-0.015625
2.000000
0.500000
0.714286
0.046875
4.500000
-0.046875
-0.000000
0.666667
0.203125
0.000000
0.031250
-0.109375
-0.000000
1.666667
0.000000
0.078125
0.166667
0.046875
0.109375
0.500000
1.333333
-0.015625
1.000000
0.214286
1.093750
-0.078125
-0.031250
-0.203125
-0.140625
0.625000
0.218750
4.500000
0.333333
1.250000
1.200000
2.000000
1.500000
-0.156250
0.000000
3.000000
0.333333
0.800000
2.500000
0.400000
1.000000
-0.140625
0.062500
4.000000
-0.000000
2.000000
2.000000
2.400000
0.015625
0.093750
0.109375
0.000000
0.000000
1.285714
0.015625
2.000000
1.000000
0.400000
1.500000
0.444444
-0.125000
0.000000
-0.015625
0.363636
0.000000
0.200000
-0.015625
0.156250
0.312500
0.015625
-0.000000
0.285714
1.000000
0.000000
0.031250
2.000000
0.000000
0.333333
1.250000
-0.109375
0.000000
0.000000
1.142857
-0.000000
0.140625
2.000000
0.875000
0.400000
-0.093750
0.046875
0.078125
1.500000
4.000000
0.046875
0.200000
0.000000
0.140625
0.750000
-0.093750
3.333333
0.800000
-0.000000
0.400000
-0.031250
0.062500
0.093750
8.000000
1.000000
6.000000
-0.062500
-0.140625
1.000000
0.046875
1.200000
0.171875
0.140625
1.800000
2.000000
1.750000
0.156250
-0.078125
0.031250
-0.046875
0.857143
4.500000
2.000000
1.000000
0.333333
2.000000
0.062500
0.031250
-0.031250
-0.000000
0.333333
0.125000
0.583333
-0.000000
0.015625
0.015625
0.727273
-0.000000
-0.031250
0.015625
0.312500
-0.015625
0.750000
0.031250
-0.000000
1.333333
0.078125
-0.015625
-0.125000
0.187500
3.666667
-0.000000
0.062500
0.714286
0.109375
1.000000
0.015625
-0.093750
-0.078125
-0.062500
-0.187500
2.000000
0.750000
1.000000
-0.093750
0.109375
0.625000
1.200000
0.015625
1.166667
0.093750
-0.109375
0.093750
0.015625
0.000000
0.062500
2.666667
0.078125
0.000000
0.111111
2.333333
-0.046875
0.031250
0.333333
1.000000
0.250000
-0.000000
-0.031250
1.333333
-0.046875
0.312500
1.500000
0.500000
0.078125
0.078125
-0.062500
-0.031250
0.750000
1.833333
2.200000
-0.078125
-0.078125
0.571429
-0.109375
7.000000
0.333333
-0.234375
0.015625
0.000000
-0.109375
2.000000
-0.015625
1.600000
0.923077
2.000000
0.046875
0.400000
-0.031250
-0.078125
0.375000
-0.203125
2.500000
0.500000
0.000000
0.200000
-0.031250
0.015625
0.046875
0.171875
0.000000
1.333333
1.500000
5.000000
0.000000
0.500000
-0.062500
-0.046875
0.000000
-0.109375
0.078125
-0.078125
0.250000
0.333333
0.109375
-0.187500
0.109375
-0.125000
0.444444
-0.062500
0.234375
0.031250
0.500000
1.000000
0.666667
-0.078125
0.031250
-0.062500
-0.000000
1.600000
-0.140625
0.015625
0.062500
0.625000
0.666667
0.214286
0.046875
7.000000
0.031250
0.000000
2.000000
-0.062500
2.000000
0.400000
0.015625
0.000000
0.750000
0.375000
0.031250
-0.062500
0.600000
0.031250
0.093750
-0.093750
-0.031250
1.000000
2.000000
0.250000
2.333333
2.666667
-0.062500
-0.171875
12.000000
2.250000
0.937500
0.333333
4.333333
0.750000
0.333333
2.000000
0.200000
0.078125
2.000000
0.062500
0.000000
0.428571
-0.015625
-0.062500
0.800000
0.000000
0.140625
1.000000
0.046875
1.500000
0.468750
1.500000
-0.109375
0.156250
11.000000
0.000000
0.200000
8.000000
0.296875
1.000000
0.031250
-0.031250
0.000000
0.500000
0.900000
0.250000
0.777778
0.000000
0.750000
0.666667
0.015625
0.600000
0.062500
-0.000000
3.000000
1.000000
0.500000
1.562500
0.666667
-0.015625
-0.046875
1.000000
0.750000
5.666667
0.140625
1.125000
0.625000
0.078125
0.031250
0.062500
-0.046875
0.500000
0.093750
3.500000
0.250000
-0.000000
1.600000
0.800000
0.400000
-0.031250
2.500000
-0.062500
0.031250
0.109375
-0.031250
0.833333
0.875000
-0.031250
5.000000
0.046875
4.000000
-0.015625
1.000000
0.156250
4.000000
0.833333
0.078125
-0.015625
1.000000
-0.000000
-0.015625
0.500000
0.166667
0.140625
2.666667
8.000000
4.000000
-0.031250
0.000000
0.468750
0.333333
0.031250
0.046875
2.200000
11.000000
-0.046875
0.109375
-0.000000
0.046875
0.666667
1.750000
-0.046875
-0.156250
-0.093750
0.062500
0.166667
2.333333
-0.046875
1.000000
-0.078125
0.000000
-0.078125
0.234375
2.000000
1.800000
1.000000
0.000000
0.125000
0.015625
0.015625
6.000000
0.062500
0.000000
0.333333
-0.062500
-0.140625
-0.125000
-0.046875
0.714286
0.000000
0.187500
0.109375
-0.031250
-0.109375
1.090909
0.714286
-0.031250
0.125000
-0.046875
0.666667
1.000000
0.062500
-0.015625
0.062500
-0.078125
0.500000
0.000000
0.000000
0.078125
0.153846
5.000000
0.078125
1.666667
-0.000000
0.031250
0.500000
-0.078125
-0.062500
0.444444
-0.046875
5.000000
8.000000
5.500000
1.750000
-0.125000
2.666667
0.600000
0.285714
1.250000
1.000000
-0.062500
1.000000
-0.125000
-0.093750
-0.125000
5.000000
-0.000000
-0.140625
0.636364
0.062500
3.500000
-0.046875
1.666667
0.000000
-0.000000
0.046875
-0.046875
2.000000
-0.031250
0.363636
4.000000
0.000000
0.093750
0.000000
0.357143
0.375000
0.000000
-0.078125
-0.015625
0.125000
0.777778
-0.171875
0.015625
1.200000
1.750000
0.031250
-0.109375
-0.015625
-0.078125
5.000000
0.031250
-0.015625
0.285714
0.500000
0.090909
-0.062500
-0.062500
0.000000
0.031250
1.000000
0.230769
0.375000
0.000000
2.000000
0.500000
0.428571
1.200000
0.093750
-0.062500
-0.156250
0.062500
0.031250
0.031250
0.093750
-0.015625
-0.000000
-0.062500
3.000000
0.000000
1.000000
0.000000
1.125000
0.750000
1.400000
0.333333
-0.046875
1.000000
0.031250
-0.015625
0.062500
0.062500
0.083333
0.312500
0.203125
2.000000
0.078125
0.000000
2.000000
0.015625
1.333333
0.250000
0.000000
0.000000
0.281250
-0.031250
-0.031250
2.500000
-0.078125
0.093750
0.333333
0.285714
-0.125000
0.015625
-0.093750
1.666667
1.000000
0.062500
