6.000000
-0.046875
1.000000
2.714286
0.714286
2.666667
0.285714
1.285714
3.000000
2.333333
0.500000
2.500000
0.140625
0.800000
1.666667
0.500000
1.000000
6.000000
2.333333
3.000000
6.500000
0.800000
2.000000
1.500000
1.500000
2.750000
3.000000
0.062500
0.140625
0.500000
4.000000
0.666667
3.666667
9.000000
1.333333
0.093750
0.093750
6.000000
1.000000
3.800000
2.250000
0.500000
1.375000
0.000000
0.109375
1.093750
1.500000
2.000000
0.500000
1.406250
2.333333
0.666667
1.333333
2.750000
1.250000
2.000000
2.500000
8.000000
3.000000
0.500000
6.666667
6.500000
0.140625
0.777778
0.666667
4.000000
1.000000
4.000000
0.888889
5.000000
1.666667
1.200000
3.000000
0.333333
4.000000
8.000000
0.078125
2.666667
0.650000
1.600000
2.000000
1.500000
1.428571
1.625000
2.333333
1.500000
0.750000
1.500000
1.000000
4.000000
9.000000
1.200000
1.200000
3.000000
2.750000
3.000000
1.000000
9.000000
1.000000
6.000000
1.250000
0.900000
4.000000
2.000000
1.093750
0.250000
0.625000
0.078125
0.800000
0.062500
0.444444
3.000000
1.000000
0.000000
0.015625
0.428571
4.000000
6.000000
2.000000
0.468750
1.406250
3.333333
2.333333
2.000000
2.000000
1.250000
1.666667
1.166667
0.156250
-0.000000
1.093750
4.000000
1.666667
2.000000
6.000000
0.500000
1.562500
2.500000
1.500000
6.000000
1.000000
0.333333
0.875000
0.428571
1.875000
2.000000
4.000000
4.000000
7.000000
5.000000
0.333333
8.000000
9.000000
0.046875
1.500000
2.250000
0.555556
1.000000
2.500000
2.000000
0.046875
0.156250
1.666667
1.500000
5.000000
0.428571
2.666667
2.500000
0.416667
3.000000
5.000000
1.333333
1.000000
0.500000
0.285714
0.400000
1.000000
2.500000
4.000000
0.428571
1.000000
0.333333
0.666667
3.000000
0.125000
1.750000
6.000000
0.093750
1.500000
0.062500
2.000000
0.500000
1.000000
0.571429
1.600000
2.000000
9.000000
0.156250
3.750000
1.093750
2.000000
3.666667
5.000000
2.000000
1.500000
3.000000
2.000000
0.093750
1.500000
1.333333
4.000000
9.000000
0.416667
4.000000
0.140625
3.000000
0.222222
1.000000
2.000000
1.500000
0.625000
6.000000
0.857143
2.600000
2.000000
0.500000
4.000000
1.000000
2.333333
3.333333
5.000000
3.000000
0.500000
2.000000
7.500000
0.750000
0.500000
2.500000
4.000000
1.000000
4.666667
1.750000
1.666667
5.000000
0.500000
3.000000
3.000000
0.000000
7.000000
0.600000
5.000000
0.400000
3.000000
3.000000
2.000000
1.666667
1.000000
0.062500
10.000000
1.250000
1.000000
0.555556
0.727273
-0.000000
7.000000
5.000000
1.666667
0.031250
2.500000
2.000000
0.156250
2.500000
0.333333
0.166667
1.500000
1.600000
0.250000
5.000000
1.000000
3.000000
12.000000
0.333333
0.750000
4.333333
0.200000
0.714286
1.200000
7.000000
1.444444
2.000000
6.000000
3.000000
2.666667
4.000000
1.250000
4.000000
3.000000
0.031250
1.000000
0.125000
0.666667
4.000000
0.666667
3.500000
0.583333
0.833333
1.000000
1.500000
0.833333
1.428571
5.000000
2.333333
1.000000
6.000000
2.000000
0.000000
1.400000
0.800000
1.000000
2.000000
1.555556
0.357143
-0.000000
0.140625
0.625000
0.444444
3.666667
3.000000
9.000000
3.000000
2.500000
1.125000
3.333333
1.000000
5.000000
1.750000
5.000000
7.000000
0.333333
0.937500
0.093750
1.600000
0.250000
0.272727
0.857143
2.500000
2.000000
0.857143
0.781250
1.142857
0.500000
3.333333
5.000000
0.156250
1.000000
2.000000
2.000000
0.333333
0.062500
4.000000
2.000000
0.015625
6.000000
0.031250
1.000000
0.125000
0.400000
3.500000
0.500000
1.000000
4.000000
2.000000
6.000000
3.000000
0.062500
5.000000
2.000000
3.000000
0.571429
0.140625
0.046875
8.000000
1.200000
1.250000
2.000000
9.000000
10.000000
7.000000
0.800000
0.375000
1.000000
2.500000
9.000000
3.000000
0.562500
1.600000
0.692308
1.000000
0.666667
0.015625
