-0.046875
2.500000
-0.062500
-0.093750
1.000000
0.000000
0.583333
0.015625
0.171875
0.500000
-0.062500
6.000000
-0.046875
-0.046875
-0.078125
0.500000
-0.078125
2.714286
0.428571
0.714286
1.000000
2.666667
-0.031250
0.166667
1.285714
1.000000
1.000000
-0.078125
0.571429
2.333333
-0.000000
-0.000000
0.285714
0.015625
0.000000
-0.046875
-0.078125
3.000000
0.666667
-0.171875
0.500000
-0.078125
2.500000
0.214286
-0.062500
0.140625
-0.046875
0.468750
1.666667
1.562500
-0.031250
0.000000
0.666667
1.500000
0.000000
0.000000
0.125000
0.800000
0.000000
-0.015625
-0.000000
-0.000000
1.000000
0.234375
6.000000
5.500000
1.333333
-0.078125
0.250000
3.000000
-0.109375
0.500000
-0.000000
1.000000
-0.046875
-0.093750
0.333333
2.333333
1.142857
0.857143
1.000000
0.062500
0.625000
0.800000
-0.093750
0.400000
0.750000
0.000000
1.000000
0.000000
1.250000
6.500000
0.200000
-0.187500
2.000000
0.125000
-0.031250
1.500000
0.500000
1.500000
0.109375
-0.125000
0.000000
1.000000
-0.046875
0.062500
0.140625
0.000000
-0.000000
0.046875
1.093750
2.750000
3.000000
0.031250
-0.015625
-0.109375
-0.187500
-0.000000
0.200000
0.500000
4.000000
-0.000000
-0.062500
0.333333
3.666667
0.666667
2.666667
9.000000
0.250000
-0.046875
0.046875
0.222222
0.666667
0.400000
2.666667
0.000000
-0.093750
1.500000
1.333333
1.250000
-0.062500
0.093750
0.031250
0.093750
3.000000
2.333333
0.090909
1.000000
3.800000
0.000000
-0.062500
-0.093750
-0.031250
0.000000
0.833333
6.000000
0.428571
0.203125
0.015625
0.046875
0.000000
0.166667
0.000000
-0.125000
1.000000
-0.093750
-0.250000
0.000000
0.062500
0.109375
0.125000
2.250000
0.093750
0.500000
0.000000
1.375000
-0.015625
0.000000
0.062500
0.046875
0.062500
1.093750
0.125000
-0.046875
2.000000
-0.015625
0.093750
-0.062500
0.000000
1.000000
0.046875
0.400000
1.500000
-0.218750
-0.062500
0.046875
-0.046875
0.500000
1.406250
0.156250
0.046875
0.000000
0.666667
0.125000
-0.140625
1.333333
2.750000
0.062500
1.250000
-0.140625
-0.125000
2.333333
0.000000
0.000000
0.125000
0.250000
0.272727
-0.078125
-0.125000
0.333333
2.000000
-0.093750
2.500000
0.600000
8.000000
0.500000
-0.062500
-0.000000
0.000000
-0.015625
-0.031250
0.700000
0.031250
0.000000
0.109375
-0.125000
0.000000
3.000000
0.000000
0.500000
-0.046875
0.125000
0.046875
6.500000
0.140625
0.078125
0.777778
0.111111
0.333333
0.666667
1.166667
6.666667
3.000000
1.285714
-0.046875
0.109375
-0.062500
-0.093750
-0.031250
0.428571
-0.031250
2.000000
-0.156250
-0.000000
-0.031250
4.000000
0.140625
-0.078125
-0.000000
5.000000
4.000000
0.444444
1.000000
0.000000
0.333333
1.333333
-0.187500
0.888889
0.031250
-0.031250
0.285714
0.093750
1.200000
0.800000
-0.062500
0.031250
0.000000
0.031250
4.000000
4.000000
0.187500
1.666667
0.000000
0.200000
-0.015625
3.000000
0.250000
0.333333
1.500000
-0.046875
0.062500
0.109375
0.062500
0.078125
0.078125
0.093750
0.500000
-0.218750
1.500000
1.600000
8.000000
0.031250
-0.187500
0.078125
0.031250
2.666667
0.650000
0.400000
1.000000
-0.031250
1.000000
0.046875
1.500000
0.750000
0.078125
0.468750
0.781250
0.000000
2.333333
0.078125
2.000000
0.666667
0.000000
-0.031250
1.428571
0.333333
-0.171875
1.625000
0.000000
0.133333
1.000000
0.428571
0.750000
0.046875
0.140625
0.000000
0.600000
0.093750
-0.031250
0.600000
-0.078125
1.500000
0.015625
0.181818
0.400000
1.500000
-0.140625
1.000000
0.428571
4.000000
2.000000
0.000000
0.400000
0.015625
1.200000
0.046875
0.046875
0.031250
0.583333
2.750000
9.000000
-0.046875
1.200000
0.222222
0.444444
-0.078125
3.000000
0.600000
0.125000
-0.187500
1.000000
0.015625
0.444444
1.000000
9.000000
-0.031250
1.000000
-0.093750
1.000000
6.000000
3.000000
0.333333
-0.078125
0.125000
0.400000
-0.015625
-0.015625
0.062500
-0.015625
0.250000
1.250000
0.062500
-0.187500
0.900000
2.000000
2.000000
2.000000
0.000000
1.000000
0.600000
-0.078125
-0.046875
-0.000000
-0.062500
4.000000
-0.031250
-0.015625
-0.015625
1.093750
-0.000000
0.000000
-0.000000
0.500000
-0.078125
-0.078125
0.078125
0.000000
0.800000
-0.093750
-0.062500
-0.015625
0.250000
0.031250
0.625000
0.046875
0.000000
-0.062500
-0.218750
-0.046875
0.062500
-0.015625
0.444444
0.200000
-0.046875
-0.140625
-0.078125
-0.046875
-0.062500
-0.078125
-0.187500
0.363636
0.000000
3.000000
0.636364
1.000000
0.600000
-0.031250
0.000000
0.015625
-0.031250
0.428571
0.428571
0.015625
-0.109375
0.093750
0.000000
2.000000
1.000000
0.468750
-0.140625
-0.031250
0.333333
0.250000
4.000000
0.428571
6.000000
0.444444
2.000000
0.214286
0.363636
1.166667
-0.046875
3.333333
0.500000
0.000000
2.333333
0.818182
0.046875
0.187500
0.156250
1.406250
0.156250
-0.078125
0.156250
-0.109375
-0.140625
1.000000
2.000000
1.000000
2.000000
0.046875
-0.187500
0.500000
1.666667
-0.109375
1.166667
0.000000
-0.062500
-0.000000
0.000000
1.250000
-0.046875
0.000000
0.062500
0.555556
1.000000
0.156250
-0.046875
-0.015625
0.000000
-0.031250
1.000000
-0.234375
-0.031250
0.200000
0.031250
2.000000
-0.000000
6.000000
1.000000
1.093750
0.078125
0.250000
4.000000
1.666667
-0.125000
-0.015625
0.625000
0.781250
-0.046875
0.500000
0.093750
0.125000
-0.125000
2.000000
1.000000
0.500000
-0.203125
0.093750
0.078125
-0.031250
-0.015625
1.562500
0.400000
-0.171875
2.500000
1.500000
0.142857
0.031250
6.000000
0.046875
0.000000
0.000000
0.333333
-0.062500
-0.031250
0.428571
-0.109375
0.078125
-0.093750
1.000000
-0.109375
0.333333
-0.046875
0.000000
0.875000
0.031250
0.000000
-0.109375
1.875000
0.000000
2.000000
-0.093750
-0.046875
1.000000
-0.000000
7.000000
3.000000
0.909091
-0.000000
0.187500
0.750000
4.000000
1.500000
0.078125
4.000000
0.156250
-0.062500
5.000000
1.333333
0.015625
-0.031250
0.300000
8.000000
-0.000000
-0.093750
-0.109375
0.046875
1.500000
0.125000
-0.031250
0.333333
0.500000
-0.046875
0.015625
9.000000
0.046875
-0.000000
1.333333
0.015625
0.093750
2.250000
0.400000
0.285714
1.000000
-0.093750
0.111111
2.500000
-0.031250
2.000000
-0.031250
0.156250
-0.046875
0.555556
0.171875
-0.062500
-0.171875
0.125000
0.000000
0.142857
-0.031250
0.046875
0.000000
0.031250
-0.093750
-0.031250
0.600000
0.093750
5.000000
-0.046875
0.046875
0.031250
0.093750
0.156250
0.750000
1.666667
1.500000
1.000000
0.300000
2.500000
0.031250
-0.046875
2.666667
0.222222
2.187500
2.500000
0.416667
-0.140625
0.156250
-0.093750
0.142857
0.428571
0.666667
0.062500
0.125000
-0.031250
-0.031250
-0.031250
-0.187500
3.000000
0.333333
5.000000
1.333333
-0.046875
0.000000
-0.109375
0.500000
0.333333
-0.062500
0.285714
0.000000
-0.031250
1.250000
0.000000
1.000000
0.187500
0.062500
0.015625
0.187500
-0.062500
-0.046875
0.400000
0.800000
1.000000
0.500000
0.666667
0.600000
1.666667
-0.093750
0.093750
-0.062500
0.031250
0.200000
0.109375
2.500000
2.000000
4.000000
-0.046875
0.428571
0.000000
-0.125000
1.000000
0.333333
0.109375
0.046875
0.666667
0.031250
0.545455
-0.000000
-0.031250
0.078125
-0.187500
-0.062500
0.046875
0.140625
0.078125
3.000000
0.000000
-0.078125
0.125000
-0.140625
1.000000
0.218750
6.000000
0.046875
-0.000000
0.109375
-0.000000
-0.093750
0.062500
1.750000
0.142857
0.000000
0.000000
0.093750
0.000000
1.500000
0.166667
-0.000000
-0.000000
2.000000
-0.000000
0.285714
0.500000
0.031250
-0.140625
-0.031250
0.015625
0.015625
1.600000
0.500000
-0.078125
0.000000
-0.078125
0.333333
1.000000
0.571429
0.125000
-0.109375
-0.109375
0.500000
1.500000
9.000000
0.625000
0.142857
0.156250
3.750000
0.078125
0.000000
0.000000
2.000000
0.046875
-0.046875
0.333333
0.000000
-0.078125
0.937500
-0.031250
1.093750
0.046875
0.666667
-0.031250
0.109375
3.666667
-0.031250
-0.046875
0.156250
0.187500
0.000000
0.750000
2.000000
-0.000000
0.000000
0.250000
0.031250
5.000000
2.000000
0.833333
1.500000
0.156250
1.000000
0.555556
2.000000
2.000000
-0.046875
0.093750
1.500000
-0.234375
1.200000
-0.109375
0.046875
3.000000
0.500000
0.428571
-0.109375
0.046875
0.046875
-0.031250
-0.015625
1.333333
1.600000
-0.000000
2.250000
9.000000
0.416667
0.046875
1.500000
4.000000
-0.046875
-0.125000
4.000000
-0.046875
-0.140625
0.078125
0.031250
-0.015625
1.666667
0.000000
0.031250
0.140625
0.538462
0.156250
-0.078125
0.046875
0.093750
1.000000
0.625000
-0.109375
0.000000
0.015625
0.046875
3.000000
0.071429
0.222222
-0.109375
-0.031250
1.333333
2.000000
0.093750
1.500000
0.093750
0.625000
0.076923
1.718750
-0.015625
0.000000
-0.046875
1.500000
1.500000
0.187500
-0.093750
-0.046875
6.000000
0.857143
0.857143
-0.109375
2.600000
1.000000
2.000000
0.333333
-0.078125
0.444444
0.031250
0.015625
0.140625
0.636364
0.000000
0.400000
1.000000
0.312500
0.015625
0.500000
4.000000
0.109375
1.000000
0.333333
-0.109375
2.333333
-0.046875
3.333333
5.000000
2.333333
0.714286
3.000000
0.062500
0.000000
0.093750
2.000000
0.015625
4.000000
1.250000
0.140625
0.000000
-0.031250
-0.046875
0.500000
-0.031250
0.500000
7.500000
-0.078125
0.750000
-0.000000
0.078125
0.125000
0.200000
2.500000
1.500000
4.000000
1.000000
0.750000
0.000000
-0.046875
0.046875
0.500000
0.363636
1.000000
0.500000
0.400000
0.142857
-0.062500
0.015625
0.666667
1.200000
1.750000
-0.187500
0.156250
5.000000
-0.000000
0.428571
-0.015625
4.666667
0.571429
-0.031250
1.750000
-0.062500
1.666667
0.333333
0.500000
0.031250
0.500000
0.062500
0.093750
-0.015625
0.062500
-0.015625
0.000000
0.571429
4.000000
-0.078125
0.000000
3.000000
0.125000
3.000000
1.000000
-0.125000
0.000000
7.000000
-0.046875
0.600000
0.093750
0.333333
0.015625
0.400000
0.109375
-0.171875
3.000000
0.093750
-0.281250
2.000000
0.500000
5.000000
-0.031250
0.031250
-0.093750
-0.093750
0.333333
0.200000
3.000000
0.015625
0.046875
1.666667
1.333333
0.109375
-0.156250
0.015625
0.062500
10.000000
-0.078125
1.000000
0.000000
1.333333
-0.015625
0.700000
1.000000
-0.031250
-0.046875
0.000000
0.031250
1.250000
0.250000
0.600000
1.000000
0.500000
0.555556
0.250000
0.727273
-0.015625
-0.000000
7.000000
-0.000000
-0.062500
0.000000
0.500000
0.015625
0.500000
-0.062500
-0.031250
-0.078125
-0.109375
4.000000
0.078125
5.000000
1.666667
1.125000
0.015625
0.000000
2.000000
0.156250
1.093750
2.000000
-0.000000
0.666667
0.000000
-0.062500
0.031250
-0.156250
2.500000
-0.062500
0.000000
0.031250
0.000000
-0.015625
2.500000
0.046875
0.062500
0.333333
-0.078125
0.015625
-0.093750
0.078125
-0.015625
0.156250
0.285714
1.333333
-0.046875
0.125000
0.166667
-0.000000
1.500000
0.333333
-0.015625
1.600000
0.031250
-0.046875
0.125000
5.000000
1.000000
0.031250
0.046875
3.000000
0.062500
-0.109375
0.250000
-0.031250
0.285714
0.666667
1.000000
0.714286
0.187500
-0.015625
-0.015625
0.109375
0.250000
-0.109375
0.200000
-0.031250
1.333333
4.333333
-0.031250
0.200000
0.090909
12.000000
0.062500
0.333333
-0.046875
0.750000
0.078125
0.875000
-0.140625
0.031250
0.000000
0.714286
0.307692
1.000000
7.000000
0.333333
-0.109375
0.171875
1.000000
-0.015625
0.125000
-0.109375
0.062500
1.200000
-0.062500
0.093750
-0.140625
1.444444
1.562500
2.000000
-0.078125
0.900000
0.625000
0.400000
0.781250
2.666667
4.000000
-0.000000
0.142857
1.250000
-0.062500
6.000000
0.156250
3.000000
0.046875
1.250000
-0.000000
-0.093750
0.100000
0.078125
0.015625
4.000000
3.000000
-0.093750
0.031250
0.000000
0.015625
1.000000
0.046875
0.125000
0.166667
-0.078125
0.571429
-0.031250
-0.078125
-0.171875
0.031250
0.093750
0.031250
0.000000
0.666667
0.375000
4.000000
0.157895
-0.093750
0.666667
0.000000
0.062500
0.583333
0.015625
0.156250
0.100000
-0.078125
0.400000
0.400000
-0.093750
1.250000
3.500000
0.015625
0.078125
0.833333
0.111111
0.000000
-0.000000
-0.046875
1.500000
0.153846
0.400000
1.428571
0.046875
0.109375
0.031250
1.000000
0.000000
1.000000
0.625000
0.555556
0.833333
0.015625
0.200000
5.000000
0.031250
2.333333
0.234375
0.937500
1.000000
0.076923
6.000000
0.250000
0.166667
-0.031250
-0.015625
0.900000
-0.046875
1.000000
-0.062500
0.000000
-0.062500
-0.031250
2.000000
-0.203125
0.000000
0.357143
1.400000
0.140625
0.500000
1.000000
-0.062500
1.000000
1.000000
0.000000
-0.078125
-0.000000
-0.078125
-0.015625
0.800000
-0.000000
-0.093750
2.000000
-0.000000
-0.078125
0.416667
0.333333
0.000000
-0.000000
0.000000
0.140625
0.093750
0.166667
0.625000
0.111111
1.555556
-0.031250
0.357143
-0.031250
-0.109375
-0.093750
0.062500
-0.000000
0.203125
0.200000
-0.093750
0.000000
-0.015625
0.333333
-0.093750
0.078125
0.062500
0.166667
1.000000
0.444444
0.066667
1.000000
3.666667
3.000000
0.031250
9.000000
-0.015625
3.000000
0.046875
2.500000
-0.031250
1.125000
-0.125000
3.000000
3.333333
0.500000
-0.093750
5.000000
0.031250
2.500000
1.428571
0.000000
-0.015625
2.000000
0.015625
1.000000
0.800000
-0.109375
1.000000
1.750000
-0.156250
3.000000
0.046875
-0.000000
0.140625
0.333333
0.062500
-0.062500
0.062500
-0.187500
0.500000
0.375000
5.000000
-0.109375
7.000000
0.109375
0.333333
-0.093750
0.937500
-0.046875
0.015625
1.600000
-0.031250
0.078125
0.078125
0.272727
-0.046875
0.333333
0.015625
0.015625
0.093750
0.015625
0.046875
0.250000
-0.046875
0.218750
0.000000
0.750000
0.857143
-0.078125
0.777778
0.285714
2.000000
0.031250
0.000000
-0.031250
-0.046875
0.600000
0.071429
2.500000
0.109375
-0.015625
-0.031250
0.857143
0.156250
-0.062500
0.781250
0.000000
1.142857
0.203125
0.500000
0.666667
-0.046875
0.666667
-0.015625
-0.109375
0.156250
0.444444
1.000000
0.062500
0.031250
3.333333
2.500000
5.000000
0.750000
0.031250
0.000000
-0.000000
0.500000
0.615385
2.000000
0.000000
0.125000
0.000000
-0.156250
0.000000
-0.046875
0.416667
0.666667
-0.015625
1.000000
0.078125
2.000000
0.000000
0.333333
-0.062500
0.062500
4.000000
1.000000
1.500000
0.666667
-0.031250
-0.000000
0.031250
0.062500
0.031250
-0.000000
-0.093750
0.093750
2.000000
0.109375
0.000000
0.015625
6.000000
-0.062500
0.000000
-0.046875
1.000000
0.000000
-0.093750
0.125000
-0.031250
0.000000
0.166667
-0.109375
-0.125000
0.428571
1.000000
1.000000
0.093750
0.015625
-0.078125
0.400000
3.500000
0.250000
0.500000
0.078125
0.400000
0.500000
1.333333
1.000000
-0.093750
1.142857
0.078125
6.000000
0.046875
0.015625
0.000000
-0.031250
-0.078125
4.000000
0.333333
2.000000
0.400000
-0.171875
-0.187500
3.000000
0.062500
-0.000000
5.000000
0.171875
0.000000
0.015625
0.031250
3.000000
0.000000
0.571429
0.140625
0.031250
2.000000
0.031250
2.000000
0.750000
-0.109375
-0.203125
0.111111
0.156250
-0.046875
0.093750
-0.234375
0.000000
8.000000
6.000000
-0.000000
1.200000
0.000000
0.230769
0.666667
1.000000
0.000000
0.046875
1.750000
0.875000
0.250000
0.833333
1.250000
-0.000000
2.000000
-0.062500
0.000000
9.000000
-0.234375
10.000000
-0.046875
2.000000
-0.156250
-0.062500
0.375000
-0.109375
0.781250
-0.093750
1.000000
0.000000
7.000000
0.312500
0.800000
0.666667
-0.000000
-0.046875
1.000000
0.500000
0.156250
2.500000
0.666667
9.000000
3.000000
1.666667
0.562500
0.015625
-0.031250
0.015625
0.000000
-0.015625
0.300000
-0.031250
0.031250
2.166667
-0.109375
0.062500
0.062500
1.600000
0.093750
0.692308
0.093750
0.800000
0.666667
-0.078125
0.015625
0.015625
0.500000
-0.125000
-0.140625
-0.000000
1.000000
-0.171875
0.312500
0.555556
-0.125000
-0.031250
