3.000000
0.000000
-0.109375
-0.031250
0.203125
-0.156250
0.250000
0.062500
-0.062500
-0.125000
3.000000
0.078125
0.000000
0.375000
2.000000
1.083333
-0.078125
-0.015625
0.015625
0.000000
0.750000
-0.046875
-0.046875
0.416667
6.000000
-0.015625
0.400000
-0.015625
0.333333
-0.078125
0.000000
0.250000
-0.078125
2.000000
0.500000
0.500000
-0.078125
-0.031250
0.000000
-0.109375
0.375000
0.781250
0.156250
-0.109375
-0.140625
2.200000
-0.046875
3.000000
-0.125000
1.333333
-0.171875
-0.046875
0.428571
-0.093750
1.250000
-0.046875
-0.156250
0.109375
0.031250
0.500000
0.000000
0.000000
0.125000
0.625000
0.142857
0.031250
2.000000
0.031250
-0.218750
0.140625
0.000000
1.250000
-0.125000
-0.093750
0.500000
0.031250
0.046875
0.015625
0.093750
0.015625
0.400000
-0.093750
1.666667
-0.140625
1.000000
0.093750
0.000000
1.000000
0.571429
-0.078125
1.714286
-0.015625
1.500000
-0.031250
2.500000
0.857143
0.625000
13.000000
0.031250
0.078125
1.250000
1.625000
0.600000
0.166667
0.046875
1.250000
0.062500
0.333333
0.078125
0.166667
0.250000
-0.031250
0.781250
-0.046875
0.166667
0.015625
-0.078125
13.000000
0.500000
11.000000
