-0.095947
-0.024170
-0.168701
-0.217529
-0.124268
0.000732
-0.032227
-0.011719
-0.188477
-0.055664
-0.089111
-0.197754
0.016846
-0.206543
-0.212402
0.161133
-0.189453
-0.000977
-0.057861
-0.078613
-0.022705
-0.208252
-0.133789
-0.020752
-0.063232
-0.037598
0.221680
0.015625
0.009033
-0.071289
0.351318
0.195557
-0.035156
0.145020
-0.165283
0.308838
-0.054932
0.101807
-0.106689
-0.082275
0.164795
-0.019043
0.083008
0.018799
0.009521
-0.127197
-0.073730
-0.242676
0.009277
-0.170654
0.169434
-0.075195
0.104980
-0.032227
-0.000244
0.231934
0.052002
0.323486
0.338135
0.215576
0.197998
0.089111
0.253906
0.178711
0.012451
0.065674
-0.169189
-0.104736
0.204834
0.170166
-0.105469
-0.234131
0.056641
0.099609
0.183594
-0.260498
0.052002
0.009521
0.224854
0.101318
0.005859
-0.040771
0.168213
0.314697
0.087891
0.151855
0.124268
0.003418
0.261719
0.234863
-0.227783
0.029541
0.284180
0.128174
0.349365
0.052734
-0.156738
0.169434
0.122070
0.162109
0.166748
0.074707
0.225342
0.227051
0.120850
0.013672
0.301758
0.046387
0.081787
0.187744
0.383057
0.261475
0.071777
-0.018311
-0.140869
0.090088
0.194336
-0.145752
-0.157471
0.028564
-0.023926
-0.078369
-0.137451
-0.279297
0.049805
-0.172363
-0.029541
-0.058594
-0.055176
0.009277
0.183105
-0.018066
0.162109
0.136719
0.274658
0.044434
0.034424
0.138916
0.262207
0.137695
-0.098877
0.193604
-0.063721
-0.177490
0.151855
0.038086
-0.305664
-0.098145
-0.284912
0.016113
