0.007080
-0.012207
0.002686
-0.001221
-0.003662
0.006592
0.016357
0.013184
-0.001221
-0.022461
0.008545
0.011963
-0.007324
-0.009766
-0.018066
0.015869
0.012695
0.000977
-0.005615
0.021729
0.000977
0.017334
0.009521
-0.011963
-0.010986
-0.017334
0.001709
0.000977
0.011230
0.020264
0.011230
0.015381
0.029297
-0.011475
0.029297
-0.023438
0.001221
-0.013672
-0.003174
0.002686
-0.007812
0.002441
0.004150
-0.000488
-0.010742
-0.013916
0.017578
-0.007812
0.009521
0.011963
0.013428
0.014893
-0.005615
-0.028076
-0.006836
0.002930
-0.003662
-0.006104
-0.016846
0.000977
0.015137
0.033447
0.011963
0.012939
-0.001221
0.010742
-0.005371
0.002441
0.002930
-0.007080
-0.007812
0.000000
0.008057
0.016846
-0.010742
-0.031494
-0.002441
0.019287
-0.003174
0.003174
0.009766
-0.013672
0.022949
-0.000488
0.000000
0.007568
-0.013916
-0.024902
-0.004883
0.005615
0.006348
-0.021973
-0.002930
0.014648
0.023193
-0.009521
0.007812
-0.000977
0.011719
0.005127
0.002197
-0.004395
-0.009277
-0.009277
-0.011719
0.003906
0.023682
0.018311
-0.015381
-0.009277
-0.008789
-0.027832
0.009033
0.012939
-0.003174
-0.001221
-0.011475
0.004639
-0.017090
-0.000977
-0.010742
-0.003174
0.009277
0.010498
0.014404
0.006104
-0.008057
0.006592
0.004150
-0.009277
-0.015625
0.006104
0.018555
0.009033
0.000244
-0.017090
0.000977
-0.014648
-0.005859
0.016113
0.001221
0.011475
-0.005615
-0.007080
-0.003174
-0.009033
0.003174
0.010498
0.007568
0.018066
-0.003662
-0.010986
-0.009277
-0.006836
-0.010498
-0.014893
-0.010742
0.007812
-0.015381
0.012451
0.014160
0.004883
-0.010498
-0.001221
0.002197
-0.000732
0.001465
-0.019775
-0.011230
-0.006348
-0.012939
0.008545
0.008057
-0.002686
-0.007568
0.022217
-0.016846
-0.006104
0.011963
-0.002930
0.006104
0.014893
-0.013184
0.007568
-0.018555
-0.009766
0.005615
0.016113
-0.004883
0.000000
-0.003662
0.009277
0.010010
-0.011475
-0.010986
0.014893
-0.005859
0.007080
0.005127
0.005127
0.010254
0.004395
0.319824
0.727783
0.620361
0.590820
0.241699
0.156738
-0.002686
0.005615
0.005371
0.016846
-0.010742
-0.010010
0.000977
-0.012207
0.011230
0.012695
0.006836
0.006348
0.008545
0.006836
-0.004883
-0.000732
0.002197
-0.026611
0.009766
-0.008789
0.004395
-0.005127
0.869385
0.990234
0.990723
0.994629
0.992188
0.939453
0.772461
0.780273
0.764893
0.780273
0.773438
0.770752
0.766602
0.778076
0.665039
0.211426
-0.006836
-0.003174
-0.013184
-0.008789
0.001465
0.003418
-0.004150
0.015381
0.008057
-0.006104
-0.015137
0.007812
0.274414
0.440918
0.284424
0.442627
0.627197
0.885010
0.993652
0.873779
0.992188
0.991455
0.991211
0.975586
0.903320
0.990723
0.993652
0.552979
-0.001221
-0.010742
-0.001709
0.013428
-0.025391
0.005859
0.004639
0.011963
0.009766
0.010010
0.017090
-0.009277
0.004150
-0.001221
0.010742
0.010254
-0.024170
0.073975
0.265381
0.051758
0.266113
0.247559
0.272705
0.242432
0.082764
0.926514
0.994385
0.416748
0.021484
0.001953
-0.008789
-0.008545
-0.005615
-0.011230
-0.032227
0.009766
-0.011719
0.004150
-0.016846
0.001709
0.001953
-0.005859
-0.002686
-0.012939
-0.000244
0.008301
0.003906
0.007080
-0.004395
0.000977
-0.023193
-0.024658
0.306641
0.990723
0.803955
0.058594
-0.013672
0.001221
0.021729
0.020508
-0.004150
0.000488
-0.000732
0.008545
-0.018799
-0.006348
-0.005859
0.006592
0.001709
0.009033
0.003418
0.006592
-0.000244
0.004150
-0.006348
0.018311
-0.012207
0.003906
-0.010254
0.088867
0.910400
0.995605
0.329590
-0.020020
-0.003662
0.001709
0.000244
-0.005859
0.017578
-0.003418
-0.001709
0.005127
-0.014893
-0.009521
0.000000
-0.009033
-0.008057
0.018555
0.006104
-0.006592
-0.003174
-0.000244
-0.017334
-0.011719
-0.016846
-0.005859
-0.016357
0.503662
0.994141
0.921143
0.170898
0.012695
-0.010742
-0.009033
-0.008057
-0.004395
-0.010742
0.000732
-0.012939
-0.000977
0.011963
-0.019043
-0.002197
-0.007812
-0.003662
0.013916
0.010010
0.008057
-0.005615
0.004639
0.002686
0.011719
-0.008057
-0.010986
0.232422
0.974365
0.991699
0.249268
0.001709
0.007812
-0.017822
0.008301
-0.010254
-0.005615
-0.013672
0.004639
0.002197
-0.000244
-0.011475
0.013672
0.009033
-0.001465
0.002441
0.000244
0.003906
-0.016357
0.005615
-0.007324
0.000244
0.001221
-0.010010
0.004395
0.525391
0.991943
0.737061
0.010742
-0.015137
-0.000488
-0.023438
0.010986
-0.022217
-0.007324
-0.000488
-0.001465
0.023193
0.023926
-0.018799
-0.005859
0.011475
0.014648
0.003418
-0.003906
-0.008301
-0.000977
-0.010986
-0.016602
0.024170
-0.011230
0.001221
0.041992
0.807373
0.969238
0.235107
0.018799
-0.009033
0.005615
0.002686
-0.008545
-0.001953
-0.007568
-0.012695
0.010986
0.011719
0.010742
-0.006836
0.004395
0.008545
0.015625
-0.016113
0.004395
0.013184
-0.005127
0.003174
-0.024658
-0.004150
0.023438
0.010986
0.495117
0.990479
0.719727
0.001953
-0.015381
0.000244
0.000000
0.007080
0.005371
0.010986
-0.007080
0.000244
-0.000977
-0.004639
-0.016602
0.010254
-0.001953
-0.017334
-0.001221
-0.005859
-0.000244
0.004883
0.010254
0.015137
0.009766
-0.006592
-0.009521
0.299316
0.983643
0.937500
0.223389
-0.015869
-0.021484
-0.032715
-0.007812
0.026611
-0.004150
-0.005371
-0.006104
0.012451
0.009766
0.005859
-0.001221
0.031738
-0.011963
0.021973
0.016602
-0.018311
0.002441
-0.010254
0.005371
-0.015381
0.000488
-0.006348
0.068848
0.861328
0.993896
0.653320
0.004639
0.017090
-0.014404
-0.000732
-0.006348
0.009766
0.000977
0.011963
-0.000732
-0.008057
0.006836
0.010254
-0.011230
0.018799
0.005615
-0.004639
0.006104
-0.007324
0.022705
-0.006348
-0.020508
0.015137
0.003906
0.002686
0.780518
0.990967
0.857910
0.131592
0.007324
0.007812
0.007324
0.006348
-0.005859
-0.004883
0.006348
0.006348
0.005615
-0.011475
-0.006348
0.000000
-0.011719
0.014893
0.006104
0.018311
0.023926
-0.010010
0.002686
-0.011230
-0.003174
0.012939
0.004639
0.154297
0.991211
0.992432
0.296875
0.024658
-0.010498
-0.008545
-0.006836
0.012695
0.000244
0.022949
-0.000977
-0.011719
-0.015137
0.002441
0.011963
0.000977
-0.007568
0.003418
-0.003906
0.001709
-0.005615
0.000488
0.008545
-0.015869
-0.001709
0.014404
0.114990
0.880615
0.991455
0.465820
0.011719
-0.004150
-0.028320
-0.015869
-0.002197
0.003418
0.012939
-0.011719
-0.018555
0.025635
-0.003418
0.004395
0.005127
0.011230
-0.014648
0.002441
-0.001221
-0.016602
0.015137
0.012207
0.000000
-0.000732
0.003662
0.015625
0.522461
0.991699
0.993408
0.224365
-0.010742
-0.027344
-0.010742
-0.015625
0.020508
0.000488
-0.006104
-0.006836
0.002441
0.010742
0.000488
0.010254
-0.026123
0.004883
0.001709
0.007324
-0.022217
0.000732
-0.014893
0.003906
0.005371
0.000244
-0.015625
0.245361
0.943848
0.991699
0.992676
0.223145
0.007324
0.003418
-0.005859
0.016113
-0.012207
0.008789
0.008057
-0.002441
-0.006836
0.004883
-0.009033
-0.003418
-0.022705
0.012939
-0.000244
-0.009766
0.000977
0.015869
0.004639
0.006104
0.006836
0.000244
-0.011719
0.489990
0.991211
0.992920
0.853516
0.149902
-0.012939
-0.001221
-0.013916
0.000244
-0.013672
0.011719
0.007568
0.001709
-0.006348
-0.008545
0.015137
0.009277
0.007812
-0.011963
0.007568
-0.012451
0.009033
-0.014404
0.001221
-0.010986
-0.001953
-0.010498
-0.008301
0.477783
0.990479
0.802490
0.063477
-0.005371
0.016846
-0.005615
0.005615
0.002930
0.012695
0.012939
-0.019775
0.007080
0.003174
0.002686
0.001221
-0.006592
-0.001953
0.011963
0.017822
-0.009521
0.033203
0.000488
0.006836
0.015381
-0.016602
0.004150
-0.001953
-0.003662
-0.008789
-0.002930
0.007568
0.014404
0.001465
0.002441
-0.004150
-0.016602
-0.009766
-0.002686
0.010742
-0.010986
0.019287
0.014648
-0.014893
0.028564
-0.000977
