0.167260
0.331776
0.295964
0.215278
0.214286
0.279330
0.488789
0.259067
0.355330
0.443580
0.288066
0.363229
0.512821
0.179894
0.033898
0.445455
0.175182
0.612403
0.688000
0.356061
0.417391
0.112299
0.664234
0.695238
0.135678
0.403226
0.840580
0.922078
0.364929
0.336449
0.390977
0.258065
0.358289
0.325301
1.283582
0.734694
0.358209
0.890110
0.964286
0.407407
0.353659
0.054264
0.374532
0.035398
0.573529
0.014893
0.014160
0.016846
0.001709
0.005859
0.010742
0.015504
0.216418
0.111111
0.248521
0.439130
0.200000
0.672414
0.097436
0.010986
0.010742
0.010254
0.025635
0.006348
0.015625
0.019043
0.001709
-0.001465
0.377660
0.260870
0.193966
0.147059
0.412587
0.016357
0.001221
0.006104
-0.003174
0.007812
0.005127
0.006104
0.404412
0.474227
0.488889
0.305648
0.478992
0.383838
0.331325
0.283465
0.374046
0.261438
0.100719
0.017822
0.008789
0.002686
0.021858
0.324176
0.616071
0.255605
0.324561
0.129808
0.173709
0.611111
0.783333
0.158192
0.411215
0.005615
0.005371
0.022461
0.662338
0.600000
0.281106
0.115152
0.010010
0.721739
0.290323
0.008789
1.100000
0.155440
0.546667
0.250000
0.013672
0.134146
0.259259
0.351351
0.598765
0.572254
0.099415
0.411215
0.363636
0.081761
0.449438
0.055556
0.491228
-0.004150
0.019531
0.163462
0.194872
0.212903
0.234286
0.205479
0.210117
0.630137
0.280488
0.706587
0.467391
0.011963
0.004150
0.009521
0.385321
0.007568
1.564516
0.521739
0.925234
0.457031
0.319328
0.021978
0.354839
0.543860
0.130841
0.010010
0.010254
0.273333
0.711111
0.577778
0.283465
1.041096
0.104167
0.196364
0.282946
0.237113
0.484848
0.668874
0.006836
0.014648
0.115044
0.004883
0.492063
0.603175
0.008301
0.363636
0.217105
0.361446
0.240418
0.159722
0.097222
0.136585
0.253521
0.000488
0.012695
0.191882
0.253425
1.214286
0.085938
0.337349
0.591304
0.323810
0.239316
0.188841
0.191011
0.141631
0.213270
0.381720
0.279188
0.126638
0.196429
0.328671
0.145038
0.339806
0.139013
0.269618
0.364103
0.966667
0.477064
0.577381
0.005371
0.333333
0.371069
0.238994
0.145161
0.237838
0.275000
0.558824
0.374150
0.535714
0.697802
0.347368
0.463158
0.340426
0.038278
0.300000
0.400000
0.591837
0.154255
0.164444
0.500000
0.443182
0.242553
0.381579
0.047414
0.469697
0.657459
0.000000
0.266667
0.213636
0.025146
0.076923
0.024658
0.200000
0.032086
0.343558
0.114865
0.021240
0.462963
0.363636
0.226519
0.450000
2.011364
0.991071
0.844262
0.944056
0.496970
1.746479
0.638095
0.948905
0.290541
0.352740
0.135000
0.658163
0.404255
0.402985
0.922330
0.923529
0.714286
0.703540
0.945946
1.679245
0.925287
1.320388
0.303448
0.238579
0.204188
0.699115
0.114583
0.576923
0.200000
0.402299
0.348993
0.057471
0.020020
0.728723
1.234146
0.981132
0.059322
0.374517
0.234043
0.217172
0.275000
0.491979
0.471154
0.487952
0.421687
0.251232
0.200000
1.656000
1.666667
0.383178
0.356589
0.308081
0.072848
1.018349
0.630769
0.605263
0.243781
0.598039
0.352941
0.012207
0.878261
1.564815
0.790476
0.426316
0.673759
0.811688
0.063492
0.007324
0.920455
0.306358
0.677686
0.019048
0.311558
0.018555
1.798165
0.983471
0.320197
1.088889
0.304762
0.452055
0.464706
0.295082
0.522293
0.141553
1.685714
0.170886
0.446970
0.777070
0.961783
0.442396
0.591837
0.637500
0.395062
0.617647
0.204444
0.429630
0.490196
0.818182
0.062762
0.009521
0.244186
1.261905
0.543307
0.876923
0.789062
0.723404
0.417143
0.825000
0.284810
0.269565
0.365854
0.505376
0.250000
0.422886
1.180328
1.195876
0.888889
0.178947
0.772059
0.198068
0.020000
0.252427
0.158924
0.584795
0.415441
0.013953
0.006348
0.270270
1.081448
2.284314
0.165289
0.194853
0.287736
0.502857
0.303318
0.309091
0.167082
0.333333
0.275676
-0.003174
0.460938
0.352632
0.341772
0.035533
0.027588
0.302083
0.267490
0.444444
0.425926
0.148607
0.278481
0.349206
0.338346
0.228346
0.503546
0.176000
0.206897
0.240310
0.012695
0.386503
0.341615
0.316456
0.362791
0.343750
0.127193
0.528986
0.070111
0.520710
0.198795
0.081250
1.257143
0.073171
0.176724
0.597222
0.000732
0.418182
0.330000
0.401042
0.244318
0.005127
1.389831
1.193277
0.489691
0.689655
0.406667
0.446970
0.303030
0.468085
0.010986
0.007080
0.011719
0.003418
0.247312
0.189024
2.500000
1.747253
2.633028
1.474576
2.009009
1.668919
2.870370
2.873016
1.246479
0.138365
0.057325
0.200000
0.201613
0.302469
0.198925
0.288344
0.653846
2.285714
2.401515
1.646259
2.313953
1.529680
1.600000
0.792079
0.362069
0.390805
0.173469
0.733333
0.500000
0.742574
0.605263
0.017578
0.427350
0.277778
1.184000
1.017647
0.857143
0.591716
0.240000
0.193443
0.138075
0.139241
0.025146
1.615385
1.183673
0.353846
0.133028
1.315534
2.825397
0.823529
1.338028
0.455446
0.160428
0.163934
0.270142
0.222222
0.116279
0.009766
0.247619
0.240000
0.730769
0.747664
0.675532
0.570423
0.913462
0.204545
0.338346
0.569307
0.065116
0.741667
0.157609
0.140496
0.706522
0.583893
1.331034
0.893617
2.893617
0.886667
0.274648
0.663551
0.421053
0.322835
0.438679
0.164557
0.571429
0.363636
2.853659
0.875000
1.383648
1.642336
3.628571
0.782051
0.445026
0.639535
0.373626
0.093567
0.551887
0.595092
0.543624
0.223301
0.684685
1.252033
1.064516
0.780749
0.362319
0.343284
0.292517
0.006348
0.097959
0.479675
0.376289
0.154255
0.491018
0.190141
1.696970
1.946429
3.897436
1.689189
0.631068
0.397590
0.023438
0.109589
0.164706
0.369668
0.240000
0.753731
0.090129
0.373626
0.397790
1.558824
0.897436
0.659341
0.009766
0.407186
0.841772
0.267241
0.120155
0.109626
0.177083
0.452381
0.172911
0.001953
0.034247
0.203540
0.013916
0.291667
0.334951
0.112195
0.420213
0.145923
0.302632
0.057471
0.215686
0.243523
0.010254
0.404255
0.227723
0.144578
0.248062
0.204082
0.464789
0.529032
0.017578
0.177778
0.401515
0.463415
0.600000
0.232323
0.374233
0.171233
0.317919
0.116379
0.222930
0.107143
0.278409
0.337963
0.620000
0.376623
0.676692
0.300725
0.164557
0.090909
0.769231
1.043902
1.557692
1.282258
0.607477
1.306818
1.096774
0.917293
0.304636
0.116505
0.031250
0.251121
0.265823
0.739130
1.100917
1.663366
1.912752
2.918033
4.790323
2.182796
2.827273
1.450237
1.558824
0.186528
0.238806
0.149466
0.149321
0.440476
0.520833
0.630682
0.401361
1.239437
0.664804
0.867647
2.338710
1.848485
0.299435
0.207865
0.642857
0.232227
0.300847
0.781250
0.524324
0.410072
0.596491
0.496599
0.326087
0.789116
2.046358
2.176471
0.007568
0.007568
0.370000
0.187097
0.243446
0.180723
0.106599
0.567376
0.201613
0.234973
0.108108
2.649123
2.407895
0.918605
0.022705
0.001221
0.023364
0.059701
0.330097
0.388889
0.131579
0.082873
0.191781
0.013916
0.462121
2.008000
1.590164
0.126263
0.247863
0.278788
0.262295
0.407273
0.377049
0.291480
0.138728
0.147929
0.023682
0.816901
6.142857
1.789474
0.238636
0.115385
0.714286
0.001709
0.218623
0.300319
0.440476
0.247059
0.495495
0.836735
0.387324
1.429630
1.859259
1.405405
0.222772
0.346821
0.085106
0.413174
0.221053
0.305419
0.147368
0.140625
0.305344
0.227979
0.543379
6.393939
2.180000
1.187500
0.150754
0.341991
0.445545
0.289474
0.006592
0.372781
0.333333
1.056180
0.468354
0.023810
1.934783
2.291667
0.917355
0.242604
0.125984
0.620253
0.210191
0.592593
0.522876
0.406780
0.432558
0.486842
0.215789
0.019043
0.532075
1.966942
0.956311
0.371257
0.275862
0.077206
0.443243
0.237762
0.088710
0.250774
0.381215
0.407407
0.400000
0.173285
0.353175
0.232877
0.176796
0.474453
0.225532
0.280543
0.353896
0.336788
0.321839
0.118110
0.376068
0.333333
0.333333
0.285714
0.439516
0.840708
0.449367
0.172222
1.230769
0.263473
0.333333
0.313953
0.096070
0.285714
0.465409
0.668605
0.717647
0.182320
0.566434
0.530000
0.169811
0.523810
0.585859
0.616541
0.700000
0.385965
0.211180
0.347150
0.247253
0.341935
0.288732
0.013428
0.298507
0.118644
0.009277
0.191489
0.006348
0.098039
0.281250
0.561905
0.308140
0.124378
0.416268
0.195745
0.535032
1.298851
2.488095
1.586466
1.264516
2.176471
1.464286
0.826087
0.822314
0.919118
0.395349
0.163462
0.362140
0.719697
0.408696
1.057803
1.948718
1.450331
2.206107
2.944444
1.870000
1.446043
2.987342
1.007576
0.140000
0.240896
0.181373
0.013916
0.312500
0.500000
0.405172
0.233161
0.593023
0.282051
0.058394
1.470588
1.757396
0.758621
0.690909
0.620690
0.319838
0.597315
0.349398
0.317073
0.830508
0.709402
0.021973
0.013514
0.214286
1.826389
0.664062
0.748031
1.090909
0.262626
0.224000
0.423077
0.293478
0.289720
0.979798
0.393258
0.129412
0.132450
1.656000
1.934066
0.814286
0.283688
0.681319
0.120438
0.177083
0.500000
0.267327
0.775000
0.309091
1.287879
0.008789
0.514563
1.752137
0.666667
0.132948
0.637681
0.558824
0.248276
0.380952
0.858156
0.459854
0.406897
0.553191
0.263889
0.358289
2.016807
1.746479
0.481283
0.404255
0.009033
0.529801
0.092105
0.208333
0.472973
0.858065
0.562500
0.323529
0.015625
1.293194
2.757576
0.484536
0.261111
0.011429
0.410480
0.450000
0.224806
0.341880
0.110345
0.403974
0.237500
1.210526
0.898551
1.965035
1.628571
0.394161
0.196172
0.051852
0.338521
0.410256
0.262172
0.120968
0.204082
0.097166
0.067010
0.338912
1.232955
2.630252
0.955882
0.528926
0.337449
0.464481
0.145038
0.299465
0.311787
0.200000
0.268722
0.106952
0.177665
0.269767
0.017334
0.135514
0.172131
0.184100
0.453901
0.310811
0.318519
0.248963
0.319079
0.398058
0.769231
0.426396
0.363636
0.441176
0.132867
0.010742
0.535088
0.476562
0.000000
0.505155
0.006104
0.055944
0.527607
0.343750
0.389313
0.477273
0.391667
0.705263
0.395833
0.573099
0.115385
0.244604
0.402235
0.591837
0.256410
0.251969
0.053030
0.309677
0.438596
0.560000
0.293103
0.107477
0.010986
0.016357
0.013428
0.005371
0.004395
0.045752
0.559322
0.153285
-0.000488
0.335821
0.167382
1.015038
3.652174
0.960396
0.968504
1.243902
1.507576
1.155000
0.804233
0.168478
0.075581
0.335526
0.023649
0.260000
0.261803
0.397351
0.147436
0.921212
0.590164
7.368421
0.461905
0.826087
0.701493
0.774194
0.268293
0.149533
0.117188
0.033962
0.537037
0.335570
0.099010
0.392694
0.078534
0.400000
0.586957
0.739726
0.512821
0.592593
0.512397
0.429825
1.000000
0.571429
0.327273
0.194969
0.071429
0.004639
0.641221
0.008301
0.966216
0.934211
0.752475
0.094340
0.797297
0.812500
0.029703
0.153409
0.002441
0.238095
0.693694
0.434109
0.324176
0.173077
0.485075
0.273632
1.022472
0.187500
0.607595
0.068966
0.318367
0.389474
0.198020
0.081633
0.037842
0.640777
0.396450
0.272727
0.331915
0.537736
0.007568
0.295652
0.130719
0.284211
0.176871
0.131206
0.207031
0.238095
2.352941
0.122581
0.827957
1.215385
0.858209
0.329268
0.420168
0.193878
0.327485
0.008789
0.329545
0.297297
0.324324
0.366337
0.195876
0.487500
0.500000
0.221675
0.092593
0.587500
0.125926
0.579710
0.434783
0.475000
0.163569
0.068063
0.202020
0.487952
0.707792
0.681319
0.757576
1.696078
0.083333
0.243243
0.233333
0.206612
0.300000
0.243697
0.404000
0.293515
0.258475
0.127907
-0.003174
1.260870
0.914439
0.548913
0.114679
0.003418
0.174359
0.151961
0.224044
0.240000
0.128205
