0.117470
0.020508
0.107143
0.032468
0.295964
0.005859
0.110320
0.001221
0.044444
-0.015137
0.185897
0.002686
0.488789
0.325581
0.259067
0.056075
0.023166
0.342657
0.014404
0.443580
0.009277
0.053498
-0.013184
0.363229
0.150628
-0.008057
0.031646
-0.013916
0.030762
0.167260
0.000244
0.331776
0.000977
-0.004150
0.215278
0.110619
0.009033
0.214286
0.202335
0.279330
0.000977
0.425532
0.253247
0.148352
0.355330
0.238494
0.309942
0.016846
0.288066
0.166667
0.003662
0.113333
0.047445
0.512821
0.021739
0.179894
-0.000244
0.012451
0.445455
0.419355
-0.000732
-0.005127
0.198925
0.612403
0.051471
0.064000
0.306011
-0.011963
-0.015625
0.253886
-0.011230
0.112299
0.664234
0.176056
0.101911
-0.000244
0.075676
0.135678
0.403226
0.005127
0.148472
0.004639
0.922078
-0.008057
0.001709
0.033898
0.043750
0.319444
0.175182
-0.012451
-0.019775
-0.005615
0.688000
0.009033
0.000977
0.356061
0.417391
0.248276
0.003418
-0.003418
0.141026
0.360902
0.012695
0.695238
0.031414
0.025806
0.136364
0.179104
0.122807
0.840580
-0.008301
0.196262
0.076923
0.007080
0.152381
-0.009521
-0.017334
0.196809
0.258065
0.154839
0.003418
0.358289
0.014893
0.325301
0.010254
-0.009033
0.013825
0.000488
-0.011475
0.095238
0.056604
0.210526
0.283019
0.005127
0.407407
0.010498
0.010010
0.353659
-0.000488
0.054264
0.364929
0.191176
0.067227
0.336449
0.390977
0.333333
-0.023926
0.003418
-0.004395
-0.031494
0.012451
-0.002930
1.283582
0.214765
0.734694
-0.005371
0.358209
0.238806
0.890110
0.690265
0.351064
0.964286
0.127168
-0.008545
0.339286
0.329341
0.039773
0.006836
0.117647
0.204082
-0.004639
-0.017090
-0.008057
0.573529
0.008057
0.002930
-0.000977
0.014160
0.016846
0.003174
-0.020996
-0.008057
-0.000244
0.000732
0.006836
0.000977
0.010498
0.007812
-0.014893
0.216418
-0.002686
-0.001953
0.020508
-0.031006
0.202970
0.032086
0.374532
0.002930
0.018799
0.035398
-0.007568
-0.000977
0.014893
-0.015869
-0.004150
0.002197
0.001953
0.003906
0.001709
0.000000
0.005859
0.002686
0.010742
-0.011475
0.015504
-0.003662
0.013428
0.013184
0.097015
0.111111
0.108696
0.248521
0.439130
0.086207
0.200000
0.014648
0.672414
-0.005615
0.097436
-0.016113
-0.013672
-0.006836
-0.010254
0.008301
-0.005371
-0.002441
0.025635
0.009033
0.006348
-0.006592
0.015625
0.009277
0.019043
0.006104
0.001709
-0.001221
-0.011230
-0.016602
-0.002441
0.377660
0.187500
0.213740
-0.004883
0.007568
0.270440
0.007080
-0.012207
-0.004395
-0.011719
0.010986
-0.006592
0.010742
0.002197
0.010254
-0.012939
-0.002197
-0.021729
-0.007324
0.010498
-0.008301
-0.001221
0.004883
-0.020996
-0.010498
-0.001465
-0.018311
0.070000
0.220513
0.190476
0.260870
0.032258
0.167785
0.061033
0.147059
0.001221
-0.007080
-0.002197
0.013184
0.001221
-0.016602
0.006104
0.004639
-0.005371
-0.003174
-0.010498
-0.023926
-0.004883
-0.020996
-0.004639
-0.004150
0.002197
-0.009033
0.205882
-0.011475
0.137405
0.354839
0.261307
0.305648
0.077612
0.193966
-0.001709
0.120000
0.412587
0.000977
0.016357
0.007568
-0.008789
-0.006592
0.004639
-0.017578
-0.009521
-0.003174
0.007812
0.006836
0.005127
-0.001953
0.001465
0.006104
-0.004639
0.404412
0.062780
0.474227
0.488889
0.309091
0.047393
0.000977
0.242991
0.005371
0.131429
0.364486
-0.005859
-0.012451
0.000000
0.185841
0.079470
0.150000
0.113043
0.261438
0.100719
0.010010
0.002197
-0.006592
-0.000977
0.008789
0.002686
-0.010986
-0.000244
0.006104
0.146789
0.324176
0.042471
0.424581
0.121693
0.110619
0.161435
0.478992
-0.003662
0.383838
0.331325
-0.003174
-0.001221
0.283465
0.060403
0.374046
0.188976
0.009033
0.027933
0.078571
-0.004639
0.017822
0.007812
0.007324
0.000488
-0.000244
0.021858
-0.003662
-0.004639
-0.004883
0.001465
0.616071
0.255605
0.001953
0.144681
0.324561
0.019531
0.129808
0.173709
0.033898
0.611111
0.071429
0.455128
0.704762
0.083032
0.002930
0.006592
0.411215
0.005615
-0.004395
-0.026123
-0.000244
-0.001709
0.001465
0.006104
0.662338
0.300000
0.057915
0.018519
-0.001709
0.076642
0.000732
0.016113
-0.000000
-0.023926
-0.011230
0.156069
0.073333
0.010498
0.008545
0.166667
0.783333
0.158192
0.005127
0.015000
0.076531
-0.015869
-0.003418
0.005371
0.000488
0.022461
-0.001953
0.166667
0.025000
0.600000
0.284360
0.281106
0.240310
0.115152
-0.016113
-0.015869
0.005859
0.721739
0.000488
0.039216
0.166667
-0.009033
0.007568
0.121951
0.007080
0.148810
0.155440
0.023077
0.002930
0.250000
-0.011719
-0.001953
-0.011963
0.003174
0.039474
-0.001221
0.165680
0.234375
0.130435
0.005291
0.052885
-0.010010
0.202055
0.010010
-0.000244
0.010010
0.495868
0.290323
0.002686
0.001953
0.008789
0.093750
1.100000
0.001221
-0.013428
0.013916
0.546667
0.004639
0.005127
0.007568
0.013672
0.134146
0.005615
0.093023
0.259259
0.351351
0.300000
0.598765
0.009521
0.572254
0.281915
-0.018799
0.099415
0.147436
-0.014160
0.061111
0.363636
0.028369
0.011230
0.449438
0.200000
-0.019287
0.055556
0.264516
-0.020508
-0.014648
-0.021240
-0.013672
-0.005615
0.000000
0.031088
0.139037
-0.004150
0.208589
0.212903
-0.008301
0.234286
0.205479
0.058020
0.008301
0.008545
0.411215
0.220721
0.217172
0.000977
-0.006592
0.081761
0.015137
0.005859
0.012903
0.000000
0.491228
0.007324
-0.004150
-0.011230
0.019531
0.006348
0.114650
0.163462
0.020508
0.194872
0.185185
0.196850
0.078212
-0.003662
0.021484
0.007324
0.137184
0.094340
0.014648
0.152941
0.154545
0.280488
-0.010010
0.705882
0.467391
0.003662
-0.002930
0.002441
-0.007080
-0.012207
-0.020508
-0.024902
0.006592
0.385321
0.007568
0.003906
0.028708
0.005747
0.280488
0.339286
0.001709
0.529412
0.237838
0.457031
0.210117
0.000732
0.630137
0.372881
-0.007324
0.198198
0.706587
0.127168
0.000488
0.013423
-0.010498
0.011963
-0.001221
0.004150
-0.003662
0.009521
0.004395
0.009521
-0.011475
-0.007080
1.564516
0.107143
0.521739
0.236842
0.925234
0.487047
0.026882
0.048246
0.319328
-0.000000
0.021978
-0.002686
0.237838
0.354839
-0.002686
0.056680
0.014893
0.130841
-0.007568
-0.003418
0.010254
0.006592
0.002686
0.001465
-0.016846
0.012695
0.005859
0.011963
0.010638
0.005859
0.377551
0.248276
0.076471
0.010986
-0.018799
0.196364
0.215190
0.005127
0.016602
0.015625
-0.001953
-0.017334
0.543860
-0.013916
0.028090
0.008789
0.010010
-0.013428
0.009277
-0.012939
-0.000732
0.273333
0.129032
0.711111
0.577778
0.191489
0.283465
-0.016113
0.674157
1.041096
0.104167
0.027027
0.042373
0.158672
0.282946
-0.008301
0.108108
-0.001465
-0.001465
0.484848
0.668874
0.364706
-0.043701
0.006836
-0.005371
0.002930
0.004150
-0.003418
-0.026855
-0.016602
0.492063
0.010010
0.603175
-0.001465
0.008301
-0.016602
-0.022705
0.080851
-0.008301
0.000000
-0.010010
0.314079
0.167614
-0.002686
0.237113
-0.018066
-0.001221
-0.008301
0.234848
0.015137
-0.023193
0.002441
0.014648
-0.007080
-0.008789
0.115044
0.004883
-0.006104
0.040230
-0.019775
0.282051
0.014160
-0.008057
-0.001953
0.176471
0.363636
0.156863
0.217105
0.361446
0.223776
0.079114
0.010000
-0.016113
0.159722
0.018555
0.041322
0.077519
-0.003906
0.059072
-0.006592
-0.028320
0.000488
-0.002930
-0.004395
-0.023682
-0.007080
0.141176
0.188776
0.453608
1.214286
0.085938
0.006348
0.078818
0.337349
0.315000
0.591304
0.323810
0.076596
0.240418
-0.002686
0.043956
0.158784
0.097222
0.009766
0.136585
0.101010
0.253521
-0.020020
-0.018555
-0.016602
0.012695
0.003174
0.191882
0.003906
-0.001709
0.253425
0.008057
0.010010
0.083004
0.022705
0.139013
0.069597
0.006836
0.326316
0.061404
0.132308
0.062222
0.239316
0.054662
0.004883
0.032520
0.051852
0.141631
0.037313
0.088670
0.102679
0.226766
0.139610
0.068670
0.279188
-0.010254
0.126638
0.165138
0.036621
0.064057
0.073579
0.102990
-0.010742
0.339806
0.136546
0.095082
0.061947
0.013916
0.269618
0.002930
0.013216
-0.002686
0.188841
0.167464
0.191011
0.091463
0.045082
0.213270
0.190476
0.381720
-0.009766
0.262295
0.179104
0.004395
0.000732
0.196429
0.002686
0.328671
0.015869
0.008545
0.145038
0.048649
0.256410
0.139013
0.121212
0.175439
0.175896
0.079498
0.364103
0.063830
0.004395
0.185185
0.477064
0.577381
0.493151
-0.013184
0.005371
0.001709
0.150259
0.156250
0.371069
-0.009277
-0.020752
0.017578
0.067797
0.219008
0.237838
0.275000
0.217877
0.039062
0.280822
0.368201
0.201220
0.302239
0.052863
0.139738
0.210811
-0.010010
0.966667
0.014493
0.012939
0.233333
0.189655
0.001465
-0.003662
0.333333
-0.007324
0.086294
0.052910
-0.016602
0.238994
0.076923
0.145161
-0.025146
0.007324
0.004883
0.069364
0.004639
0.558824
-0.013672
0.374150
0.535714
0.007143
-0.007812
0.011230
0.003662
0.011719
0.463158
0.306931
-0.001709
0.015137
-0.014404
0.038278
0.040541
0.300000
0.400000
0.292208
0.001709
0.591837
-0.001953
0.154255
0.164444
0.002686
0.326733
-0.003662
0.057692
0.000000
0.117647
0.242553
0.053846
0.052632
0.011230
0.697802
0.347368
0.015137
0.023682
0.015625
0.340426
-0.012451
-0.003174
0.002441
0.177515
0.006104
0.065990
0.018066
0.352332
-0.004883
0.006849
0.009033
0.013428
0.129730
0.500000
0.495495
0.369565
0.443182
0.012451
-0.006348
-0.005615
0.381579
0.011475
0.037657
0.469697
0.000000
0.017544
0.004395
-0.007324
-0.002930
0.007324
0.006348
0.213636
-0.014404
-0.009521
0.003174
0.076923
-0.002441
0.024658
-0.014404
-0.008057
0.001221
-0.000244
0.032086
0.270270
0.343558
0.010254
0.114865
0.021240
-0.001221
-0.010254
0.047414
0.348066
0.248276
0.333333
0.657459
0.000000
-0.008057
0.062069
0.266667
0.014160
-0.025146
0.020752
0.025146
0.010498
-0.011475
-0.003662
-0.013916
0.200000
0.186869
0.005615
0.008789
0.018311
0.193548
0.000977
-0.001953
0.013184
0.007812
0.006836
0.012207
0.007568
0.225000
0.016113
0.008301
0.003662
0.004883
0.254902
0.823529
0.535912
0.347418
0.401274
0.844262
0.557692
0.300578
0.285714
0.215190
0.894737
0.639785
-0.000488
0.214876
0.682432
0.112150
0.290541
-0.015137
0.177340
0.352740
0.097143
0.462963
0.363636
0.054217
0.010254
0.226519
-0.006104
0.450000
0.595092
2.011364
0.411765
0.991071
0.486842
0.378238
0.944056
0.536842
0.494565
0.496970
0.647727
1.746479
0.638095
0.490683
0.948905
-0.002686
0.014893
0.210191
0.125000
0.059016
0.000000
0.002686
0.378788
0.133333
0.404255
0.143478
0.402985
0.284404
0.865079
0.514970
0.923529
0.726368
0.355140
0.491525
0.703540
0.003906
0.945946
0.331683
1.126984
0.346535
0.757225
0.875706
0.404255
0.342105
-0.003662
0.303448
0.238579
0.010000
-0.010254
0.135000
0.009033
0.658163
0.005615
0.284884
0.257353
0.007080
0.922330
0.436464
0.611511
0.346667
0.068063
0.714286
0.340741
0.278788
0.709302
0.011475
1.679245
0.245902
0.470085
0.925287
1.320388
0.022472
-0.000488
0.017857
0.020996
0.021201
0.204188
0.010254
0.002441
0.362500
0.004883
0.008057
0.167539
-0.010986
0.200000
0.133333
0.402299
0.082090
0.242857
0.212963
0.057471
-0.010010
-0.016357
-0.017578
0.029240
0.001465
0.407216
1.234146
0.824818
-0.011719
0.006836
0.059322
0.177340
0.374517
0.006104
0.002441
0.699115
0.014404
0.001465
0.114583
0.007080
0.576923
0.009277
0.002686
0.099617
0.013184
0.348993
-0.001465
0.001465
0.006348
0.020020
-0.003174
0.316667
0.728723
0.884956
1.000000
0.712121
0.981132
0.003418
0.008789
0.103448
0.055556
0.234043
0.022222
0.217172
0.065041
0.048000
0.160804
-0.001953
0.491979
0.291667
0.471154
0.283133
0.487952
-0.000488
0.281407
0.009521
-0.008301
0.020264
-0.004395
0.001709
1.108108
1.666667
0.834646
0.383178
-0.004639
0.339869
0.005859
-0.022949
0.001953
0.022124
0.016602
0.162162
0.014893
0.275000
0.074419
0.000244
0.006104
-0.012939
0.198276
0.400000
0.035156
0.421687
0.101852
0.251232
0.006836
0.200000
0.140127
0.390374
1.656000
1.488372
-0.000488
0.328947
0.007812
0.015381
0.356589
0.253968
0.308081
-0.001221
0.003906
0.202454
1.018349
0.171004
0.546875
0.261905
-0.007080
-0.009521
0.243781
-0.001709
0.135514
0.271676
-0.018799
0.012207
0.000977
-0.003174
0.132653
1.205674
1.221698
0.458904
0.790476
-0.008301
-0.000732
0.066667
0.673759
0.002441
0.064777
0.072848
-0.000488
0.297521
0.009033
0.370536
0.630769
0.605263
0.388889
-0.003662
0.019608
0.598039
-0.006348
0.352941
-0.017578
-0.012451
-0.011963
0.200000
0.878261
1.564815
1.322034
0.303867
0.010254
0.426316
-0.002930
0.158621
0.065728
0.811688
0.277778
0.063492
0.007080
0.007324
0.000000
0.920455
0.056701
0.003906
0.093923
0.137143
0.427350
-0.003662
0.003662
0.002441
-0.014893
-0.003906
-0.004150
0.517730
1.798165
0.868217
0.350427
0.152709
-0.007080
0.101190
1.088889
0.024902
0.304762
0.003662
0.410909
0.020513
-0.000244
-0.002197
-0.012939
0.000732
0.133333
0.000244
0.306358
0.324022
0.677686
0.019048
-0.010986
0.311558
0.010742
0.007080
0.018555
0.544503
1.240741
0.983471
-0.024414
0.001953
0.320197
0.116822
0.238095
-0.016602
-0.003906
0.452055
0.007080
0.102222
0.266055
0.058065
-0.000732
0.022461
0.522293
0.003418
-0.021484
0.207317
1.685714
0.170886
-0.003418
0.013184
0.017578
0.005615
0.536723
0.635965
0.961783
0.442396
0.038298
0.282609
0.591837
0.006348
0.637500
0.395062
-0.004883
0.617647
0.398190
0.100962
0.464706
-0.036865
0.295082
0.260870
-0.010986
0.000000
0.141553
0.020101
0.433071
-0.016846
0.004395
0.142857
0.446970
0.777070
0.619792
0.961039
0.183333
0.198020
0.008789
0.047170
-0.008789
0.300752
0.011719
-0.007568
0.297468
-0.007080
-0.006348
-0.011963
0.204444
0.160305
0.429630
0.448819
0.490196
-0.004639
0.818182
0.005615
0.062762
-0.007080
-0.008301
0.002441
0.111111
0.855932
0.734807
0.319728
0.543307
0.242236
-0.013184
0.789062
0.080402
-0.006592
0.723404
-0.004639
0.234043
0.825000
-0.009521
0.001465
-0.007568
0.140127
0.002441
0.012695
-0.020020
0.104167
-0.015137
0.061644
0.025146
-0.000488
0.009521
-0.012207
0.244186
0.941520
1.261905
0.017467
0.001953
0.205882
0.876923
0.317241
0.531250
0.013428
-0.014893
0.417143
0.002441
0.064327
-0.003662
-0.010742
0.206897
0.109091
0.172249
0.365854
0.206030
0.505376
0.015869
0.005371
-0.010986
0.008789
-0.008789
0.343558
0.970588
0.651685
0.525114
-0.007080
0.014184
-0.008057
-0.004883
0.429577
0.035400
-0.006592
0.198068
0.010986
0.001221
0.086207
0.014134
0.284810
0.084821
0.269565
0.146893
0.021739
0.275862
-0.002441
0.045714
0.170000
0.250000
-0.006104
0.422886
1.180328
1.124324
0.830645
1.195876
0.888889
0.014286
-0.006104
0.178947
0.008301
0.772059
0.010254
0.060606
-0.013184
0.020000
0.252427
0.115385
0.007568
0.004883
0.136564
0.584795
0.083665
0.005127
0.013953
0.004639
-0.002686
0.006348
-0.002686
-0.023193
0.622283
1.051383
2.284314
0.566667
0.125628
-0.002441
0.029240
0.018555
0.287736
0.111801
0.327273
0.111702
-0.011963
0.295775
0.309091
0.000488
0.158924
0.009033
-0.005859
0.087649
0.027344
0.415441
-0.009033
-0.011475
-0.018555
0.000732
0.218430
0.270270
0.721739
1.081448
0.525862
-0.000732
0.000488
0.165289
0.005831
0.194853
0.060345
0.283019
-0.021729
0.502857
0.204724
0.303318
0.157100
0.013453
0.014648
0.167082
0.333333
0.049724
0.187500
-0.007324
-0.024902
-0.013428
0.025391
0.020134
0.031982
-0.003174
0.341772
0.014160
0.005127
0.003662
0.008789
0.006289
0.007324
0.302083
0.021368
0.267490
0.039474
0.003174
0.004639
0.425926
0.077640
0.031884
0.009766
0.008301
-0.011230
0.213389
0.085714
0.275676
-0.003174
-0.004395
0.460938
0.006348
-0.002686
0.352632
-0.012451
0.005615
0.035533
0.000244
0.027588
-0.009766
-0.000732
-0.000000
0.044693
0.053435
0.327684
0.444444
0.010010
0.300000
-0.000000
0.148607
0.015869
0.055944
0.002930
0.349206
0.039823
-0.013916
0.036458
0.002441
0.000000
0.007812
-0.013916
-0.015137
-0.003418
0.016113
0.000977
0.079545
0.012695
-0.024902
0.386503
0.039474
0.341615
0.223404
0.017699
0.008789
0.362791
0.001709
0.267490
0.005615
0.278481
-0.002686
0.212598
0.000244
0.321839
0.338346
-0.009277
0.228346
-0.002930
0.503546
0.176000
-0.004150
0.206897
0.003418
0.008057
0.240310
0.004395
-0.013916
0.015748
0.006592
0.134615
-0.009277
0.154696
0.316456
0.004150
0.197531
0.006104
0.343750
0.041667
-0.021484
0.013916
0.087838
0.007568
0.057613
0.429412
-0.021240
0.003174
0.000244
-0.014404
0.081250
0.560606
0.086705
-0.007080
0.012695
0.077465
-0.009277
0.043103
0.597222
0.000732
-0.006592
0.001221
0.418182
-0.002930
-0.006348
0.401042
-0.010254
0.127193
-0.014160
0.243902
0.528986
-0.001221
0.070111
0.520710
0.221154
-0.006836
0.198795
0.076433
0.006104
1.257143
-0.008301
0.004639
0.073171
0.176724
-0.014893
0.273973
0.288462
-0.002441
-0.003662
0.001953
0.016602
0.330000
-0.013672
0.005859
-0.008789
-0.010254
0.165179
0.005127
-0.001465
0.462857
1.389831
1.193277
0.075949
0.084388
0.071429
0.133621
0.017090
0.065789
-0.004883
-0.002441
-0.011963
0.303030
0.145570
0.021484
0.244186
0.010986
-0.003418
-0.004395
0.007080
0.011719
0.010986
-0.000732
0.003418
0.004395
0.244318
-0.008545
0.000488
0.557252
0.846154
0.394904
0.396396
0.489691
0.277273
0.689655
0.206897
0.202073
0.406667
0.446970
0.259887
0.220588
0.004150
0.468085
-0.016602
-0.004639
-0.004883
-0.009277
0.005859
-0.002930
0.001709
0.000000
-0.003174
0.000977
0.247312
-0.000732
0.056911
0.851064
0.464789
0.633188
0.910828
1.650888
1.472393
0.949367
0.729084
0.823770
1.012579
1.064103
0.898734
0.936620
0.717557
2.708861
0.612903
0.500000
-0.020020
0.000732
0.126214
0.057325
0.000000
-0.020996
0.042208
0.003906
0.009277
0.009766
0.189024
0.338542
2.500000
1.747253
0.978610
1.406977
2.633028
1.474576
1.158879
2.009009
1.851852
1.193878
1.668919
1.643750
2.870370
2.873016
1.870130
1.246479
0.464646
0.138365
0.110236
0.017334
0.005127
0.005615
0.200000
-0.009766
0.013184
0.007568
0.114504
0.094118
0.198925
0.198113
0.288344
0.352941
0.653846
1.950000
2.285714
0.995370
2.401515
1.646259
1.603774
1.926829
2.313953
1.351351
1.113772
1.600000
0.316667
0.544715
0.264706
-0.006348
0.092025
0.080569
0.390805
0.201613
0.007568
0.302469
0.153846
0.072289
-0.005859
0.150943
0.000244
-0.002441
0.260000
0.117925
0.552000
0.105634
0.405263
1.000000
0.955556
0.941520
0.919048
1.529680
1.044944
0.169399
1.600000
0.792079
0.080460
0.362069
0.010254
0.273885
0.067729
-0.003906
0.070175
-0.004639
0.051020
0.500000
0.010986
0.742574
-0.005615
0.430168
-0.001465
0.017578
-0.009277
-0.000244
0.427350
-0.006104
0.107784
0.378788
0.722222
0.579208
1.017647
0.438503
0.857143
0.591716
0.250000
-0.002930
0.062802
-0.000977
0.193443
0.173469
0.017090
0.733333
0.009766
0.336134
0.008789
0.130719
-0.004395
0.605263
-0.018555
-0.003662
0.004150
-0.002441
0.143939
0.125000
0.277778
1.184000
0.444444
0.576577
0.595122
0.550505
0.586498
0.433526
0.122642
0.008811
0.240000
0.096774
0.171930
0.138075
-0.006836
0.092486
-0.011963
0.006592
0.003418
0.237838
0.003418
1.183673
0.053763
0.006104
0.353846
-0.008301
-0.004883
0.132275
0.732218
1.000000
2.825397
0.523810
0.535714
1.338028
-0.014160
0.138393
0.086294
0.089552
0.065844
0.021127
0.003906
-0.001465
0.000244
0.139241
0.004150
0.025146
-0.009521
-0.022461
1.615385
-0.017090
-0.007080
0.227273
0.020020
0.133028
0.011070
0.138889
1.315534
1.063218
0.861842
0.235669
0.823529
0.500000
0.281481
-0.023438
0.455446
0.160428
0.144654
0.163934
-0.011475
0.171717
0.011765
0.217593
0.006897
0.116279
0.006592
0.004883
-0.006836
0.247619
-0.014648
-0.010742
0.061033
-0.007324
0.103960
0.747664
0.315476
0.447236
0.623457
0.453333
0.405556
0.913462
0.217391
-0.016846
-0.010010
0.024414
0.225641
0.009277
0.131206
-0.025635
0.270142
0.222222
0.029586
-0.003418
-0.018799
-0.002441
0.009766
0.013184
-0.001709
-0.005615
0.240000
-0.008301
0.730769
0.695652
0.522936
0.675532
0.375000
0.570423
0.028369
0.006836
0.330935
0.204545
-0.005371
-0.013428
0.338346
0.569307
-0.007568
0.010010
0.036199
0.063492
0.741667
0.006348
-0.027344
-0.003662
0.012939
0.706522
0.285714
0.516949
0.583893
0.738255
0.746411
0.581633
0.604762
0.911111
0.330000
0.608392
0.164948
0.000000
-0.012207
0.663551
0.311594
-0.004639
0.421053
-0.006836
0.129464
0.065116
0.029412
0.063636
-0.002930
-0.006592
0.157609
0.140496
0.088235
-0.002441
0.014893
-0.020752
-0.012939
0.976000
1.331034
0.893617
0.657343
2.893617
0.639098
0.886667
0.011628
0.163934
0.274648
0.028320
0.132000
-0.007812
0.019775
0.322835
0.000244
0.101770
0.438679
0.085106
0.007812
0.299401
0.571429
-0.002686
0.118919
0.001953
-0.006104
0.021729
0.507177
1.383648
0.685897
0.930108
0.622222
3.628571
0.554054
0.782051
0.026316
0.003174
0.445026
-0.007080
0.109091
0.010989
-0.001953
0.028090
0.010152
0.400000
0.106122
0.050847
0.164557
-0.015137
0.524272
0.363636
-0.001709
2.853659
0.237762
0.382488
0.875000
0.884615
0.872832
1.642336
0.689266
0.564626
0.073529
0.617886
0.022705
0.317204
0.139037
0.639535
0.030120
0.011719
0.373626
0.093567
-0.010498
0.551887
-0.009766
0.595092
0.002441
-0.007568
0.543624
0.223301
0.052174
-0.019287
-0.002930
1.226950
1.202381
0.781659
0.959064
0.238411
0.780749
0.077626
0.005859
0.096939
0.038168
0.292517
0.074074
-0.005371
0.006348
0.097959
0.008301
-0.003174
0.184669
-0.005371
-0.009766
0.234973
0.181395
0.272222
-0.002686
-0.010986
-0.012207
0.000977
0.684685
1.252033
0.651961
0.961905
1.064516
0.204545
0.296610
0.279570
0.362319
0.003418
0.343284
-0.000244
-0.002197
0.000732
-0.041992
-0.000732
0.019685
0.119048
0.479675
-0.002441
0.376289
0.011230
0.154255
-0.009766
-0.001709
0.190141
-0.024902
0.525253
0.114094
1.000000
1.070707
1.237838
0.449102
1.689189
0.370130
0.631068
0.337748
0.397590
0.016846
-0.028809
0.016357
0.109589
-0.009521
-0.006348
-0.003174
0.369668
-0.004883
-0.001953
-0.002197
-0.002686
-0.008545
0.262009
0.491018
0.004150
0.023438
0.226852
1.696970
1.198675
1.946429
0.862500
3.897436
0.745192
0.621849
0.005371
-0.005127
0.217949
-0.004150
0.023438
-0.001709
0.095541
0.007568
-0.000488
0.164706
0.000488
0.172840
0.240000
-0.012695
0.753731
0.014160
0.002686
0.056452
0.062780
0.373626
0.222826
0.397790
1.558824
1.514286
0.613240
0.897436
0.659341
0.358491
-0.002441
0.006104
0.407186
0.149321
0.001953
0.276151
0.071749
-0.009033
-0.012207
0.109489
0.039683
-0.007324
0.001953
0.126246
0.111511
0.105505
-0.018311
0.090129
0.000244
-0.007324
0.094203
0.262799
0.521739
0.768889
0.605263
0.309524
0.454936
0.295977
0.009766
0.008057
0.019531
0.381579
0.841772
0.150685
0.104839
0.267241
0.120155
-0.017090
0.015381
0.109626
0.018908
0.177083
-0.008545
0.112319
0.100000
0.172911
-0.002197
-0.006592
0.002441
-0.010254
0.030534
0.203540
-0.002686
0.013916
0.206687
0.088889
0.155556
-0.013184
0.001221
0.014793
0.420213
0.125000
0.145923
-0.004883
-0.012207
0.112971
0.033708
0.057471
-0.004150
0.000244
0.145540
0.452381
-0.017090
0.119760
0.001953
-0.005371
0.034247
0.015094
-0.014893
-0.003174
-0.018799
0.008057
0.004639
0.291667
0.334951
0.019608
0.112195
0.006104
0.301980
0.096000
0.007568
0.011230
0.194553
0.302632
0.031532
0.012739
0.215686
0.000488
0.000244
-0.000244
-0.018311
-0.003174
0.060606
0.404255
0.227723
0.033557
0.003906
-0.000732
0.182857
0.009277
0.010254
0.204082
0.464789
0.300578
0.138158
0.011230
0.017578
0.003906
0.064516
0.177778
0.002686
-0.009521
-0.002686
0.269461
0.023810
-0.002441
0.243523
0.004150
-0.005859
0.010254
0.020508
-0.006348
0.010010
0.015381
0.144578
0.093960
0.248062
0.015625
0.000977
0.178082
0.389937
-0.005859
0.001953
0.529032
0.001221
0.000000
0.000488
0.166667
0.401515
0.008057
0.463415
0.212928
-0.012207
0.157191
0.232323
-0.004150
0.374233
0.002441
-0.001709
-0.005127
-0.004639
0.226994
0.116379
0.022217
0.222930
0.029851
0.107143
0.084507
0.002197
0.095745
0.337963
0.105528
0.620000
0.025391
0.376623
0.022461
-0.007324
0.231183
-0.002930
0.088235
0.014404
0.600000
-0.010742
0.179856
-0.017334
-0.011963
0.062500
0.171233
0.181818
0.317919
-0.010498
0.064815
-0.011230
0.179775
-0.012695
0.005859
0.278409
0.002930
0.326733
-0.016846
-0.005859
-0.006592
-0.004150
0.078431
0.676692
0.116279
0.047059
0.300725
-0.013428
0.000488
0.083333
0.057416
0.000977
0.751825
0.578652
0.601695
0.552083
0.190698
0.703947
0.357143
0.462312
0.342105
0.793388
0.350746
0.459459
0.053763
0.438144
0.514563
0.304636
-0.000977
-0.014648
-0.001221
0.031250
-0.010742
0.108374
0.017822
0.164557
-0.000732
0.006348
0.090909
0.769231
0.173184
1.043902
0.967136
1.557692
1.093023
0.735294
1.282258
0.607477
0.395349
1.306818
0.520619
0.631579
1.096774
0.917293
0.877863
-0.016846
0.037594
0.012939
0.116505
-0.009521
-0.001953
0.251121
0.058577
0.041139
0.265823
0.034483
0.739130
1.100917
0.721739
1.250000
1.663366
1.496732
1.912752
2.918033
1.527778
0.843434
0.980488
2.126050
1.021898
1.842105
2.827273
1.212389
1.250000
0.868966
1.558824
0.105769
0.056000
0.238806
0.043956
-0.010742
0.002930
0.045198
0.144737
-0.004639
0.384615
-0.015869
0.982456
1.029851
0.892617
0.836066
1.164634
0.974093
1.504587
1.480769
4.790323
2.182796
1.686047
0.986395
1.635135
1.450237
1.414815
1.070000
0.826446
-0.009277
0.186528
0.005859
-0.003906
-0.002686
0.149466
0.058824
0.012939
0.020752
-0.004883
0.520833
0.007812
0.630682
0.553073
0.192308
0.401361
0.205128
1.239437
0.180124
0.664804
0.867647
0.707317
0.928177
2.338710
1.848485
1.411215
0.299435
0.017090
0.006104
0.080357
0.009521
-0.000488
0.232227
0.098291
0.001221
0.149321
0.192547
0.440476
0.170940
0.285714
0.012097
0.561404
0.014648
0.008057
0.007812
0.056410
-0.001465
0.081761
0.558824
0.297101
0.359848
1.136364
1.497487
1.040698
-0.004150
0.000244
0.207865
0.083333
-0.004395
0.642857
0.002441
0.128788
0.069767
-0.001953
-0.000244
0.781250
-0.008789
0.524324
-0.006592
0.015381
0.336323
0.596491
0.229050
0.203390
0.145540
0.005859
0.315476
0.656250
0.545455
2.046358
2.176471
1.345238
-0.006348
0.007568
-0.018066
0.006329
0.001953
0.370000
0.061135
0.005371
0.300847
-0.012695
0.078125
-0.003662
0.220000
0.232000
0.100000
0.410072
0.002930
0.404762
0.120000
0.496599
0.000244
0.326087
0.020264
0.789116
1.869565
1.732824
1.111765
0.303191
-0.011963
0.005615
0.007568
-0.011963
0.315217
0.270588
0.187097
-0.000732
0.243446
0.011719
0.002197
0.180723
-0.004883
0.031915
0.567376
0.005859
0.026855
0.201613
0.234973
-0.016113
-0.009521
-0.003174
0.460993
0.911628
1.864516
1.960630
0.918605
0.815166
0.022705
-0.012939
-0.004395
-0.006104
-0.002930
0.008057
-0.013672
0.004883
-0.004150
0.125424
0.027100
0.000000
-0.001221
0.106599
0.005859
0.459574
0.018750
-0.010254
0.086022
0.102041
0.108108
0.000000
0.870748
2.649123
2.222222
2.407895
0.435685
0.281437
0.002197
-0.015625
-0.005371
0.001221
0.023364
0.009766
0.059701
0.002686
-0.008057
0.330097
0.176471
0.113208
-0.015625
0.051724
0.009521
0.007568
-0.000732
0.109589
-0.013428
-0.002930
0.001465
0.276119
0.860825
2.000000
1.321212
1.590164
-0.001709
0.126263
-0.004883
0.019531
0.278788
-0.012695
-0.003174
0.003174
-0.012695
0.260163
0.056604
0.211111
-0.020996
0.388889
-0.004883
0.131579
0.005371
0.082873
0.191781
0.000000
0.010742
0.013916
0.462121
0.287234
1.335404
2.008000
1.413793
0.468900
-0.013184
0.012451
0.247863
0.095041
-0.016846
-0.006348
0.008301
0.262295
0.196532
0.407273
-0.005615
0.376543
0.291480
0.125749
-0.018799
0.087248
-0.004639
0.134078
-0.005371
0.004639
0.005127
0.197605
0.056497
6.142857
1.278846
1.789474
0.156977
0.238636
0.004150
-0.007568
0.561983
0.097143
-0.007324
0.001709
-0.007812
0.004975
0.028320
0.300319
0.017090
0.377049
-0.012939
0.138889
0.138728
-0.009033
0.147929
0.003662
0.014404
0.023682
0.232365
0.816901
0.877778
0.968254
1.038710
1.015000
0.005615
-0.013672
0.115385
-0.001709
0.012939
0.714286
-0.017090
-0.001709
0.218623
0.023193
0.008301
-0.001709
0.061538
0.052288
0.006592
0.079470
0.495495
0.340136
0.836735
0.168478
0.116564
0.320000
0.352273
1.429630
1.349398
1.543011
1.405405
0.729885
0.222772
-0.010010
0.265823
0.346821
-0.002930
-0.011963
0.090909
0.005435
0.002441
0.221053
0.204380
0.018809
-0.002197
0.440476
0.247059
0.017334
-0.012451
0.120000
-0.008789
0.732673
0.006348
0.387324
0.015873
0.966667
1.859259
1.216327
0.768000
0.260563
-0.011475
0.198529
0.055172
0.211538
0.004883
0.085106
0.413174
0.002441
0.034014
0.145349
-0.018066
0.305419
0.001709
0.002441
-0.007812
0.001709
-0.000488
0.305344
-0.006836
0.227979
-0.010010
0.108280
1.465517
2.158416
1.822695
1.789474
1.187500
0.015625
0.131034
0.014160
-0.010254
0.341991
0.293194
-0.007324
-0.000488
0.071429
-0.005615
0.000000
0.004150
0.372781
0.138340
0.147368
0.004639
0.140625
0.004395
0.076923
0.000000
0.141975
0.049180
0.543379
6.393939
1.594340
2.180000
1.286765
-0.010010
-0.001465
0.015625
0.150754
0.008789
-0.011475
0.232804
0.445545
0.005615
0.289474
0.006592
-0.016357
0.051282
-0.006592
0.011475
0.000488
0.003174
1.056180
0.090395
0.468293
0.003906
0.003906
0.006104
1.071038
1.390625
2.291667
0.917355
0.743590
0.242604
0.017334
0.004150
0.053398
0.007812
0.620253
-0.001221
-0.009033
0.592593
0.017578
0.122449
0.006836
0.406780
0.197026
0.333333
0.113636
0.034188
0.022217
0.468354
0.439024
0.023810
0.022705
0.688073
1.934783
2.223022
1.666667
0.771930
0.166667
0.003662
-0.002441
0.125984
0.020020
0.155689
-0.009521
0.210191
0.100000
0.000000
0.005859
0.166667
0.522876
0.007080
0.005127
0.432558
0.081272
0.316901
0.486842
0.170068
0.215789
0.003418
0.019043
0.066327
0.532075
1.041825
1.966942
0.956311
0.349794
-0.007324
-0.000488
0.072539
0.275862
-0.012451
0.004150
0.103704
0.443243
0.019802
0.107143
0.005371
0.009766
0.162319
0.018349
0.023762
0.001953
0.000488
0.069767
0.007080
-0.004639
-0.005615
0.012451
0.426087
0.285211
0.802721
1.125000
0.005127
0.003418
0.170984
0.371257
-0.008057
0.115538
0.024221
0.077206
0.245690
0.024658
-0.010254
0.237762
0.088710
-0.008301
0.133779
0.250774
0.106667
0.381215
0.173611
0.112245
0.011719
0.008057
-0.003418
0.173285
0.009033
0.353175
0.194313
0.016447
0.057692
0.160959
0.003418
0.195122
0.000488
0.112045
0.271186
0.009033
-0.012695
0.353896
0.006592
0.336788
0.004395
-0.010010
0.039394
0.118110
0.141772
0.047273
0.407407
-0.019287
0.274882
0.400000
0.002197
-0.016357
0.041379
0.000732
0.003662
0.232877
0.176796
0.120879
0.474453
0.177606
-0.000732
0.225532
-0.008057
0.280543
-0.013184
0.270833
-0.000000
0.145631
0.321839
0.001465
0.106719
-0.002197
-0.009033
0.010498
-0.001465
0.333333
0.333333
-0.002441
0.011230
0.008545
-0.001953
0.439516
0.538462
0.019775
0.001953
0.355556
0.172222
0.008789
0.118750
1.230769
-0.000488
0.068702
0.001709
-0.008789
0.006104
0.037975
0.096070
0.064935
0.285714
0.085973
0.376068
0.001465
0.027027
0.042194
-0.016846
0.006348
0.285714
0.135135
0.092784
-0.014160
0.840708
0.000000
0.449367
0.007568
-0.013672
0.100000
0.007324
0.083333
0.263473
0.002441
0.333333
0.013184
0.088889
0.313953
0.000977
0.004639
0.031494
0.000732
0.333333
0.046296
0.322581
0.295276
0.523810
0.010254
0.003662
0.143541
0.566434
0.022461
0.530000
0.261905
0.031447
0.018311
0.008789
0.356808
0.000000
0.585859
0.295858
-0.006348
0.010742
0.020134
0.206349
0.385965
0.211180
-0.004395
0.093117
0.029630
-0.006348
0.465409
0.668605
0.026455
0.162791
0.717647
0.055000
0.182320
-0.003418
0.119760
0.357724
0.012451
-0.002197
0.169811
0.523810
0.192308
0.002197
0.217172
0.013916
0.616541
0.700000
0.000000
0.045802
0.169492
0.164179
0.143590
0.014648
0.347150
0.017822
0.116592
-0.008057
0.341935
0.267176
0.009804
-0.024902
0.006836
0.130952
-0.004883
0.005615
-0.004883
0.008789
0.009277
0.191489
-0.005615
-0.002930
-0.018066
0.029297
0.007812
-0.019531
-0.012451
0.561905
0.003418
-0.020996
0.168831
0.078534
-0.014893
0.181230
0.247253
0.006592
-0.012207
0.044248
0.288732
0.013428
-0.006348
0.298507
0.220339
0.094595
0.118644
0.003906
-0.004639
0.013916
0.009766
-0.001709
0.006348
-0.006836
0.098039
-0.003906
0.281250
-0.002930
0.538462
0.308140
0.008789
0.009277
0.124378
0.416268
-0.027344
0.008057
0.195745
0.240909
-0.009521
-0.002930
0.150838
0.349515
0.952381
1.552632
0.362500
0.981982
0.160000
0.702830
0.430769
0.909910
0.155462
0.000977
0.012451
0.528846
0.633588
0.304762
0.145349
-0.015137
0.003418
0.163462
0.142857
0.224138
0.204225
0.008545
-0.003174
0.011475
0.535032
1.298851
0.946154
0.818653
2.488095
1.586466
1.383562
0.836842
1.264516
2.176471
0.849673
0.877778
1.464286
0.826087
0.815385
0.397436
0.822314
0.919118
0.009033
0.395349
0.003662
-0.033203
0.006348
0.362140
-0.007080
0.719697
-0.006348
-0.015869
0.408696
0.240260
1.057803
1.948718
1.630137
1.450331
0.835664
1.058480
2.206107
1.085227
2.944444
1.870000
1.381944
0.692810
1.446043
1.215686
2.513514
0.813953
0.001709
0.140000
0.086957
0.175325
-0.005859
0.006104
0.028564
0.014404
0.414141
-0.005859
-0.007812
0.147887
0.198675
0.889764
0.463687
1.060606
0.002197
0.978378
0.691589
0.694175
1.372263
1.303797
0.291304
0.281609
1.261261
1.308571
2.987342
1.007576
0.489510
-0.012695
0.120000
0.019775
0.240896
0.165217
-0.003174
0.013916
0.008057
0.078818
0.312500
0.500000
-0.018066
0.154839
-0.015381
0.046729
0.017578
0.003906
0.008789
0.003906
0.155251
-0.003418
-0.012939
0.035088
1.470588
0.887967
0.705607
0.315315
0.008545
0.210145
0.465347
0.305389
0.014793
0.016357
0.181373
0.003662
-0.004639
0.082707
0.026178
0.006592
-0.018799
0.405172
0.081633
0.233161
-0.000488
-0.005615
0.593023
0.003174
0.282051
0.058394
-0.022949
0.737143
1.414773
1.757396
0.847222
0.758621
0.240175
0.015381
0.690909
0.620690
0.164609
0.319838
0.257576
0.282759
0.045045
-0.002197
0.180451
-0.005127
0.317073
0.001465
0.253521
0.709402
0.027588
0.021973
0.012695
0.013514
0.003662
-0.000732
0.007812
1.826389
1.375723
0.518519
0.200000
0.061983
-0.009033
0.143678
1.090909
0.262626
0.004150
0.000977
0.124260
0.597315
0.005371
0.349398
0.163636
-0.000977
0.149660
0.830508
0.320755
0.140000
0.001465
0.000000
-0.004150
-0.006104
-0.002197
0.009277
0.214286
1.552326
1.134752
0.664062
0.027588
0.748031
0.066667
0.005650
0.011475
-0.005371
0.223744
0.224000
-0.005615
0.125714
0.014404
0.002930
0.293478
-0.011719
0.289720
0.594444
0.002686
0.275109
0.166667
-0.007568
-0.016846
0.000732
0.005859
0.664773
0.661417
1.287958
1.027523
0.343915
0.218182
0.012939
-0.006104
0.003906
0.681319
0.035897
0.107011
0.065990
0.009091
0.371681
0.423077
-0.002686
-0.001709
0.014354
-0.001221
0.161677
0.979798
0.052885
0.393258
0.129412
0.013672
0.132450
0.047170
0.383399
1.656000
1.236364
1.934066
0.191919
0.814286
-0.010010
0.283688
0.328358
-0.010254
0.120438
0.002686
0.000732
0.177083
0.500000
0.160194
0.008057
0.121212
0.452381
0.010498
0.177914
-0.011230
-0.008057
0.037433
0.003662
0.008789
0.000488
0.514563
1.144828
1.661290
0.429688
0.000000
0.132948
0.072072
0.156250
0.637681
-0.009033
0.000244
0.248276
0.004115
-0.006836
0.161458
0.440000
0.402985
0.007812
0.267327
0.198020
0.775000
0.150943
0.309091
1.287879
0.268041
-0.009766
-0.001953
-0.005615
0.490066
1.000000
1.752137
0.666667
-0.010742
0.004150
0.000244
0.197531
0.580000
0.392593
0.558824
0.210938
0.003418
0.246154
0.135484
0.858156
0.001709
0.065574
0.459854
0.406897
0.022949
-0.004639
0.200000
0.263889
-0.012695
0.009766
0.007324
1.081633
1.287879
1.746479
1.595238
0.481283
-0.012451
0.379182
-0.014160
0.009033
0.006104
-0.011230
-0.002197
0.039474
0.092105
-0.011475
0.380952
0.197368
0.203463
0.264706
0.077419
0.210938
0.084615
0.553191
0.010254
0.016846
0.021973
0.002930
0.358289
0.983122
2.016807
1.000000
0.471074
0.001709
0.366460
0.404255
0.021973
0.000000
0.005615
0.529801
0.273148
0.007194
-0.001953
0.049645
0.208333
-0.003906
0.015869
0.244186
-0.009277
0.133333
0.002686
0.007353
0.323529
-0.011963
0.015625
-0.007568
0.531579
2.366667
1.957627
0.484536
0.417582
-0.007324
0.219388
-0.000732
0.011429
0.209424
0.026611
0.009033
0.331522
0.224806
0.211765
0.158730
0.004639
0.023193
0.472973
-0.004395
0.858065
0.016846
0.562500
-0.010498
0.016357
0.003174
-0.014160
0.441441
1.293194
2.757576
1.264516
0.260606
0.000732
-0.019531
0.261111
0.005371
0.006104
0.010010
0.410480
0.400000
0.450000
0.010986
-0.002686
0.191837
-0.013184
0.018066
-0.012207
0.000488
0.209756
0.208333
0.237500
0.166667
-0.002197
0.004395
0.158163
0.638889
1.560000
0.921466
0.842767
-0.020752
0.313253
0.133333
0.196172
0.003418
0.001953
0.141844
0.009033
-0.002930
0.006104
-0.005127
0.262172
0.111111
0.341880
0.008065
0.110345
0.403974
-0.010010
0.013672
-0.008057
1.210526
0.100000
0.352941
0.898551
1.965035
1.718121
1.628571
1.026549
0.394161
-0.005371
-0.005615
-0.005615
0.006836
0.051852
0.302564
0.338521
0.292308
0.410256
0.060976
0.000000
-0.012451
-0.002441
0.012451
-0.004639
-0.015381
-0.012451
0.067010
-0.001953
0.052885
-0.016113
0.438462
1.232955
2.630252
1.488000
0.955882
0.539394
0.306931
0.528926
0.171429
-0.007080
-0.012451
0.029661
0.012939
0.145038
0.299465
0.260870
0.045662
-0.000000
0.120968
0.107011
0.204082
0.036900
0.097166
-0.014160
0.061433
0.007812
0.132867
0.338912
0.628319
1.038961
0.845283
0.430267
0.769231
0.179724
-0.000977
-0.000977
-0.000488
0.337449
0.464481
0.029541
0.007080
0.090047
-0.014160
0.012939
0.311787
0.213615
-0.011475
0.004762
-0.008789
0.268722
-0.015869
0.009033
-0.004395
-0.019287
0.013184
0.269767
0.009852
0.002686
0.083333
0.135514
-0.015381
-0.001709
0.184100
-0.010010
0.013428
0.021277
0.001465
0.090592
0.007080
-0.005127
0.167364
0.248963
0.319079
0.008380
0.164062
0.200000
0.010986
0.136646
0.106952
0.002197
0.177515
0.177665
0.009766
0.008057
0.017334
0.006592
0.000000
0.001221
0.001221
0.172131
-0.008057
0.150000
0.453901
0.215328
0.310811
0.016602
0.015464
0.318519
-0.013916
0.003662
0.012451
0.100000
0.029053
0.154206
0.769231
0.116883
0.426396
0.065089
-0.003906
0.147929
0.308176
0.008789
-0.011963
0.106195
-0.004395
0.010742
0.535088
-0.011230
0.476562
-0.009766
-0.013184
-0.014648
0.505155
0.006592
0.002197
0.004639
0.005615
0.055944
0.527607
0.157088
0.360190
0.398058
0.041992
0.164773
0.044444
0.008057
0.363636
-0.006348
0.441176
0.054054
-0.027588
0.132867
0.004639
-0.001465
0.021973
0.004150
0.283784
0.101449
0.000000
-0.009277
-0.004150
-0.012207
-0.000488
0.006104
0.006104
0.015075
-0.003662
0.009766
0.343750
0.009033
0.389313
0.114130
0.008545
0.477273
-0.003906
0.275862
0.705263
-0.013916
0.299363
0.395833
0.573099
0.149123
0.115385
-0.006836
0.015625
-0.007812
-0.013672
0.402235
0.013184
0.591837
0.015625
0.256410
0.251969
-0.004639
0.053030
-0.002441
0.006104
0.010742
0.104839
0.289474
0.060811
0.345455
0.391667
-0.017090
-0.000244
-0.002930
-0.030273
0.266055
-0.003174
-0.013916
0.000488
0.012451
0.198347
0.244604
-0.015381
-0.003418
0.024194
0.138462
-0.010742
-0.005615
-0.008545
-0.004395
0.010742
-0.002441
0.108333
-0.000488
0.438596
0.016949
0.496063
0.017578
0.014925
0.000488
-0.013916
-0.006836
0.010986
-0.002197
-0.013672
-0.007568
-0.005127
0.013428
0.000732
0.005371
-0.018799
0.004395
0.014440
-0.004150
0.559322
-0.003418
-0.004639
0.051613
-0.002686
-0.003662
0.169014
0.309677
0.365591
-0.009033
0.560000
-0.007324
-0.016602
0.293103
-0.002930
0.107477
0.004639
-0.006592
0.016357
-0.013184
-0.006104
-0.000488
-0.014404
-0.011230
-0.010254
-0.007812
-0.005615
0.045752
-0.005615
0.285714
0.093264
0.153285
-0.023438
-0.000488
0.010986
0.054393
0.109244
0.167382
0.214286
1.015038
0.265734
3.652174
0.675439
0.535433
0.807692
0.897810
0.508475
0.542169
0.336406
0.621359
0.528302
-0.005859
-0.003174
0.000244
0.080000
-0.017090
0.075581
0.009033
-0.013916
-0.021729
-0.001465
-0.008301
0.030518
0.335821
-0.005859
-0.004639
0.149068
0.666667
0.857143
0.396104
0.960396
0.648649
0.909091
0.968504
0.542105
1.243902
1.507576
1.193939
0.661765
1.155000
0.804233
-0.003906
0.168478
0.005127
0.000000
-0.000488
0.335526
0.018182
0.000000
0.023649
0.201183
-0.000000
0.020508
0.261803
0.397351
0.163121
0.147436
0.126582
0.921212
0.632353
0.060185
0.590164
0.556818
7.368421
0.461905
0.303371
0.813953
0.826087
0.701493
0.138614
0.260870
0.774194
0.003662
0.268293
-0.001953
0.149533
0.080537
0.117188
0.260000
0.208696
-0.004883
0.260870
-0.012695
0.009277
-0.000977
0.012695
0.072917
0.008789
-0.020996
-0.008301
-0.004150
-0.018066
0.114458
-0.019043
0.002441
0.001465
0.259259
0.074627
-0.004150
-0.018799
0.002686
0.017334
0.138756
-0.011230
-0.000732
0.009766
0.033962
-0.005127
0.108333
0.537037
-0.001953
-0.005371
0.010254
0.002930
0.044118
-0.003174
0.004639
-0.005371
-0.021729
0.400000
-0.003906
0.014893
0.739726
-0.013916
0.375000
0.094787
-0.008545
0.007324
0.512397
-0.011963
-0.012207
0.429825
1.000000
0.181452
0.005128
0.028986
-0.034424
-0.007568
0.335570
0.065359
0.058824
0.099010
-0.005371
0.392694
0.078534
0.019048
0.201117
0.001465
0.289062
0.586957
0.411765
0.005155
0.512821
0.241206
0.592593
-0.001709
-0.005859
0.002441
0.139241
0.240223
0.011152
0.104918
0.294574
0.571429
0.003906
0.327273
0.194969
0.008789
-0.022461
0.027832
-0.000244
-0.004395
0.323077
0.641221
0.008301
-0.001465
0.479821
0.691057
0.350649
0.588710
0.752475
0.504132
-0.011230
0.005371
0.063584
0.797297
0.009521
-0.010010
0.004883
-0.002930
-0.021240
-0.012207
0.066351
0.004150
-0.004639
0.005859
0.071429
0.009033
0.004639
0.001953
-0.012451
0.161972
-0.009521
-0.008301
0.008545
0.966216
0.210191
0.934211
0.178899
0.326241
-0.016113
0.094340
-0.009277
-0.002930
0.237443
0.812500
-0.005371
0.029703
-0.015381
-0.012695
-0.000977
0.002441
0.238095
0.060000
0.319277
0.693694
0.158730
0.434109
0.000000
0.324176
0.031447
0.021729
0.333333
0.485075
0.073864
-0.001221
1.022472
0.257862
0.187500
0.124378
-0.006592
0.607595
-0.007812
0.068966
0.313725
0.318367
0.002441
0.153409
-0.007812
-0.006104
0.010254
-0.003906
0.001709
0.202532
-0.010986
-0.010498
0.009766
0.023438
0.173077
0.012451
0.011475
0.022949
0.210280
0.273632
-0.005615
0.008545
0.003906
-0.009521
0.226244
0.012939
0.004150
0.002441
0.233533
0.028809
0.389474
0.007324
0.001953
0.035714
0.004587
0.034722
-0.009277
0.037842
0.016602
0.640777
-0.004395
-0.007080
0.272727
0.019287
0.331915
0.310044
-0.002441
0.537736
-0.015137
0.007568
-0.006348
0.295652
-0.011475
0.013184
0.284211
0.052174
0.043902
0.012346
0.033019
0.272152
0.198020
-0.014648
-0.016602
0.081633
0.037234
0.016113
0.000000
0.008057
0.083770
0.396450
0.130719
0.069364
-0.007080
0.118881
0.206349
0.154255
0.006836
0.002930
-0.011719
0.010010
0.130719
0.015869
0.208955
0.002930
0.176871
0.014760
0.006104
0.125000
0.013184
0.008789
-0.004883
0.238095
0.142857
0.535088
0.122581
-0.005127
0.004883
0.827957
1.215385
0.007324
0.858209
0.335766
0.329268
0.021739
0.024096
-0.033203
-0.000244
-0.003418
0.033936
0.000977
-0.006592
-0.013428
0.066265
-0.018799
0.000000
0.131206
0.124088
0.207031
-0.003418
0.009521
0.476684
2.352941
0.019531
-0.002441
0.003174
-0.005859
0.357664
0.628272
0.200000
0.070485
-0.000488
-0.007568
0.420168
0.190909
0.193878
0.015381
0.003906
0.327485
0.008789
0.004883
0.329545
-0.013916
0.021739
0.297297
0.060914
0.221622
0.138889
0.248227
0.195876
0.018066
0.487500
0.147368
0.044025
-0.001709
-0.002686
0.221675
0.037037
0.000244
0.587500
0.194915
-0.002441
0.020264
0.579710
-0.008301
0.070652
0.006104
0.475000
0.367347
0.014404
-0.004883
-0.002686
0.119231
0.194030
0.324324
0.110390
0.366337
0.127389
0.091603
-0.006592
0.014893
0.405556
0.500000
0.014404
0.125000
0.092593
-0.016113
0.006104
0.272321
-0.007812
0.125926
0.109091
0.100000
0.013916
0.434783
0.147059
0.027778
0.038136
0.163569
-0.006104
0.068063
0.004639
0.038961
-0.001709
0.487952
0.707792
-0.012695
0.331579
0.517647
0.589744
0.407186
0.185567
0.455026
0.083333
0.015504
0.002930
0.178808
0.233333
0.042918
0.026123
0.006348
0.003906
0.000000
-0.022217
0.243697
0.010742
0.404000
-0.015381
0.017578
0.202020
0.021973
-0.001953
0.409836
0.017334
0.048035
0.420732
0.681319
0.699507
0.757576
0.444934
1.696078
0.035928
0.000977
0.212644
0.243243
0.005859
0.044444
0.206612
0.122807
0.300000
0.173913
0.075949
0.010254
0.295455
-0.011963
-0.002686
-0.016113
-0.009766
0.002197
-0.002930
-0.003418
-0.008545
-0.007568
0.005615
1.260870
0.914439
0.578261
0.548913
0.015869
-0.004395
0.114679
0.003418
-0.018311
0.174359
0.009521
0.151961
-0.016602
0.224044
0.005859
0.006349
-0.000977
-0.007324
0.128205
-0.008057
0.293515
0.000000
0.258475
0.009033
0.127907
-0.003174
-0.006104
0.369650
0.498127
0.023166
0.156951
0.002441
-0.016113
-0.002441
0.003662
-0.008789
-0.000244
0.006104
0.020752
-0.002686
0.045283
0.049808
-0.024902
-0.000488
0.240000
0.003145
0.020710
