0.111111
2.080000
0.523810
1.153846
1.111111
11.833333
7.181818
3.190476
0.003662
0.025635
1.568627
0.216216
4.000000
8.833333
0.451613
0.841584
2.571429
0.016113
1.724138
6.100000
2.888889
0.172414
1.440000
1.063830
1.352941
3.100000
0.007080
0.641026
0.358209
9.000000
5.800000
10.200000
3.476190
0.203390
0.019287
0.642857
6.833333
0.395833
0.337349
3.800000
0.019775
2.240000
11.500000
0.947368
2.647059
2.947368
11.400000
0.190476
6.666667
10.000000
0.666667
2.240000
0.007812
59.000000
1.814815
0.001709
5.153846
0.842105
1.933333
6.000000
3.600000
0.792453
1.217391
3.222222
2.555556
1.095238
1.250000
2.200000
11.000000
6.400000
3.722222
0.236842
0.018555
0.848485
1.526316
1.176471
0.325000
1.833333
6.750000
0.653061
1.111111
3.400000
0.004150
49.500000
5.700000
0.160000
8.285714
17.250000
7.090909
1.243243
0.001709
5.545455
3.625000
5.500000
0.769231
2.400000
6.428571
2.666667
0.826667
0.007080
1.697674
5.300000
38.500000
1.040541
34.000000
9.000000
2.351351
0.534884
0.600000
0.007324
0.710843
7.333333
3.071429
2.777778
0.117647
0.764706
1.968750
3.684211
8.200000
0.470588
1.480000
1.444444
5.000000
0.983333
4.250000
0.695652
3.200000
3.250000
-0.000488
4.625000
0.500000
1.628571
2.000000
1.000000
0.010498
2.491228
0.384615
2.695652
8.750000
5.428571
1.900000
1.809524
2.181818
4.142857
3.500000
0.446809
0.019043
2.153846
0.948276
0.607143
13.000000
0.947368
0.023193
5.000000
0.272727
1.956522
3.230769
10.500000
4.333333
22.000000
1.444444
20.500000
2.000000
6.000000
0.005127
1.000000
2.823529
0.600000
1.285714
9.000000
1.901961
1.381818
0.227273
0.224490
2.277778
0.019531
0.377049
0.178571
0.012451
0.700000
1.666667
0.875000
0.610169
0.575342
3.055556
0.745098
1.346154
0.093750
0.972222
2.031250
2.310345
8.444444
0.011475
33.500000
59.000000
2.954545
7.800000
1.200000
0.600000
0.763158
0.008545
2.588235
2.714286
5.800000
11.000000
2.000000
0.962617
0.018555
1.971014
5.000000
1.086957
0.698113
10.625000
33.000000
3.400000
11.000000
1.655172
1.256410
3.571429
1.035714
2.800000
6.250000
0.673913
2.448276
0.297297
3.380952
5.266667
1.000000
2.625000
3.350000
0.108696
3.500000
9.428571
11.000000
33.500000
0.392857
0.738095
2.000000
1.666667
1.370370
0.913043
20.500000
2.875000
2.478261
-0.004639
0.021240
0.851852
1.054945
0.666667
1.185185
1.356164
2.275862
48.000000
5.500000
1.125000
4.909091
0.969697
1.777778
0.891304
1.844444
16.500000
2.285714
6.500000
6.923077
0.266667
5.625000
0.555556
0.605263
1.127660
2.418605
1.738095
0.884615
0.804598
1.333333
5.857143
0.011963
21.800000
9.250000
0.131579
0.032258
3.647059
5.722222
8.727273
2.500000
0.535714
4.200000
2.444444
6.300000
1.933333
0.593750
0.533333
1.700000
9.000000
7.100000
1.279412
0.005371
24.000000
2.000000
1.416667
20.600000
1.675676
14.200000
0.730159
0.260870
3.055556
-0.000977
4.950000
0.788462
11.714286
1.588235
0.972222
1.903846
1.043011
2.285714
2.666667
1.868421
1.378378
0.375000
0.625000
4.583333
1.250000
16.000000
23.000000
0.975610
2.064516
16.333333
1.326923
3.818182
1.263158
1.400000
1.093023
27.000000
6.000000
21.500000
2.400000
1.750000
8.272727
22.000000
2.500000
0.827586
1.450000
0.576923
9.250000
7.545455
13.000000
2.250000
5.833333
1.619048
3.071429
0.060000
0.477064
0.983607
0.743243
1.062500
2.071429
0.806452
6.166667
0.460000
0.017578
13.250000
0.002441
6.900000
8.200000
0.769231
1.100000
0.924242
0.687500
1.394737
0.888889
11.000000
0.531250
1.135135
0.097561
9.333333
1.272727
1.641026
2.640000
1.913043
-0.005127
1.034483
3.000000
16.714286
0.139535
0.017578
9.400000
0.039551
1.941176
0.475410
10.000000
0.128205
0.609375
2.464286
5.142857
2.611111
0.171429
7.076923
0.011963
0.698413
0.003662
0.024414
