0.111111
0.090909
2.080000
0.384615
-0.005127
0.300000
0.261905
1.153846
-0.016357
0.181818
0.012451
0.009277
0.720000
0.000000
0.523810
0.005615
-0.029785
0.000000
0.004395
1.111111
-0.013184
1.017857
0.000000
0.261538
3.190476
0.012695
0.003662
0.003662
-0.002441
0.003662
0.027397
11.833333
-0.004150
7.181818
-0.006348
-0.010986
-0.010254
-0.012939
0.025635
-0.003662
0.002197
1.568627
0.136719
0.193548
-0.027588
0.000244
2.720930
-0.002441
0.451613
-0.026123
0.018066
0.366667
-0.025879
0.216216
-0.023926
4.000000
8.833333
-0.020020
0.000977
0.235294
-0.014893
0.841584
0.011230
0.833333
0.016113
0.005615
0.888889
0.004150
0.627907
6.100000
0.012451
-0.013916
0.007324
2.571429
0.007568
0.015873
0.014404
1.724138
-0.011230
-0.006592
-0.000732
1.250000
-0.008301
0.160000
1.440000
-0.008545
-0.009766
1.063830
0.022461
-0.016846
2.888889
1.205882
0.010986
0.172414
0.285714
0.347222
0.569767
0.017090
0.026855
1.352941
-0.009521
0.095745
-0.003906
0.007080
-0.004150
0.641026
0.015869
0.358209
9.000000
-0.019043
3.100000
-0.007568
-0.009033
0.001709
0.014160
0.010742
0.009033
0.339286
0.015381
0.181818
0.009277
5.800000
0.004395
8.142857
0.003174
3.157895
-0.002441
-0.021484
0.000488
0.003906
0.028986
2.200000
0.012451
10.200000
0.008545
3.476190
-0.008301
0.203390
-0.002197
0.019287
-0.008057
0.003906
6.833333
-0.022705
-0.015381
-0.001953
0.337349
0.246377
-0.019775
3.800000
0.007324
0.642857
2.307692
0.928571
0.395833
0.005127
0.315789
0.045455
-0.021484
0.022217
0.019775
-0.008301
0.025879
1.661290
-0.010254
11.500000
0.296296
0.947368
0.375000
2.647059
-0.020996
0.007568
2.240000
0.014085
8.454545
0.027027
0.913043
-0.002930
1.615385
-0.006348
0.006348
2.947368
-0.007080
0.007568
0.190476
-0.005859
6.666667
0.014893
-0.006104
10.000000
0.006836
0.559322
5.875000
11.400000
0.000732
0.002441
0.604651
0.012207
0.568627
0.615385
0.666667
0.002441
-0.004639
0.045455
-0.006104
-0.004639
0.014160
-0.002930
0.006836
0.003906
0.000000
-0.005615
2.240000
0.157895
0.007812
-0.018555
-0.003662
59.000000
1.814815
1.066667
0.001709
-0.018066
0.006104
5.153846
0.000732
0.500000
-0.004150
1.933333
-0.004150
0.001221
-0.009521
-0.011230
0.002441
0.250000
-0.003906
0.842105
0.003418
0.011230
1.241379
6.000000
0.084746
3.600000
-0.010498
-0.005127
1.217391
0.008057
3.222222
0.776596
1.578947
1.014706
-0.002930
0.315789
0.792453
0.755102
0.013428
-0.008057
0.840000
0.011963
2.555556
0.005859
-0.015625
0.005127
0.138889
0.004395
2.200000
2.000000
0.005615
0.353659
1.600000
0.513889
0.016113
1.095238
1.250000
-0.027588
0.001221
0.918367
11.000000
-0.010986
0.020996
6.400000
0.467742
0.001953
0.013184
0.236842
-0.013916
-0.002441
0.006836
0.009033
0.006836
0.001953
3.722222
0.333333
-0.006104
0.013916
0.018555
0.014648
0.848485
0.008057
0.428571
1.526316
-0.016357
1.176471
0.012939
0.325000
0.459459
0.105263
0.750000
6.750000
-0.004883
-0.003418
0.022949
-0.005859
0.012939
0.215054
1.833333
1.000000
0.850575
0.012939
0.137500
0.653061
1.111111
0.020752
0.001221
3.400000
-0.008057
0.002930
-0.013916
49.500000
5.700000
0.019043
0.479167
0.002930
-0.003174
0.004395
-0.010986
0.004150
0.073684
-0.001953
0.204545
-0.022949
0.160000
0.018799
8.285714
-0.015869
-0.005615
0.941176
0.409091
0.013184
1.040000
0.003662
0.004395
-0.012939
3.583333
-0.007324
1.220000
17.250000
0.013184
7.090909
-0.000488
1.243243
-0.005615
-0.001465
-0.014160
0.005859
0.400000
-0.002686
5.500000
-0.000488
0.000732
-0.019287
-0.005615
0.001709
-0.006348
5.545455
0.004150
3.625000
5.153846
1.387097
0.008057
0.769231
0.888889
-0.014160
-0.003906
0.402778
1.367347
2.666667
0.282609
0.826667
-0.010254
-0.008057
0.005127
2.400000
-0.001221
6.428571
0.009766
0.000000
0.549296
0.009033
-0.012939
0.007080
0.035714
1.697674
0.307692
0.002197
38.500000
0.001709
0.005127
0.818182
15.428571
-0.006104
-0.009277
0.285714
5.300000
0.000000
0.123288
0.375000
0.008545
1.040541
34.000000
0.084906
9.000000
0.003418
0.316667
2.351351
-0.007568
0.021973
-0.001465
-0.009277
0.004883
0.001953
9.000000
1.500000
-0.003418
0.042553
0.002197
0.534884
0.600000
0.034483
0.007324
0.005127
0.010254
0.710843
0.470588
7.333333
2.250000
3.071429
0.482143
0.069307
0.003906
0.006348
0.050000
-0.014160
0.627119
2.127660
0.007324
0.375000
0.028037
2.777778
0.007324
0.117647
0.013428
0.003418
1.968750
0.584416
2.571429
0.019531
0.000000
0.010986
0.133333
-0.017822
0.764706
0.006592
0.004883
0.004883
3.684211
1.352941
0.028564
8.200000
-0.005859
0.470588
-0.008057
1.480000
-0.004639
0.000732
-0.008789
0.002197
0.025000
-0.007812
4.250000
0.007568
-0.003906
0.012207
1.444444
0.717949
0.236842
5.000000
0.983333
0.551282
2.000000
0.153846
0.695652
0.000244
0.008789
3.200000
-0.000732
3.250000
-0.008789
-0.003662
4.625000
0.031738
0.001953
-0.002197
0.166667
0.071429
2.000000
1.500000
-0.000488
-0.014648
0.380000
0.004150
0.500000
-0.005615
1.628571
-0.008789
0.750000
2.000000
1.000000
-0.007080
-0.018799
0.008301
0.027344
0.004150
0.003662
0.393939
0.008789
-0.008789
0.674699
-0.003662
0.010498
-0.001465
-0.012939
-0.000977
-0.011230
0.005371
0.002686
-0.008301
8.750000
0.173913
5.428571
0.857143
1.037037
2.491228
0.384615
0.144928
1.486486
2.695652
1.153846
0.011719
0.006348
0.666667
-0.000000
1.900000
1.809524
-0.000244
2.181818
-0.005127
3.363636
3.894737
3.500000
0.116279
-0.009766
0.846154
-0.005127
-0.006836
1.551724
2.000000
0.187500
4.142857
0.015869
-0.002930
-0.014648
0.120690
-0.012451
0.019043
-0.005859
2.153846
0.948276
0.583333
0.607143
0.011475
0.446809
0.006104
0.017334
-0.003174
0.459459
0.007080
0.001953
0.250000
0.001221
0.003662
0.010498
13.000000
0.947368
-0.018555
-0.002197
0.023193
5.000000
0.793103
0.008301
-0.006104
0.002197
1.444444
-0.009521
-0.001953
-0.002441
0.007568
-0.013184
2.250000
0.272727
0.007324
0.666667
1.956522
-0.000732
0.014925
-0.021240
0.005859
0.217949
0.001953
0.333333
1.416667
0.012939
0.743590
3.230769
0.750000
10.500000
-0.003662
2.000000
4.333333
22.000000
0.008789
0.621622
-0.002441
0.006348
20.500000
0.006104
2.000000
6.000000
-0.005371
-0.024902
-0.011963
0.002441
1.444444
3.437500
0.536232
0.019531
0.001953
-0.008789
-0.012451
0.005127
-0.011475
0.006592
1.000000
0.075472
0.577778
-0.007812
0.003906
0.000488
0.031494
9.000000
1.736842
-0.008057
0.526316
0.111111
2.823529
0.600000
-0.011963
1.285714
-0.012939
-0.003906
0.214286
0.666667
1.769231
1.381818
0.821429
0.000244
-0.007568
0.007080
0.224490
0.294118
0.002197
1.901961
0.008545
0.285714
-0.007568
0.227273
0.035714
0.025146
-0.011963
2.277778
1.089552
-0.019531
0.019531
0.066667
-0.005127
-0.001221
-0.009277
0.003418
0.012451
0.007812
0.100000
-0.007568
0.017578
0.377049
-0.019287
0.007080
0.178571
-0.017090
-0.020020
0.700000
0.021053
1.500000
1.666667
0.351351
0.875000
0.009277
0.610169
-0.010010
0.575342
0.002197
0.023193
1.148148
0.008057
-0.016357
0.013672
-0.007080
-0.001709
0.200000
0.428571
1.236842
3.055556
0.009033
-0.016602
0.005127
1.346154
0.093750
-0.016846
0.002441
0.972222
-0.002441
-0.010498
0.745098
0.200000
0.281250
-0.000488
0.013428
-0.005615
-0.015625
0.022222
2.031250
0.004395
-0.008545
0.444444
0.321429
0.006592
0.002930
0.011475
1.045455
33.500000
0.000488
59.000000
0.002686
2.310345
-0.006592
8.444444
-0.011230
-0.011963
1.481481
0.666667
0.071429
0.285714
2.954545
1.000000
7.800000
0.851852
0.309091
-0.011230
0.600000
0.185185
0.009277
0.142857
0.010010
0.166667
-0.001221
0.005127
-0.024902
1.200000
0.096774
0.017578
0.404762
0.763158
0.008545
-0.008789
2.588235
-0.009521
2.714286
-0.016846
5.800000
2.500000
2.571429
1.651163
0.004639
-0.003418
0.428571
-0.007568
2.000000
-0.001709
-0.012695
0.606557
0.007812
11.000000
0.013184
2.000000
0.007324
0.000000
0.018555
-0.009766
1.285714
0.289720
-0.006836
-0.013428
-0.007080
0.545455
0.962617
-0.002686
0.006104
0.003418
1.971014
0.613636
0.361702
5.000000
0.375000
1.086957
-0.006104
-0.000244
6.615385
8.285714
-0.006348
0.009033
0.006348
0.027832
0.358491
-0.007812
0.698113
-0.004150
-0.001709
10.625000
33.000000
0.088235
3.400000
-0.014160
11.000000
2.900000
-0.004883
0.012451
-0.011230
1.256410
1.736842
0.003418
0.791667
-0.000488
8.333333
-0.008789
1.655172
0.214286
-0.002197
0.013428
0.453846
3.571429
1.035714
-0.008789
0.321429
0.006836
1.681818
6.250000
0.673913
-0.008301
2.448276
-0.024414
0.189189
0.190476
-0.006348
2.800000
0.406250
-0.015625
0.003906
0.008057
0.631579
0.007568
0.297297
0.002197
-0.020508
1.333333
5.266667
3.666667
-0.022461
0.588235
0.004639
1.225000
0.769231
3.350000
0.022949
3.380952
0.021484
0.952381
0.041667
1.000000
0.285714
2.625000
0.700000
0.000000
0.002197
0.108696
0.000000
3.500000
0.004395
0.146341
0.426966
0.925000
1.743590
33.500000
-0.006592
0.002441
0.202532
0.000732
9.428571
0.004395
1.850000
11.000000
2.703704
5.000000
0.392857
0.002686
0.014648
0.005127
2.000000
0.065217
0.487179
-0.007080
1.370370
-0.002930
0.001953
0.059829
0.738095
0.005859
0.003906
0.222222
0.000488
1.666667
0.003662
0.028809
-0.000000
0.718750
20.500000
-0.005859
2.875000
0.003174
0.001465
0.010498
-0.006348
-0.004639
0.913043
0.004883
-0.017822
2.615385
0.011475
0.900000
0.016846
2.478261
-0.005127
-0.022705
-0.001953
0.021240
0.647059
-0.005371
-0.008789
1.054945
0.004883
0.222222
0.781250
0.523810
-0.002441
0.010010
0.851852
-0.006592
0.003906
0.003662
0.666667
0.486842
-0.000732
1.185185
0.000244
1.356164
2.275862
1.689655
0.122070
-0.006836
-0.008301
5.000000
-0.015137
0.728571
0.009277
-0.009766
0.014648
1.461538
48.000000
0.000488
0.280000
5.500000
0.200000
1.125000
3.200000
0.840000
-0.000488
0.969697
0.285714
0.009521
0.750000
-0.000488
0.218750
-0.002686
0.318182
4.909091
-0.014404
-0.010498
0.346154
1.777778
0.891304
0.544444
0.933333
1.844444
16.500000
1.176471
-0.001221
2.285714
0.011475
6.500000
5.846154
6.923077
0.266667
0.007080
1.129032
0.018555
-0.002930
-0.009521
3.448276
-0.000732
1.111111
5.333333
0.052632
0.022461
-0.014648
0.006592
0.011719
0.416667
0.006104
0.016357
0.014160
0.684211
2.418605
-0.012451
5.625000
0.009277
0.555556
0.011719
0.605263
0.004639
1.127660
-0.000000
-0.016357
-0.011230
0.156863
0.116667
0.884615
0.000732
0.010010
-0.001709
-0.006592
-0.016113
5.857143
2.176471
0.002686
1.738095
-0.004639
0.074074
0.288462
0.804598
0.153846
1.333333
0.941176
-0.002686
-0.007324
-0.008789
0.485714
21.800000
0.175000
-0.009033
0.017822
-0.003174
-0.001221
0.032258
-0.014893
0.011963
2.600000
6.875000
9.250000
2.071429
0.131579
-0.003174
0.013428
-0.003906
-0.027100
0.000488
5.722222
-0.005127
0.216216
0.375000
0.031250
0.006592
0.011475
0.535714
-0.013428
3.647059
0.961538
2.266667
0.013916
8.727273
0.766667
2.500000
0.004639
-0.000732
0.695652
4.200000
0.382609
2.444444
4.500000
2.454545
-0.005371
0.018311
-0.003906
0.006104
1.000000
-0.004150
0.000000
0.612903
0.692308
6.300000
-0.007324
1.933333
0.066667
0.593750
0.419118
0.533333
0.020508
0.017578
0.006836
0.451613
-0.015625
7.100000
1.279412
0.004150
0.007812
0.007568
1.700000
0.001465
3.000000
9.000000
2.260870
-0.000000
-0.000488
1.115385
-0.014893
0.005371
0.010254
-0.008057
1.016393
0.390244
0.729730
0.002686
-0.002686
20.600000
-0.002686
0.000977
0.021729
24.000000
0.681818
2.000000
0.142857
1.416667
-0.000000
0.719298
0.222222
1.053333
-0.017334
14.200000
-0.026611
0.730159
-0.010254
0.003174
0.019287
0.022217
1.675676
0.237410
1.000000
0.014893
0.004639
0.657895
0.260870
0.000244
3.055556
0.085714
-0.000977
-0.010742
0.975610
0.231405
0.692308
-0.020996
11.714286
0.006836
0.005615
1.588235
-0.018066
-0.020020
3.000000
4.950000
0.788462
-0.014648
0.004639
0.640000
0.001709
1.533333
0.972222
0.477612
1.903846
0.272727
0.008545
1.043011
0.360000
0.480000
2.666667
-0.003906
-0.007324
-0.004395
1.551724
1.000000
0.238095
-0.000488
1.857143
2.285714
-0.004150
0.884058
0.512195
0.479167
0.527273
1.378378
-0.011230
0.003418
0.625000
0.147541
4.583333
0.222222
-0.000000
1.868421
-0.011230
-0.007324
-0.017578
0.375000
0.090909
0.588235
0.486486
1.078431
-0.011719
1.250000
0.607595
0.007812
2.631579
1.181818
-0.017334
0.975610
-0.014893
0.092593
1.035714
0.444444
16.000000
1.523810
-0.008301
23.000000
0.016846
0.258065
-0.004883
2.064516
0.204301
0.156863
-0.015381
0.011719
0.017578
1.604938
1.263158
0.004639
0.779661
0.535714
-0.031250
16.333333
0.789474
1.326923
-0.001221
3.818182
0.009277
0.001465
0.653846
1.400000
-0.010010
1.093023
1.000000
0.162500
6.000000
-0.020508
0.217391
21.500000
-0.020752
-0.005859
0.901639
0.880000
1.937500
27.000000
0.031006
-0.001221
0.722222
0.010498
0.009766
2.400000
-0.009521
0.305085
1.291667
0.008057
6.416667
22.000000
0.166667
0.006592
0.008057
0.006104
0.290323
1.750000
8.272727
1.782609
-0.005615
0.902439
2.500000
0.370370
0.827586
0.002930
1.450000
1.270270
0.026367
0.576923
0.014160
2.181818
-0.016357
-0.006836
0.508197
0.002197
1.214286
-0.005127
0.333333
0.130435
9.250000
0.013428
7.545455
0.068966
13.000000
0.733333
-0.023438
-0.006592
0.014648
5.833333
0.009766
1.619048
0.013672
-0.004150
0.006592
0.002930
-0.011230
2.250000
-0.005127
0.754717
0.021739
-0.010010
3.071429
0.006836
0.060000
-0.000488
0.014160
0.477064
0.016602
0.305556
-0.014404
0.743243
0.007080
1.062500
-0.015381
-0.004150
0.014160
-0.005859
-0.009766
0.983607
-0.003906
0.018555
0.671053
-0.000732
2.071429
0.003906
0.229167
-0.003418
6.166667
0.048780
-0.007568
0.460000
-0.004883
0.002686
0.008301
-0.005127
0.268293
0.806452
0.008301
1.444444
0.108696
-0.003662
-0.013916
0.017578
13.250000
0.089109
-0.006592
-0.014648
6.900000
0.470588
-0.026611
8.200000
0.340206
0.000488
1.100000
-0.005371
-0.003418
0.002441
1.269231
-0.000244
-0.011963
0.457143
0.769231
0.487500
0.005127
1.000000
0.924242
0.005371
0.687500
-0.016357
1.394737
-0.019287
0.355932
0.004639
0.125000
11.000000
0.113636
-0.000488
-0.006592
-0.007080
-0.006592
0.012939
0.888889
0.001221
-0.002441
0.471910
-0.001953
0.531250
1.135135
-0.000977
-0.002930
-0.000488
0.500000
0.777778
-0.022217
1.272727
0.001953
0.250000
-0.003174
0.001221
0.013672
0.097561
9.333333
0.007324
0.012207
1.232558
0.001709
0.453333
-0.000244
0.162162
0.255319
1.913043
-0.013672
-0.008789
0.260870
1.034483
0.016846
1.641026
0.010498
2.640000
0.004395
-0.003906
-0.005127
-0.009766
0.386364
-0.001465
0.408451
3.000000
-0.024902
1.166667
0.139535
0.012451
0.003906
-0.003906
-0.006836
0.005371
0.047619
0.000000
16.714286
0.007080
0.005615
0.002930
0.017578
-0.000000
0.003906
9.400000
-0.006104
0.007812
0.009277
1.941176
0.026855
0.475410
-0.008545
0.020996
0.043478
0.128205
0.000000
0.039551
1.000000
1.027027
-0.018066
0.192871
10.000000
4.272727
-0.000000
-0.011230
0.005127
0.000732
2.464286
-0.028809
0.600000
5.142857
2.611111
0.190476
-0.024414
-0.005371
0.609375
0.319588
1.175676
-0.010742
-0.001465
0.174603
1.067797
0.764706
-0.006592
0.171429
7.076923
1.107143
0.011963
0.000977
-0.012207
0.698413
-0.010498
0.003662
0.000244
-0.018066
0.392857
-0.004639
-0.007812
0.006348
0.625000
0.009766
-0.005615
-0.007568
0.024414
-0.005615
