-0.060547
-0.091797
0.017822
-0.039795
-0.023438
0.063965
0.010498
0.012939
0.056396
0.058838
0.041748
-0.119141
-0.044189
-0.019043
0.018311
0.010010
-0.072998
0.077637
-0.034180
0.031494
0.077393
0.014648
0.112793
0.031250
0.052734
-0.026855
-0.030518
-0.065674
-0.009521
-0.041992
-0.082275
0.056885
-0.051758
0.095947
0.124023
-0.105957
-0.139160
-0.021729
0.095459
0.015625
-0.164062
-0.055664
0.035156
0.032471
-0.150635
0.043457
0.081055
0.132324
0.061279
-0.130127
-0.017334
-0.036865
-0.045654
-0.067871
-0.088623
-0.079834
0.031006
0.104004
0.041992
0.083984
-0.009033
0.090332
0.081787
-0.101074
-0.053467
0.004639
0.045654
0.022461
0.028320
-0.190430
-0.010742
0.015625
0.027832
-0.040039
-0.132812
-0.038818
-0.005615
0.075928
0.097900
-0.049561
-0.101562
-0.034912
0.061035
-0.018555
-0.039062
-0.038330
0.056396
-0.017822
0.020264
-0.093018
0.087891
0.160889
0.042969
-0.081787
-0.104004
0.016602
0.161865
-0.110352
-0.168945
-0.088867
-0.125488
-0.061768
-0.139648
-0.060059
-0.007324
-0.077637
-0.164795
0.038330
0.088379
0.054688
-0.108643
-0.092285
0.108643
0.035400
-0.070312
-0.114502
-0.006836
0.064209
0.117188
-0.184082
-0.175049
0.106689
0.024414
-0.080811
-0.171143
-0.080811
-0.074707
0.011475
0.014404
-0.049561
-0.047607
0.026123
0.008545
-0.048584
-0.016846
-0.031250
-0.086914
0.062988
-0.065918
0.023438
-0.028809
0.021729
-0.016846
-0.131592
0.026855
0.084473
-0.073486
0.061768
-0.107422
-0.060547
0.005859
-0.003906
-0.078613
0.003906
0.020264
0.049805
-0.096191
-0.062012
-0.092285
-0.103516
0.021484
-0.075439
-0.141113
-0.006836
-0.111816
-0.110352
-0.019775
-0.055664
-0.116699
-0.009521
-0.014893
0.008545
-0.148438
-0.051025
-0.114990
0.010010
-0.042480
0.023438
-0.064697
-0.105225
0.040771
0.066895
-0.065674
-0.148193
-0.006592
-0.039551
0.010498
0.051758
0.046387
-0.031982
0.055908
-0.034668
0.055908
0.111816
-0.004883
0.109375
-0.022705
-0.032715
0.039795
-0.023926
-0.004150
-0.059814
-0.075928
-0.026123
0.066406
-0.095703
-0.055664
-0.013428
-0.082275
0.041992
0.091553
0.011230
-0.058594
-0.057373
-0.018799
0.129639
0.192627
0.159180
0.154053
-0.094482
0.073486
0.132568
0.086670
-0.107666
-0.062988
-0.082031
-0.055176
-0.123047
0.022705
-0.004639
-0.013184
-0.189209
0.006592
0.061768
0.055176
-0.010498
0.025391
-0.065186
-0.034180
0.068604
0.032715
0.086426
0.079834
0.051758
-0.018066
-0.180176
-0.165039
-0.078369
-0.008789
-0.153564
-0.020752
0.020996
0.093262
-0.088623
-0.013916
0.076172
-0.097900
-0.158691
-0.180908
-0.023682
-0.026611
-0.099609
-0.110840
0.008789
0.169922
0.094971
0.070312
0.087891
0.122803
0.063477
0.068359
0.089600
-0.097412
-0.029053
-0.131104
0.091064
0.064453
-0.029297
-0.013428
0.052246
-0.069092
-0.047119
0.065430
0.006348
0.062012
-0.119629
0.061523
0.133057
0.024414
0.057373
0.166748
0.141357
0.058105
0.078613
-0.059326
-0.033203
0.089355
0.087158
-0.017578
0.078613
-0.143311
-0.081543
-0.071533
0.050781
-0.053223
0.028564
-0.041992
0.011963
-0.104980
0.071045
-0.002197
0.015869
-0.094971
0.039062
0.068848
-0.059814
-0.099854
0.041016
0.013428
0.000732
0.053711
0.004639
0.091064
-0.044678
0.084961
0.023926
0.029297
0.085693
-0.050293
-0.051025
0.011719
-0.118408
-0.102051
-0.125244
0.055908
0.083496
-0.076416
0.047852
0.084961
-0.001709
-0.069092
0.058105
0.039795
0.067871
0.064209
-0.074707
-0.046387
-0.146240
-0.107422
-0.033936
-0.126221
-0.048096
-0.100342
0.016602
-0.103271
0.006836
-0.091064
-0.152588
0.043945
-0.074463
-0.034180
0.124023
0.186035
0.096191
0.201172
0.140381
0.020508
0.097900
-0.042725
-0.001709
-0.116943
-0.198486
-0.197510
-0.081299
-0.065186
0.065674
-0.005859
-0.067383
-0.069092
-0.125732
0.097656
-0.014893
0.074219
-0.120361
-0.014404
-0.008545
0.093994
0.073730
0.128418
0.034668
-0.021973
-0.001953
-0.157715
0.023682
0.033447
-0.228027
-0.090088
-0.202637
0.050781
0.002686
-0.011230
-0.028564
-0.015625
-0.012695
-0.081787
-0.012695
0.057373
-0.130615
-0.016602
-0.092041
-0.020752
-0.032471
0.071777
0.139893
0.105713
0.127930
-0.018555
0.124023
0.017090
0.027588
-0.015137
-0.035400
-0.148438
-0.183350
0.038330
-0.053711
-0.013428
-0.123535
0.034668
0.014893
-0.044434
-0.051270
-0.047119
-0.010254
-0.091797
0.118164
0.177246
0.143311
0.172119
0.186523
0.160400
0.006348
0.087891
-0.046875
-0.013672
-0.026611
-0.134766
-0.136719
-0.081543
-0.106201
-0.054443
0.079834
0.085938
-0.015381
-0.037109
-0.069580
-0.054688
0.059326
-0.081543
0.069336
0.017578
0.054199
-0.103516
0.019043
-0.091064
0.009277
-0.051758
-0.011230
0.006348
-0.089355
0.129150
0.044922
-0.016602
-0.044922
-0.078613
-0.080322
-0.082031
0.048096
-0.020020
0.014160
0.007080
-0.042725
-0.049316
-0.037354
-0.064209
0.063477
0.043945
-0.068848
0.086670
-0.075195
-0.084717
-0.057373
-0.006836
-0.095947
0.056152
-0.114746
0.003662
-0.058350
-0.110107
-0.096680
0.012695
0.032227
0.016846
0.027588
-0.058105
-0.049561
-0.062744
0.145996
0.130859
0.097412
0.097656
-0.030029
0.087402
0.189453
0.104004
-0.116211
-0.169678
-0.126465
0.065674
0.183838
-0.032471
-0.096191
-0.030518
-0.070801
-0.088867
0.004639
0.013184
0.066895
-0.058105
-0.048828
0.136475
0.027100
0.058350
0.157227
-0.030029
0.038086
0.036377
-0.047607
0.178711
0.127197
-0.155029
-0.157471
-0.152588
0.033447
0.083496
-0.034180
-0.091797
-0.188232
-0.144531
-0.062256
-0.044678
0.033203
-0.003662
0.041504
0.070312
0.077637
-0.055176
-0.086670
-0.100342
0.091797
-0.032227
-0.013428
-0.018555
0.087402
-0.005127
-0.053955
-0.103027
0.029053
0.062744
-0.093018
-0.110107
-0.135010
-0.051514
-0.111084
-0.041992
0.087891
-0.122314
-0.045166
-0.056396
0.033691
-0.060791
0.127441
-0.038818
0.027588
0.022461
0.062500
-0.039062
0.010986
0.046631
0.027832
-0.014648
0.018799
-0.094727
0.029541
0.153564
0.033203
-0.043701
0.052979
-0.041504
-0.028076
-0.065186
-0.000977
0.045166
-0.062500
0.040527
-0.078125
-0.044434
-0.027100
-0.096680
0.023682
0.044189
0.078125
-0.071045
0.041992
-0.079834
0.107422
-0.005615
-0.057129
-0.020752
0.083496
-0.099365
0.014404
0.082764
0.083252
0.026855
0.073486
0.123535
-0.012939
-0.066162
-0.070068
0.075928
-0.002686
-0.064697
-0.047852
0.011475
0.072510
0.045410
0.076904
-0.037354
0.078857
0.050049
-0.065918
-0.057861
0.029541
-0.050049
-0.067139
0.014160
-0.043701
0.106201
-0.041992
0.078857
-0.010742
-0.012451
-0.105469
-0.004639
-0.119385
-0.010254
0.012451
0.066162
0.041260
0.013428
-0.070801
-0.011475
-0.003906
0.058594
0.009766
0.015869
0.003662
0.040039
0.054443
-0.090088
0.061768
0.093262
-0.113525
-0.100586
0.011230
0.046143
-0.064453
-0.034180
-0.092041
-0.086914
-0.128418
-0.072998
0.060303
0.096680
-0.036377
-0.022949
0.044678
0.011719
0.072510
-0.028320
0.079590
0.090088
-0.105469
-0.041992
-0.002197
0.061768
0.092773
-0.072998
0.007324
0.048096
-0.018066
-0.098145
-0.117188
0.059814
0.016113
-0.089111
-0.053711
-0.026855
0.032715
-0.106689
-0.069092
-0.054443
-0.089844
0.043701
-0.007324
-0.083496
-0.050049
0.129150
-0.090820
-0.046875
0.005127
-0.021240
0.106201
0.049072
0.017090
-0.151855
0.067383
-0.042725
0.080322
0.016113
-0.108154
0.103027
-0.042236
-0.099365
0.008545
-0.079346
-0.033936
-0.094482
-0.062744
-0.002930
-0.094238
0.033936
-0.045654
-0.080078
0.052979
0.054199
0.046875
-0.115234
-0.022217
-0.031982
0.076416
0.014160
-0.105713
-0.011719
0.104492
0.088867
-0.067627
-0.068359
0.023438
-0.055420
0.038086
0.031006
0.012207
0.060547
-0.026611
-0.054443
0.109863
-0.068359
-0.066650
0.021240
-0.108887
-0.057617
-0.051758
-0.064941
-0.066650
-0.070557
-0.041504
0.039795
0.093018
-0.023926
-0.032715
0.052490
0.115234
0.034424
0.044922
-0.092041
0.091797
0.080078
0.038330
0.028809
0.129883
-0.060791
-0.086182
0.067139
-0.072754
0.044189
-0.112793
0.047119
0.101074
-0.037354
0.088135
-0.069092
-0.037842
-0.064941
-0.095947
-0.087158
-0.064453
0.072998
-0.104004
-0.114990
0.062012
0.079834
-0.093018
-0.142578
0.053955
-0.006104
0.075195
-0.036133
-0.121094
-0.087891
-0.028320
0.106934
0.093018
0.052246
-0.029053
0.118652
0.063721
-0.034668
-0.021240
-0.049072
0.116943
-0.079834
0.029297
-0.068604
-0.050781
0.093262
0.001709
-0.155518
-0.159912
0.087646
0.036621
-0.080322
0.053223
-0.081787
-0.125977
-0.023682
-0.040527
-0.069580
0.063477
-0.046143
-0.088135
0.055420
0.079834
0.009521
-0.163574
0.022949
0.026611
0.016846
-0.089844
-0.025635
0.094727
0.084229
0.001465
-0.013428
0.054443
-0.028076
0.079346
-0.070312
-0.139893
0.003418
0.017334
-0.037109
0.084961
0.005371
-0.100098
-0.065430
-0.062012
0.052490
0.080811
-0.104248
-0.072266
0.065430
-0.029785
-0.007324
0.097656
0.103516
0.043213
0.019775
-0.096436
0.112305
-0.003174
-0.047363
0.050781
-0.066650
-0.037842
0.121338
0.010498
0.105225
-0.060547
-0.078125
-0.007324
0.003174
-0.022705
0.053223
0.006592
0.057373
0.099365
-0.003418
0.093018
-0.009521
0.106934
-0.043213
-0.036865
0.114014
0.001709
0.081055
-0.033936
0.051758
-0.047119
-0.055420
-0.022461
0.028320
-0.071777
-0.082520
-0.019531
0.019043
0.000000
0.037109
0.103271
-0.028809
-0.022705
0.016846
-0.056396
0.103516
-0.105957
-0.109131
-0.050293
-0.008301
0.031250
0.056152
0.096191
0.057373
-0.079834
-0.058105
0.045410
-0.031738
0.055176
0.031982
0.015137
-0.013916
0.069580
-0.092041
-0.082031
-0.011963
-0.101562
-0.075928
0.001221
0.085205
-0.080322
-0.059814
0.047119
-0.072021
0.086670
-0.087158
-0.051758
-0.036621
0.049561
-0.033691
0.032227
-0.102295
0.047852
-0.004395
-0.042725
-0.028076
0.080078
-0.082520
-0.095459
-0.061523
-0.047607
0.029297
-0.066650
-0.053223
-0.002930
0.002197
0.008301
0.051758
0.053223
-0.055908
0.009766
-0.010742
0.039795
-0.004883
0.016357
-0.036133
-0.007080
-0.060547
0.010254
-0.075684
0.092285
-0.000977
0.033203
-0.016846
0.094727
-0.023682
-0.011230
-0.019531
-0.037842
-0.096680
-0.062500
-0.048584
-0.043701
-0.037842
0.003174
0.092773
-0.094727
-0.034668
-0.043945
0.092529
0.104980
0.078857
-0.087891
0.064453
-0.034180
0.045898
-0.081299
-0.070801
0.049072
0.056396
0.037354
0.012939
-0.056152
-0.002441
-0.109619
0.078125
-0.099365
0.092529
-0.034912
-0.050049
-0.015869
-0.050781
0.024414
0.084473
0.061279
0.011475
0.061035
0.002930
0.079590
0.099121
0.095947
0.098633
-0.075928
-0.064209
-0.084229
0.070801
0.012939
-0.009033
-0.092773
0.078857
0.042236
-0.058105
0.007568
-0.119141
-0.052246
0.047363
-0.117676
-0.101318
-0.024902
-0.046143
0.023926
-0.033447
0.071045
-0.019775
0.026611
-0.003662
0.042969
0.005615
0.039551
-0.059082
0.104492
-0.005859
-0.021484
0.054932
0.045898
0.066406
-0.094482
0.013428
-0.030029
-0.126465
-0.080322
-0.004883
0.045410
0.069336
0.045898
-0.110596
0.041748
-0.089844
-0.091064
0.002686
-0.077881
-0.108398
-0.129883
0.011475
-0.099609
-0.096924
0.032715
-0.011475
-0.126709
-0.114502
-0.085938
-0.085205
0.092773
0.093994
-0.119873
-0.081299
0.057373
0.055420
0.093506
0.082520
0.088867
-0.025635
-0.015625
0.124268
0.146729
0.040771
-0.012695
-0.095947
0.081055
-0.066162
0.021484
-0.112793
-0.111084
-0.099365
-0.067627
0.019775
-0.006592
0.099365
0.088379
-0.145264
-0.155762
-0.069092
0.117920
0.001465
0.038574
-0.012695
-0.031494
0.066650
0.186279
-0.007812
0.039062
-0.022705
-0.090332
-0.130127
0.047607
0.039307
-0.039795
0.066406
-0.039551
0.003418
-0.097900
0.009766
0.015625
-0.049561
-0.150635
-0.139648
0.113281
0.093018
-0.031494
-0.160889
-0.006836
0.053467
0.065430
0.088867
-0.012207
0.052246
-0.013428
0.063477
-0.024170
0.060791
-0.100830
0.005615
0.060059
-0.044434
-0.118652
0.039795
0.041016
0.000977
-0.081543
0.005615
-0.087646
0.063232
0.021973
0.091553
-0.050781
-0.003174
0.052490
0.057861
0.067627
0.015381
-0.057861
-0.048584
0.034180
-0.012451
0.061768
0.060303
-0.024170
0.004639
-0.062744
-0.043457
0.008057
0.003418
-0.053955
0.095703
-0.025146
0.091797
0.022949
0.134033
0.009766
-0.033936
-0.068848
0.085938
0.065918
0.068359
-0.098389
-0.078125
-0.082520
0.093506
-0.016113
-0.010498
-0.002930
-0.095703
0.062256
-0.081787
0.045166
-0.091797
0.103760
0.013916
0.027588
-0.086914
-0.048828
0.063965
0.005127
-0.131836
0.072754
0.050293
-0.048340
-0.065186
-0.091553
0.017090
0.133545
0.017090
-0.049072
0.025635
-0.050537
0.172852
-0.067139
-0.022461
-0.100586
-0.028076
-0.104492
-0.063477
-0.067383
-0.128418
-0.051758
0.006348
-0.025635
-0.020752
-0.145752
-0.106201
-0.104492
-0.031982
-0.048096
0.033203
-0.052979
0.007812
0.085693
-0.062744
0.068848
0.020264
0.076172
0.042969
0.080078
-0.140381
-0.159912
0.080322
0.007324
-0.163086
-0.064209
-0.080322
0.072021
-0.075684
-0.024658
0.064697
0.058350
-0.002197
-0.146729
0.027832
-0.015869
0.090088
-0.024170
-0.016602
0.097900
0.019043
0.127686
0.029297
-0.015625
0.117432
-0.081543
0.092529
0.051758
0.083008
0.042236
-0.062256
-0.000732
-0.095459
-0.062988
0.021973
-0.003418
-0.095215
-0.027588
0.086182
-0.127686
0.042480
-0.026611
0.176514
-0.014648
-0.022217
-0.020020
0.049316
0.147949
-0.009521
0.042236
-0.101807
-0.054688
-0.058105
-0.025146
-0.037109
-0.100830
0.022217
0.063965
-0.045410
-0.012939
-0.076904
-0.023438
-0.057373
-0.104004
-0.069092
-0.037598
0.102295
-0.026855
-0.088623
0.087402
-0.043945
0.086426
-0.017334
-0.021729
0.067627
0.054932
-0.024658
-0.018555
-0.032471
-0.067627
0.073730
0.107666
-0.040527
-0.034180
0.101807
0.083252
0.086914
0.102539
0.092041
0.097168
0.029053
0.089111
0.018311
0.021973
0.125488
-0.007324
0.018799
0.042236
0.124512
0.031982
0.080322
0.050293
0.043213
0.053223
-0.103027
-0.090088
0.068359
0.032471
0.030518
0.065430
-0.059570
-0.099121
-0.021973
0.039062
-0.090088
-0.066162
-0.017578
-0.077881
0.014893
-0.054932
-0.093262
-0.061768
-0.005127
-0.000732
-0.115234
0.063965
-0.100586
-0.093018
-0.010254
-0.043945
0.011230
-0.053711
-0.029785
0.034668
-0.093750
0.011230
-0.104736
-0.041992
0.006104
0.031006
0.049805
0.005127
0.040039
-0.049316
-0.016113
-0.051758
-0.040527
-0.071777
0.053467
0.052246
-0.040527
0.034424
-0.031738
0.055664
-0.054932
-0.071045
-0.093994
-0.010498
-0.038818
0.077881
0.015869
0.088379
0.084717
-0.130859
-0.089600
0.007080
-0.079834
0.027344
-0.026855
-0.058350
-0.083740
0.004639
0.096924
0.105225
0.049561
-0.068115
-0.103027
0.063477
0.022949
-0.128662
-0.055664
0.090088
-0.004883
-0.111084
-0.023193
-0.053955
-0.036377
-0.075928
0.040527
-0.068115
-0.116943
0.060547
-0.015625
0.044922
0.047363
-0.089111
-0.016602
0.031494
-0.012451
-0.117188
0.022705
0.123535
-0.014893
-0.000732
-0.013916
0.095215
0.074707
0.036865
-0.062012
-0.005127
-0.030029
-0.030518
0.072510
-0.027344
-0.089600
-0.058594
-0.033447
-0.017822
0.016602
-0.035400
-0.017090
-0.071777
-0.030518
0.088867
0.020264
0.040283
0.064453
-0.108887
-0.013184
0.012939
0.124023
-0.003174
0.017090
-0.063477
-0.062988
0.013916
-0.020264
0.041016
-0.037842
-0.013428
0.054932
0.072510
0.047363
-0.002197
-0.047607
0.119385
-0.004150
0.160156
-0.012451
-0.008789
0.059326
-0.108643
0.055908
-0.007568
0.022217
-0.141113
-0.101562
0.011719
-0.016357
0.101807
0.030029
0.042236
0.029053
-0.101562
-0.017578
-0.063232
-0.014160
-0.023193
-0.038086
0.076172
0.091064
0.163818
-0.006348
0.049316
-0.128906
-0.023682
-0.065186
-0.070801
-0.033691
-0.013672
-0.046387
-0.116211
-0.144775
0.126953
-0.070312
-0.130371
-0.060059
-0.016357
-0.066406
0.080811
0.013428
0.087402
0.077148
0.087158
-0.064941
-0.001221
0.117432
0.110596
-0.093994
-0.031494
0.014648
-0.083984
-0.077881
0.054443
-0.079590
-0.157715
-0.137695
-0.023926
0.038086
0.028320
-0.045166
0.000977
-0.045410
0.065430
0.112061
-0.059570
0.050537
-0.031250
0.085693
-0.073242
0.051270
0.089844
0.110596
-0.095459
0.067871
-0.029785
-0.000488
0.122803
-0.091553
-0.077637
-0.033936
-0.083740
-0.091797
0.022461
-0.099365
0.068359
-0.033691
-0.100342
0.062744
0.000977
0.083984
0.069580
-0.002686
0.084717
0.108887
0.021484
0.070312
0.081055
0.001709
-0.067871
-0.092773
0.122314
0.037842
-0.076172
-0.098633
-0.055420
-0.122559
-0.065918
-0.043945
-0.056641
-0.025879
0.001465
0.086670
0.064209
-0.067139
-0.105469
0.026367
-0.061768
0.075684
-0.059082
-0.070801
-0.047119
-0.043457
-0.089355
0.008301
-0.010986
-0.029541
0.001709
0.002441
-0.023438
-0.042236
-0.091553
0.046875
-0.036133
-0.048340
-0.021729
-0.069824
-0.050781
0.049316
0.004395
0.023438
0.011475
-0.001221
0.099609
-0.105713
-0.078613
-0.025146
0.055176
-0.072754
0.045166
-0.037354
-0.095947
0.037598
0.109131
-0.080811
-0.070068
-0.035645
0.098633
-0.003418
0.026855
0.010742
-0.052734
-0.041992
-0.045410
0.009521
0.079346
-0.002197
-0.015137
-0.069824
-0.074951
0.001709
-0.063477
-0.001221
-0.046387
0.017578
-0.123779
-0.007568
0.058594
0.008789
0.034424
-0.089355
0.063232
0.031250
-0.010498
-0.091064
-0.101562
0.004639
-0.072021
0.019043
0.058594
-0.052002
-0.022949
0.065674
-0.096680
0.090088
-0.060547
0.014648
0.113037
0.014404
0.046387
0.024170
-0.001221
0.099121
0.035889
-0.065674
-0.081543
0.052979
0.020508
-0.043701
-0.019043
0.072998
-0.025879
-0.014648
-0.062012
-0.020264
0.091553
-0.016357
0.083740
-0.022461
-0.068604
-0.067627
-0.083496
-0.074219
0.054932
0.067383
-0.053955
-0.009033
-0.029297
0.087158
0.039795
-0.096924
0.065430
-0.034424
0.118408
-0.093506
-0.018555
-0.047852
0.076416
-0.011475
-0.098389
0.035400
0.043457
-0.031982
-0.005859
0.068604
0.064697
0.031250
0.098633
0.021240
-0.056885
-0.029541
-0.072021
-0.045410
-0.057861
0.035156
0.064941
-0.046631
0.031982
0.098145
0.091064
-0.086426
-0.086426
-0.076660
-0.067627
0.060303
-0.098389
-0.007324
-0.092041
0.096436
-0.066162
-0.047119
-0.032227
0.083496
0.018066
0.053467
-0.110596
0.036377
-0.001709
0.095703
-0.063721
0.052979
-0.135742
-0.015625
0.035889
0.033447
-0.051025
0.033936
0.050293
0.028564
-0.038818
-0.092773
-0.104492
0.095215
-0.083252
-0.000732
0.032471
-0.078613
-0.065918
0.056641
-0.046631
0.063721
0.060059
0.012451
0.059814
-0.114746
-0.089111
0.124756
0.054688
-0.017578
-0.019531
-0.002930
0.102295
0.065918
0.000732
-0.138916
-0.027100
0.164307
0.050293
-0.016602
0.097412
0.114990
0.048340
0.043213
-0.124023
0.127197
0.095947
-0.049072
-0.037598
-0.087402
-0.025879
0.021240
-0.113281
0.025391
-0.127930
0.067627
0.026855
-0.103760
0.015869
0.043457
-0.005859
-0.083496
0.015625
-0.115967
0.008545
-0.030273
-0.022461
-0.076904
-0.055664
-0.072021
0.104492
0.068115
0.008789
-0.142090
-0.168457
0.093994
0.189941
-0.039795
-0.060791
-0.058350
0.186279
0.000000
0.010498
-0.171143
-0.120850
0.156006
0.150879
-0.075928
-0.113525
-0.034668
0.012695
-0.091064
-0.020020
0.041748
-0.059326
0.039551
0.006836
0.044922
-0.015381
0.062988
-0.078857
-0.154785
0.027832
0.076416
0.077881
-0.121338
-0.022949
0.169678
0.076660
-0.065918
-0.123779
-0.048096
0.138916
-0.066406
-0.038330
-0.022461
0.040771
-0.124512
0.000244
-0.052246
0.063721
0.015381
0.030762
0.042969
-0.022217
0.127197
0.008789
-0.071289
-0.034180
-0.071289
-0.088867
-0.054443
-0.065186
-0.025635
0.022705
0.005859
-0.017578
-0.148926
0.022217
0.008789
-0.015137
-0.088867
-0.074463
0.035400
-0.048584
0.002197
-0.132080
-0.042969
-0.072998
0.030518
-0.012939
0.026855
-0.078369
-0.044434
0.009277
0.039062
-0.033691
-0.092285
-0.050049
-0.061768
0.057617
-0.117920
0.013184
-0.006836
0.003418
-0.102539
0.048340
-0.090576
-0.076172
-0.082031
-0.093994
0.072510
-0.044678
0.054199
0.022949
0.034180
0.057129
-0.114258
0.068604
-0.059814
0.006348
0.086182
0.050781
0.020508
0.021973
-0.064941
0.067627
0.076904
0.029541
0.108398
-0.016113
-0.065186
-0.070557
-0.013184
0.086914
-0.057129
-0.067383
0.035156
0.005127
0.037598
0.047852
-0.055908
-0.060303
-0.089844
0.019531
-0.048828
0.107178
0.036377
-0.105957
-0.037598
-0.062500
0.155029
0.093750
0.070068
0.076660
0.015137
-0.047363
-0.025146
0.006836
0.111328
-0.010742
-0.147461
-0.103516
-0.114502
-0.026367
0.042725
-0.065918
0.014404
-0.143799
0.099854
-0.032715
0.037598
-0.058594
0.068359
0.022217
0.047363
0.037109
-0.008301
-0.029297
-0.069336
0.060791
0.035645
-0.055664
0.002930
0.057861
0.038330
0.058350
0.030273
0.068115
-0.094971
-0.072021
0.031738
-0.091309
0.017822
-0.031006
0.013916
0.063477
-0.118408
-0.065430
0.028564
-0.016846
0.063477
-0.078857
-0.011719
-0.062500
-0.005371
0.084229
0.000977
0.071045
0.053223
-0.070557
-0.093506
-0.044678
-0.009033
-0.020508
-0.041504
-0.154053
0.048340
0.063232
0.098389
0.110840
0.088623
-0.010742
0.025146
0.029541
0.008789
0.114746
0.041260
0.013428
-0.045654
0.046387
-0.055176
0.003174
0.002197
-0.053223
0.026367
0.045410
0.058105
0.060059
0.022705
-0.097168
-0.028809
0.013916
-0.072021
-0.105957
-0.045410
0.014648
-0.050293
-0.123779
-0.091064
-0.033691
-0.063721
-0.030518
0.096680
-0.060059
0.016846
-0.073486
-0.033447
0.055908
0.000977
0.058105
-0.089600
0.049072
0.046631
0.082520
0.017090
-0.010742
-0.087158
-0.068115
0.039795
0.080322
-0.007568
0.049561
-0.071289
-0.075684
-0.076416
-0.024658
0.000488
0.072510
-0.019775
0.059082
0.035889
-0.006104
0.132812
0.062256
-0.009766
-0.118164
0.151367
0.096436
0.097656
0.035400
-0.051514
0.104004
0.031982
-0.098145
0.023438
-0.082031
0.032227
-0.013916
-0.092285
-0.051270
0.004639
-0.029541
0.047119
0.105469
0.010742
0.041260
0.159668
0.067871
0.041016
-0.097168
-0.088867
0.024658
0.122314
0.100586
-0.099365
0.033691
0.083496
0.161133
-0.127930
-0.094971
0.000000
-0.005859
-0.055664
0.031738
0.122803
0.094238
-0.067627
-0.037109
-0.052490
-0.071289
0.042480
-0.044922
-0.048584
-0.051758
-0.082764
0.016357
-0.044678
-0.138672
-0.008057
-0.013916
-0.060547
0.048584
-0.074463
0.120605
-0.074951
-0.075684
-0.117188
-0.007324
-0.006592
-0.080078
-0.068359
0.014160
-0.028320
-0.067383
-0.070557
-0.052002
0.070801
-0.077637
-0.088867
0.090332
-0.053711
0.126953
-0.105957
-0.016357
0.030518
0.044922
0.095215
-0.029297
0.008545
-0.115723
-0.106445
-0.008057
0.088623
-0.040039
-0.072266
0.026367
-0.092529
0.001221
-0.002441
-0.039062
-0.000488
0.083008
-0.048096
0.074951
-0.096680
0.070801
-0.054932
-0.051514
0.080811
-0.015381
-0.019775
0.070557
0.052490
0.051514
-0.036133
-0.011719
-0.019775
0.038086
0.014160
0.008789
-0.076660
-0.003662
0.069824
-0.014160
-0.083740
-0.092285
0.043945
0.016113
-0.104736
-0.114502
0.068359
0.053223
0.044678
-0.050049
-0.081299
0.073975
-0.008789
0.068604
0.061523
-0.025635
-0.010986
-0.108398
-0.073242
-0.025146
0.044678
-0.009277
-0.015625
0.009277
0.013184
0.104004
0.030518
0.010010
0.076172
-0.057861
0.069580
-0.095947
-0.075684
-0.039307
-0.043701
-0.095215
-0.006836
-0.126465
0.038330
-0.097412
0.015137
-0.028076
0.067139
0.001465
-0.078857
0.030029
0.000488
-0.071289
0.001709
0.018799
0.015381
0.104980
0.030518
-0.061523
0.052002
-0.102783
-0.103760
-0.115967
-0.096924
-0.118652
-0.009033
-0.145020
0.019531
0.142578
0.031982
-0.132080
-0.072266
0.011230
0.108887
-0.119141
0.059326
0.025879
0.027344
0.054932
-0.087158
-0.041992
0.135742
0.112305
0.070557
-0.087402
0.019775
-0.027832
-0.013184
-0.102539
-0.064697
0.064941
-0.031006
-0.117676
-0.067871
0.075928
-0.020752
-0.137695
0.017822
-0.019775
-0.051758
-0.086670
-0.013672
0.010254
0.026611
-0.093018
0.093262
-0.056641
0.041260
0.020996
0.079102
-0.019531
-0.029053
0.011475
-0.095947
-0.044434
0.065186
-0.086914
-0.064697
0.041260
0.092041
-0.085205
0.050781
0.052979
0.072998
0.087158
-0.013428
-0.045166
0.011230
0.059082
