0.000000
0.302326
-0.009277
-0.004639
0.000488
0.013428
0.900000
0.789474
0.439024
-0.003906
6.000000
3.000000
-0.013916
0.024414
0.226804
0.001221
-0.002930
0.842105
0.417910
-0.014893
0.538462
-0.006104
1.400000
0.679612
0.011475
1.764706
2.333333
2.428571
1.869565
0.001465
0.008057
0.006104
0.007568
1.800000
1.607143
3.375000
0.004639
-0.014160
1.391304
0.000977
-0.006348
1.952381
1.250000
0.363636
20.500000
-0.007812
-0.004395
1.875000
0.001221
0.600000
0.001465
2.333333
1.000000
-0.022705
1.800000
1.500000
-0.002441
-0.003174
0.009033
0.040000
1.000000
0.750000
-0.005615
0.400000
-0.016602
0.736842
0.068182
0.023256
0.440000
0.508772
1.548387
-0.020020
0.080645
0.534884
-0.005859
27.000000
-0.004395
-0.008789
4.444444
0.089744
0.009033
1.078947
0.811321
0.470588
0.005127
0.011475
0.790323
-0.008789
0.000000
0.737705
2.206897
0.144330
0.377358
90.000000
0.031250
-0.008545
0.760000
0.777778
0.007324
0.405405
2.000000
0.004883
0.608247
1.242424
0.010742
0.666667
11.625000
0.967213
0.016113
-0.005859
3.615385
-0.002686
0.004150
-0.016602
0.017090
0.002686
5.000000
0.266667
0.025391
0.001221
