-0.210938
0.145996
-0.134033
0.088623
-0.050049
-0.159424
-0.237549
0.081543
-0.241211
-0.243652
0.117676
0.125244
0.005127
-0.205078
0.097168
0.285645
-0.131592
-0.157227
-0.135010
0.167236
0.152344
-0.110107
0.140381
-0.245117
0.140625
0.183105
-0.168213
0.149414
0.033691
0.065186
-0.188232
0.208740
-0.109375
0.046875
-0.147705
0.069336
-0.017334
0.105225
-0.101074
0.069580
0.008057
0.156250
0.203125
0.075439
-0.170898
-0.029297
-0.188477
-0.115234
-0.120605
-0.115479
-0.060791
-0.007812
-0.019775
0.215576
-0.191162
-0.050781
0.003662
0.144531
0.181152
0.120361
-0.089600
-0.159912
-0.165283
0.104492
-0.076904
0.126953
0.083252
-0.096924
-0.209473
0.191162
0.152588
-0.107910
-0.039551
0.043457
-0.075439
0.219482
0.216309
-0.006836
-0.066895
-0.012207
0.130615
0.132080
0.165283
-0.100342
-0.185303
0.066406
-0.157959
-0.040283
-0.016357
0.032959
0.124512
0.198242
0.115479
0.172852
0.158936
-0.111328
-0.178955
-0.166260
-0.140869
-0.053955
-0.049316
-0.140381
0.129639
-0.038330
0.109619
-0.140869
-0.129639
0.172607
0.047852
-0.171143
0.007812
0.186035
0.183105
0.069824
-0.074219
-0.009277
0.173584
-0.235107
0.127930
-0.142334
0.123291
-0.157959
-0.220215
0.016113
0.210449
-0.172363
0.139648
0.086670
-0.138916
0.203369
-0.021973
0.003662
0.098877
-0.025879
0.166748
-0.214355
-0.048584
0.053711
-0.028564
-0.168701
-0.197510
-0.159912
0.198486
-0.140625
0.271484
-0.215820
-0.032959
-0.030029
-0.028564
0.178955
0.139160
-0.021240
-0.078857
0.178955
0.180664
-0.128174
-0.080078
0.104492
-0.144287
-0.024902
0.209473
-0.139404
0.162842
-0.015625
-0.198242
0.076660
0.030273
-0.091309
-0.183350
-0.114014
-0.085693
-0.053711
0.166748
-0.196777
0.110596
-0.237793
-0.180420
0.156738
0.108643
-0.161865
-0.097412
-0.134521
-0.179932
-0.148438
0.084229
0.047607
0.200195
0.149658
0.135010
0.103516
-0.142334
0.119629
-0.230469
0.051514
0.030273
-0.138184
-0.105957
-0.115479
0.114990
0.111572
0.057129
-0.031006
-0.113770
-0.015137
-0.173584
-0.125000
0.047852
-0.022705
-0.132812
0.179688
0.131104
0.159668
-0.132812
0.157959
-0.062012
0.191162
-0.143066
0.206299
0.153809
-0.069336
-0.192139
0.176514
0.132812
-0.018555
-0.066650
0.085938
-0.162842
0.078125
-0.068848
0.142090
0.052246
0.068115
-0.066650
0.155518
-0.126465
0.080078
0.042480
-0.102539
0.172119
-0.006592
0.212891
-0.160156
-0.105957
-0.051514
0.121826
0.226807
0.180420
-0.082275
0.155518
0.123291
0.125244
0.210693
0.066650
-0.047119
0.126709
0.080566
0.306885
0.089600
-0.196045
0.242432
0.132812
-0.065674
0.349365
-0.153076
-0.112549
0.126465
-0.183838
-0.050781
0.112793
0.070312
-0.045410
-0.119629
-0.164551
-0.171875
-0.144043
-0.148193
-0.091309
-0.099121
0.206055
0.073730
-0.017334
-0.103760
-0.093994
0.155518
-0.085938
0.115967
-0.012939
0.187744
0.180176
-0.203369
-0.106201
-0.072266
-0.071533
-0.197754
0.181152
0.223145
0.120361
-0.175293
-0.175049
-0.008057
0.153809
-0.067383
-0.201416
-0.144287
-0.020752
0.111084
0.054199
-0.174072
-0.239746
-0.013428
-0.036377
0.145996
-0.128906
-0.079590
-0.058594
0.075684
0.114014
-0.167725
0.091797
-0.078125
0.197754
-0.122803
-0.170898
0.161621
0.019287
-0.059082
-0.217773
-0.162598
0.060547
-0.028076
0.142090
0.050781
-0.079102
0.132080
0.066650
-0.158936
-0.191895
0.122803
-0.077393
0.070801
0.146729
0.160156
-0.125244
-0.004395
-0.073730
0.120850
0.164795
-0.195312
-0.181396
-0.216064
-0.025391
-0.092285
-0.067627
-0.165283
0.078613
-0.013428
0.075195
-0.163818
-0.042969
0.027832
-0.127930
-0.019775
-0.051025
0.200928
-0.151123
-0.148193
0.199707
-0.068359
0.099854
0.229492
-0.127686
0.119385
-0.154541
-0.129150
-0.221680
-0.128906
0.067139
-0.199707
-0.036621
-0.115234
-0.180176
-0.135986
-0.020996
-0.255859
-0.000732
-0.168945
-0.002930
0.096436
0.132812
0.225586
-0.122070
0.180176
-0.062500
-0.168701
-0.095459
0.112549
-0.026123
0.054688
0.009521
-0.193359
0.179688
0.104492
0.125732
-0.182861
0.155762
-0.206543
-0.111328
-0.018555
0.203857
0.052490
-0.205078
0.120605
0.206055
-0.081787
0.001465
-0.223877
-0.204346
0.186523
-0.162842
-0.190674
-0.084229
-0.219482
0.114990
-0.224854
0.269043
-0.090576
0.209961
-0.177002
0.045410
0.035400
0.182129
-0.113037
-0.043701
0.111572
-0.000732
-0.209717
-0.060791
-0.028076
-0.011719
-0.073242
-0.054199
0.121826
0.040771
0.145264
0.026611
0.062256
-0.148193
0.109863
-0.061035
0.091797
0.078125
-0.133545
0.098389
-0.093018
-0.108154
0.155029
-0.041748
0.034668
-0.190430
-0.062988
0.037842
0.057373
0.053223
0.035889
0.147949
0.207764
0.031982
-0.031250
-0.136475
0.210449
0.146973
-0.147217
-0.031982
-0.180664
0.238525
-0.206543
-0.111084
0.006348
0.031982
0.096924
0.143555
0.219238
-0.095215
-0.075195
0.063721
0.228027
0.122803
0.008545
0.033447
0.055908
-0.177246
0.109863
-0.031494
-0.104980
-0.131836
-0.249023
-0.166992
0.045654
-0.010254
-0.062256
-0.181641
-0.209473
-0.234863
0.174072
-0.018799
-0.060303
0.235107
0.033936
0.078857
0.030273
0.081543
0.044189
-0.098633
0.213135
-0.062744
-0.001953
-0.029541
0.136475
-0.127197
-0.180664
0.083252
0.266113
-0.186279
-0.171387
-0.198730
0.095459
0.188965
0.134766
0.069092
-0.084229
0.033447
-0.190674
-0.097900
-0.025635
-0.186279
-0.090576
-0.084473
0.044189
0.124756
0.245361
-0.074463
0.222168
-0.070312
0.180176
-0.322754
0.213379
0.172852
0.157227
-0.001953
0.083740
0.196533
0.041016
-0.115967
-0.225098
-0.095215
-0.083008
0.064209
0.064453
-0.122314
-0.065674
-0.259521
-0.039307
-0.067627
0.113037
0.194092
0.193359
0.038086
0.133545
-0.044678
0.162354
0.108643
0.113770
-0.275879
-0.081299
-0.106689
0.136230
-0.135254
-0.017334
0.205811
-0.158691
0.100098
0.099121
-0.112549
-0.107666
-0.102783
-0.111084
0.230225
0.178711
0.012939
-0.013916
0.152344
-0.176025
-0.029297
-0.109619
-0.208252
-0.229980
0.174072
0.150635
0.147217
0.068848
0.045410
-0.112549
0.108643
-0.198486
-0.230713
-0.093018
-0.144531
-0.057617
-0.011475
0.132568
-0.137451
0.156250
0.201416
0.191162
-0.202393
-0.166748
0.097412
0.046631
-0.201416
-0.164795
0.063965
0.118652
-0.073242
0.058594
-0.138916
-0.001465
-0.172607
0.216797
0.079834
0.161621
-0.136963
0.158447
-0.118408
0.142090
-0.124756
0.263672
-0.011963
-0.012451
-0.119141
-0.003662
-0.080078
-0.174561
-0.084961
0.105957
-0.104736
0.198730
0.169434
-0.109619
-0.140869
-0.107178
0.011719
-0.077637
0.047852
-0.057617
-0.115967
-0.210938
0.010254
0.178711
0.112793
0.147705
-0.137207
0.158936
0.251709
0.103271
0.220703
-0.073486
0.050781
-0.104004
0.084473
-0.175537
0.210938
0.099854
0.149902
0.073242
0.202637
0.167480
0.057373
-0.110352
0.125488
-0.145752
-0.201660
0.113037
-0.054443
-0.032227
0.020020
0.177979
-0.231201
-0.183350
-0.192871
0.015869
-0.067627
0.058838
0.242432
-0.081543
-0.194092
-0.014648
0.065674
-0.048584
0.115234
-0.014893
-0.194580
0.092285
-0.099854
0.108154
-0.050293
-0.040039
-0.160156
0.184570
0.134521
-0.197266
0.013184
0.152344
0.086182
0.018311
-0.000977
0.087891
-0.155518
0.145020
0.080078
-0.074707
-0.104492
-0.175781
-0.126709
-0.085693
0.113525
0.101318
0.166748
0.315918
0.189941
-0.307861
0.012207
-0.067871
0.281006
0.059082
-0.092529
0.005371
0.091553
0.009766
-0.098145
-0.139404
-0.077148
0.048584
-0.226807
0.148682
-0.038818
0.217285
-0.224365
0.020264
-0.042725
0.035645
0.080322
-0.149170
-0.033447
0.035156
0.046387
0.022949
-0.175049
-0.014404
-0.029541
0.000977
0.222168
-0.220703
0.019287
0.067871
-0.166504
-0.122559
-0.074463
-0.156006
0.116455
0.199707
0.003174
0.184082
-0.062744
0.124268
0.176025
0.090820
0.051270
0.177734
-0.126709
0.029297
0.187012
-0.134033
-0.102539
-0.021973
-0.268799
-0.039307
0.140381
0.009277
-0.185791
-0.046143
0.046875
-0.107422
-0.093750
0.086182
0.163086
-0.093018
0.170898
-0.156982
-0.200928
0.129150
0.248779
-0.119873
-0.137695
0.177979
0.207764
0.029053
-0.093994
0.236572
-0.041504
0.121826
-0.117920
0.163330
0.194092
0.002686
-0.094482
-0.060303
0.090088
0.036621
0.134277
0.007080
0.134521
-0.223389
0.106445
0.209961
-0.048340
0.148438
0.131104
0.007812
0.092773
0.069580
0.115479
0.207520
-0.004639
0.002686
-0.249512
-0.149658
-0.064941
-0.011719
0.240234
0.106201
0.014404
0.027344
0.165527
0.143799
0.123779
-0.155029
0.110352
0.137939
-0.025146
0.115723
-0.060547
0.001953
0.017090
-0.129150
0.182129
0.150146
-0.121338
0.022217
0.250488
0.265625
-0.019043
-0.153320
-0.142090
0.143311
0.147461
0.130127
-0.058594
0.177490
-0.183594
-0.042236
-0.165527
0.111328
0.210693
-0.077637
-0.153320
0.029297
-0.069824
0.029541
-0.007812
0.054932
-0.055664
-0.125488
-0.043945
0.012451
-0.212646
-0.095215
-0.076416
-0.181396
0.135742
0.095215
0.025391
-0.072998
0.117432
-0.255859
-0.151367
0.282227
-0.271484
0.167480
0.128174
0.075684
-0.117676
0.233154
0.272217
-0.149414
0.197998
-0.022949
-0.228760
-0.190186
0.164307
0.164795
0.185303
-0.133789
-0.188477
-0.108643
-0.143311
0.016846
0.038330
-0.150879
0.142334
-0.193115
-0.150146
-0.230713
0.029785
-0.033691
-0.172119
0.029541
-0.197754
-0.093506
-0.197021
0.144775
-0.042969
0.046875
-0.305420
0.043457
0.200439
-0.069824
-0.152100
0.172607
-0.146240
-0.200684
0.075195
0.081787
0.166504
-0.162354
-0.144287
-0.200928
-0.106201
0.097656
0.169678
0.165527
-0.105713
-0.201416
0.050781
-0.021729
-0.258789
-0.099121
0.163818
0.014404
-0.022461
-0.140137
0.044189
-0.173340
0.053711
-0.230225
0.182861
-0.225342
-0.231445
-0.136963
-0.134766
-0.097412
0.153809
-0.055420
-0.027100
-0.212158
0.034912
-0.207520
-0.076172
-0.139404
0.028076
0.114014
0.069580
-0.173096
0.040283
0.171143
0.224609
0.078125
0.110107
0.001953
0.083740
-0.206055
-0.135742
-0.088867
0.015869
-0.032227
0.129639
-0.218506
-0.126709
0.201416
0.156006
0.111328
0.106689
-0.199951
0.131104
0.053467
-0.136963
0.033447
0.033936
-0.072754
0.161865
-0.176025
-0.136963
0.129639
-0.160156
-0.012695
-0.194824
-0.117432
0.034180
-0.000488
0.108887
0.145508
0.021484
-0.144043
0.226807
0.169189
0.231689
0.013428
-0.054199
0.116699
-0.086426
0.130127
0.085938
0.125977
-0.115234
-0.206543
0.040527
0.151367
0.039062
0.150391
-0.184082
0.166992
0.175537
0.167969
-0.152344
0.151367
0.210449
-0.157227
0.029541
-0.163818
0.170410
0.202393
0.106201
-0.044189
-0.098389
-0.110840
0.134277
-0.110352
0.093506
0.201416
0.159668
0.089355
-0.187500
-0.121094
0.076904
-0.170898
0.166992
-0.068359
0.168457
-0.131348
0.059326
-0.150879
0.037842
0.011230
-0.178223
-0.167236
0.200928
0.175293
0.131836
0.050781
0.060791
0.181152
0.206055
0.001709
-0.145020
-0.185791
0.123291
-0.074951
0.061035
0.104004
0.173096
0.042480
0.050537
0.140381
0.091064
-0.170654
0.009521
-0.143799
-0.239014
0.116699
-0.142822
0.096924
-0.139160
0.038574
-0.002441
0.265381
-0.185791
0.127686
0.152344
0.159180
-0.041260
-0.052246
-0.130127
-0.120850
0.148682
-0.146240
-0.131348
0.096924
-0.215332
-0.110840
0.126221
-0.142578
0.194580
0.176270
-0.104492
-0.066162
-0.186035
-0.039795
0.097168
0.108643
-0.183350
0.104004
0.040283
-0.046631
-0.168457
-0.181641
0.045166
0.048584
-0.178223
-0.024902
-0.026611
-0.180420
-0.074951
0.303955
0.286621
-0.022461
-0.052490
0.128174
0.026123
-0.143799
0.167480
-0.053711
0.223389
-0.156738
0.001465
-0.012695
0.218506
0.153076
0.212158
0.231689
0.159180
0.162354
-0.263916
0.041016
-0.022705
-0.005859
-0.288818
0.203369
-0.162842
0.012939
0.144043
0.035889
0.188965
-0.094971
-0.107178
0.029785
-0.149414
0.221924
-0.115723
0.103027
-0.105957
-0.139160
0.211670
0.133057
-0.102295
-0.086670
0.228271
0.150146
0.124268
0.105713
0.040771
-0.185059
-0.218018
-0.199219
0.103516
-0.208740
0.021484
-0.152344
-0.063721
-0.104004
-0.044922
0.202148
