0.750000
0.500000
0.375000
11.000000
0.727273
2.500000
1.000000
1.333333
0.078125
1.500000
0.526316
0.046875
1.000000
0.181818
1.428571
0.800000
3.000000
0.529412
1.333333
2.000000
0.333333
1.250000
0.500000
2.666667
19.000000
5.000000
1.833333
0.857143
1.000000
0.500000
3.000000
0.148438
6.500000
2.111111
1.000000
0.500000
0.307692
0.859375
0.000000
0.791667
0.500000
0.666667
1.166667
1.142857
0.529412
13.000000
4.600000
22.000000
1.000000
0.078125
0.666667
1.000000
6.333333
0.181818
0.600000
0.400000
3.333333
2.750000
0.916667
2.000000
0.312500
1.400000
0.666667
1.000000
1.000000
2.000000
4.500000
0.750000
6.000000
0.800000
0.333333
11.500000
0.093750
1.000000
0.859375
0.200000
7.000000
0.083333
0.023438
0.054688
0.571429
5.666667
2.333333
0.055556
0.750000
2.200000
13.000000
8.000000
0.555556
2.500000
7.500000
1.800000
0.156250
1.000000
0.200000
3.000000
1.500000
0.466667
0.100000
1.500000
0.615385
0.700000
0.727273
1.000000
1.000000
0.375000
1.500000
4.000000
1.500000
3.333333
0.333333
1.333333
2.500000
1.000000
2.111111
0.187500
0.666667
4.333333
0.454545
11.000000
1.750000
12.000000
1.500000
0.156250
1.000000
10.000000
14.000000
1.800000
0.846154
4.333333
15.000000
0.500000
0.238095
1.000000
1.000000
1.000000
3.200000
2.500000
1.714286
0.117647
0.500000
4.500000
6.000000
0.312500
0.875000
2.200000
2.428571
1.666667
1.000000
0.054688
0.210526
3.000000
3.000000
2.800000
0.125000
6.000000
2.000000
0.250000
2.000000
0.437500
7.500000
0.031250
8.000000
5.000000
0.375000
0.070312
1.125000
3.000000
0.750000
5.000000
1.000000
2.000000
6.000000
0.200000
0.109375
8.000000
1.333333
4.000000
7.000000
1.750000
0.500000
4.000000
1.000000
1.428571
0.600000
0.500000
0.375000
2.333333
1.000000
2.750000
0.642857
0.700000
1.090909
1.500000
0.781250
1.000000
0.300000
1.000000
0.703125
0.800000
0.600000
1.111111
0.250000
4.250000
0.533333
0.714286
2.625000
2.333333
1.000000
4.500000
0.857143
11.000000
1.400000
6.000000
2.400000
2.000000
2.250000
0.952381
12.000000
0.101562
3.000000
2.666667
0.777778
2.000000
1.571429
0.703125
0.500000
4.333333
2.000000
6.000000
1.000000
0.833333
14.000000
4.500000
0.200000
5.000000
5.333333
0.523810
4.333333
0.375000
0.782609
3.000000
16.000000
0.437500
1.833333
0.031250
0.312500
4.000000
2.000000
0.857143
0.070312
0.300000
1.171875
12.000000
0.142857
0.437500
0.300000
1.000000
8.000000
3.500000
5.000000
1.285714
0.666667
0.078125
7.666667
3.250000
2.166667
3.666667
6.500000
0.272727
0.054688
0.085938
9.000000
0.176471
5.000000
0.461538
5.333333
5.500000
3.000000
0.636364
13.000000
1.400000
6.000000
1.375000
3.666667
0.200000
1.333333
0.250000
3.500000
3.000000
2.166667
1.000000
0.315789
0.500000
1.250000
1.500000
3.000000
12.000000
17.000000
0.500000
0.101562
0.070312
0.777778
1.000000
1.111111
2.666667
2.000000
1.500000
0.875000
0.200000
7.000000
2.600000
0.070312
1.750000
19.000000
0.466667
1.266667
0.750000
0.181818
0.666667
7.000000
8.000000
3.000000
1.166667
0.090909
4.000000
4.500000
1.272727
4.500000
0.583333
19.000000
6.000000
1.272727
1.000000
3.000000
0.200000
0.600000
4.000000
0.538462
8.000000
8.000000
3.750000
5.000000
2.600000
6.500000
1.714286
1.800000
0.625000
11.000000
1.428571
2.428571
1.400000
4.000000
2.000000
2.000000
0.250000
1.222222
0.631579
1.666667
1.500000
6.500000
5.000000
4.000000
1.000000
1.000000
1.000000
5.000000
0.833333
1.400000
1.750000
1.142857
0.750000
0.363636
0.315789
0.250000
0.100000
3.500000
4.000000
0.750000
1.333333
6.000000
0.388889
0.545455
1.454545
0.400000
0.062500
0.166667
1.333333
2.750000
0.200000
2.500000
0.615385
1.000000
0.333333
0.800000
0.363636
1.300000
0.132812
3.000000
0.307692
4.000000
0.380952
1.285714
0.400000
1.166667
0.692308
1.285714
7.000000
0.384615
1.500000
0.555556
7.000000
0.625000
3.000000
0.666667
2.000000
0.157895
14.000000
1.400000
0.857143
0.437500
6.500000
1.171875
0.545455
0.666667
0.054688
0.625000
0.875000
0.571429
1.000000
0.111111
0.250000
1.500000
1.500000
1.666667
4.333333
1.888889
2.000000
1.250000
8.000000
1.000000
3.000000
2.400000
0.400000
0.000000
2.333333
0.666667
0.529412
0.375000
1.000000
6.000000
1.200000
0.166667
6.666667
25.000000
1.285714
0.900000
11.000000
0.333333
1.000000
2.000000
1.000000
9.500000
2.000000
1.500000
0.666667
0.333333
7.000000
4.000000
5.000000
5.500000
4.800000
5.250000
2.125000
0.333333
0.176471
0.666667
3.000000
1.666667
0.333333
0.031250
6.000000
2.500000
2.500000
8.500000
7.000000
9.000000
1.500000
0.125000
1.400000
0.846154
0.875000
1.857143
7.000000
1.500000
0.428571
3.250000
2.000000
1.500000
0.423077
5.000000
2.000000
0.500000
0.181818
6.000000
24.000000
0.000000
0.007812
3.500000
19.000000
3.000000
8.000000
1.272727
3.000000
12.000000
1.400000
1.500000
2.000000
0.888889
1.200000
2.250000
1.142857
2.000000
0.416667
2.000000
0.181818
4.000000
0.200000
0.500000
3.000000
0.800000
1.000000
1.428571
6.500000
7.000000
2.800000
1.875000
1.500000
2.000000
4.000000
2.600000
20.000000
1.500000
3.333333
0.882353
4.000000
0.875000
1.000000
1.000000
2.400000
0.054688
3.000000
2.400000
3.000000
0.666667
2.333333
0.900000
3.500000
0.500000
5.000000
6.500000
4.000000
0.523810
0.070312
0.777778
3.200000
6.000000
2.600000
0.071429
0.500000
0.333333
0.400000
0.000000
1.200000
0.652174
9.000000
0.666667
3.500000
0.846154
0.333333
0.333333
0.500000
6.333333
2.750000
1.500000
0.437500
0.785714
2.500000
0.700000
13.000000
2.600000
4.000000
0.031250
2.666667
0.714286
0.722222
0.769231
1.000000
2.666667
1.000000
8.500000
0.500000
0.400000
1.333333
1.500000
3.500000
3.000000
0.140625
0.333333
0.625000
0.142857
9.000000
0.666667
0.250000
1.500000
4.000000
1.500000
2.500000
1.500000
0.333333
1.000000
1.727273
1.000000
0.023438
4.000000
2.000000
0.333333
3.666667
1.406250
0.500000
0.109375
1.500000
1.750000
0.166667
1.833333
0.039062
0.859375
1.333333
1.000000
2.285714
4.000000
0.428571
19.000000
0.636364
1.909091
1.100000
1.093750
6.000000
3.500000
2.500000
1.916667
2.333333
0.833333
2.500000
2.142857
0.500000
3.000000
0.350000
6.666667
1.750000
0.046875
0.111111
0.636364
0.368421
1.250000
6.000000
5.666667
0.583333
0.833333
1.333333
0.714286
0.076923
3.800000
0.400000
0.466667
9.000000
3.000000
1.000000
1.444444
2.222222
1.166667
3.600000
0.031250
13.000000
6.666667
0.140625
1.142857
0.142857
0.333333
0.333333
0.857143
4.000000
1.454545
8.000000
4.000000
5.000000
0.117188
5.500000
6.000000
1.428571
0.545455
2.666667
1.600000
1.000000
0.000000
6.000000
1.363636
1.000000
1.600000
3.000000
2.333333
0.818182
7.000000
5.000000
0.400000
4.000000
1.500000
1.200000
0.054688
12.000000
0.588235
1.538462
1.000000
9.000000
2.750000
1.375000
0.468750
0.666667
0.434783
0.200000
5.500000
0.176471
0.054688
1.000000
8.000000
1.363636
2.250000
2.000000
2.500000
0.583333
0.039062
1.750000
6.000000
0.500000
0.800000
0.750000
9.000000
2.500000
0.857143
0.625000
1.900000
1.428571
1.500000
0.777778
0.031250
10.000000
0.039062
11.000000
2.714286
4.333333
3.200000
12.000000
3.250000
0.062500
1.333333
1.750000
0.875000
2.000000
2.000000
2.500000
0.500000
3.000000
0.692308
2.333333
0.285714
2.714286
0.300000
0.039062
0.818182
1.000000
0.285714
0.411765
0.039062
2.000000
0.039062
0.400000
2.000000
0.750000
3.250000
0.846154
2.000000
1.250000
0.571429
2.714286
8.000000
0.583333
1.250000
3.666667
0.039062
1.500000
1.000000
0.007812
1.250000
0.857143
3.000000
0.111111
1.727273
2.000000
0.400000
0.700000
6.000000
2.400000
1.142857
1.250000
1.400000
0.416667
1.171875
2.333333
1.200000
14.000000
3.000000
1.400000
2.000000
3.000000
1.500000
0.941176
0.615385
2.000000
2.400000
0.250000
1.125000
0.054688
1.666667
2.000000
1.142857
2.666667
3.000000
0.700000
1.428571
0.125000
0.636364
1.500000
1.222222
1.171875
1.142857
3.500000
0.833333
3.000000
1.105263
1.700000
3.250000
0.031250
1.400000
1.000000
0.200000
1.000000
5.000000
3.500000
6.500000
1.800000
17.000000
5.500000
5.000000
1.000000
3.500000
0.090909
1.200000
0.866667
0.529412
11.000000
3.000000
2.111111
1.000000
1.666667
0.296296
0.375000
1.000000
1.666667
2.400000
2.666667
5.333333
2.833333
0.400000
0.333333
2.000000
3.666667
16.000000
1.400000
0.078125
6.000000
4.333333
2.750000
0.600000
1.200000
5.000000
0.428571
0.400000
2.375000
3.000000
0.142857
8.000000
12.000000
1.500000
1.100000
0.533333
1.833333
0.078125
0.190476
2.000000
2.000000
0.866667
5.000000
18.000000
2.500000
1.000000
8.500000
0.571429
1.285714
1.090909
0.132812
1.285714
4.000000
3.333333
0.375000
0.777778
0.750000
3.666667
8.000000
1.750000
8.000000
1.100000
0.190476
1.600000
2.000000
0.818182
2.000000
2.500000
1.111111
0.320000
2.250000
1.166667
1.666667
1.000000
5.000000
1.200000
1.166667
2.250000
1.250000
1.250000
0.642857
1.000000
0.200000
0.714286
1.500000
2.000000
0.070312
3.500000
4.000000
2.166667
2.000000
7.000000
3.500000
2.000000
0.666667
0.500000
0.450000
0.538462
1.000000
0.125000
1.000000
4.000000
0.312500
12.000000
1.214286
1.571429
0.428571
5.000000
0.350000
0.007812
0.800000
0.142857
1.000000
2.600000
0.200000
0.307692
1.100000
1.285714
1.285714
1.125000
9.000000
2.750000
3.000000
1.400000
1.636364
2.000000
1.428571
1.500000
1.250000
0.916667
3.000000
1.750000
2.000000
1.500000
2.250000
0.125000
0.888889
0.800000
5.000000
0.571429
1.800000
0.054688
0.181818
0.600000
0.562500
0.070312
0.750000
0.500000
0.500000
4.500000
1.500000
3.600000
2.000000
2.000000
4.250000
8.000000
2.200000
0.357143
1.000000
0.070312
0.007812
2.500000
4.000000
0.333333
0.120000
9.000000
2.000000
0.250000
3.500000
1.750000
1.800000
1.000000
11.000000
5.666667
4.333333
0.133333
4.000000
3.750000
0.200000
1.000000
1.857143
3.000000
0.538462
3.000000
0.714286
2.000000
2.333333
1.500000
2.333333
1.625000
7.000000
0.384615
3.500000
2.333333
8.000000
0.428571
0.500000
3.285714
0.875000
1.375000
3.000000
1.333333
1.000000
6.666667
0.500000
0.164062
3.000000
22.000000
6.000000
0.545455
0.500000
2.000000
2.000000
2.000000
1.100000
0.625000
0.363636
4.000000
1.000000
5.000000
1.166667
2.000000
2.222222
1.333333
0.857143
0.140625
16.000000
0.800000
1.166667
2.000000
21.000000
1.718750
6.000000
0.015625
0.500000
1.833333
1.857143
2.600000
0.333333
-0.007812
0.500000
0.500000
0.142857
1.000000
0.600000
4.000000
7.500000
2.000000
1.000000
5.000000
9.500000
1.000000
2.000000
0.900000
0.234375
1.166667
0.230769
1.000000
1.800000
1.142857
0.062500
2.000000
6.000000
0.023438
0.023438
0.777778
6.000000
0.078125
8.000000
2.000000
1.625000
1.222222
1.500000
0.266667
0.132812
0.703125
1.833333
1.666667
0.007812
0.250000
6.000000
4.600000
0.437500
2.142857
0.263158
3.000000
0.833333
0.666667
5.000000
1.500000
0.500000
0.500000
0.500000
0.164062
2.000000
2.000000
1.000000
3.000000
1.000000
3.166667
0.777778
0.015625
3.000000
1.200000
0.600000
3.000000
3.000000
