0.062500
0.000000
-0.054688
0.500000
0.054688
0.375000
-0.015625
0.312500
0.611111
0.000000
0.000000
0.200000
0.555556
0.166667
1.333333
1.000000
0.000000
0.078125
0.562500
1.500000
0.031250
0.062500
0.046875
0.015625
0.750000
1.000000
0.125000
0.181818
0.000000
0.750000
-0.046875
0.062500
0.176471
-0.039062
11.000000
0.150000
0.666667
0.727273
-0.023438
2.500000
-0.179688
1.000000
0.428571
-0.000000
0.054688
-0.031250
0.125000
0.250000
-0.015625
0.526316
0.007812
-0.148438
-0.039062
-0.054688
-0.000000
-0.046875
-0.046875
1.083333
0.473684
0.800000
0.078125
0.500000
0.062500
0.062500
0.039062
1.333333
0.555556
0.500000
0.000000
0.000000
0.333333
0.200000
0.023438
0.375000
0.333333
-0.023438
19.000000
0.300000
0.400000
1.666667
0.062500
1.833333
0.857143
0.031250
1.428571
0.500000
0.166667
-0.031250
0.000000
3.000000
0.000000
0.529412
-0.062500
0.700000
0.015625
2.000000
-0.085938
0.333333
1.250000
0.000000
0.070312
0.500000
2.666667
0.388889
-0.039062
-0.148438
5.000000
0.000000
1.000000
0.156250
-0.007812
0.132812
0.666667
-0.062500
-0.062500
0.500000
3.000000
-0.070312
-0.023438
-0.109375
0.111111
6.500000
2.111111
0.166667
-0.101562
0.109375
0.500000
0.222222
0.234375
0.307692
0.444444
-0.031250
0.000000
-0.046875
-0.070312
0.000000
0.015625
0.500000
0.015625
0.125000
-0.054688
1.000000
0.000000
0.046875
0.007812
0.071429
0.023438
0.148438
1.750000
0.100000
0.054688
-0.125000
1.000000
0.937500
0.078125
0.100000
-0.125000
0.085938
0.859375
0.555556
-0.046875
0.000000
0.210526
0.791667
0.500000
0.125000
0.015625
0.666667
0.571429
0.062500
0.031250
0.166667
0.529412
0.031250
0.031250
13.000000
4.600000
1.015625
22.000000
-0.062500
0.046875
0.039062
-0.070312
0.078125
0.015625
0.046875
1.000000
0.600000
-0.007812
0.007812
-0.023438
0.181818
0.000000
0.200000
0.062500
0.037037
1.166667
0.101562
1.142857
0.031250
0.058824
0.250000
-0.093750
-0.046875
3.000000
0.023438
-0.125000
0.015625
0.062500
1.000000
-0.093750
0.078125
0.150000
0.666667
0.023438
0.039062
6.333333
5.500000
0.078125
0.023438
0.600000
0.200000
0.187500
0.400000
0.625000
0.285714
2.750000
0.054688
0.031250
-0.015625
0.031250
2.000000
0.312500
-0.000000
0.140625
1.400000
0.093750
0.666667
0.000000
1.000000
-0.015625
-0.046875
-0.023438
2.000000
0.052632
0.142857
-0.070312
0.250000
-0.023438
6.000000
0.800000
0.142857
3.333333
0.125000
-0.007812
0.031250
0.916667
0.222222
0.000000
-0.031250
-0.125000
0.070312
0.500000
0.203125
0.070312
0.031250
0.054688
-0.109375
-0.070312
1.000000
-0.054688
0.500000
-0.039062
4.500000
0.750000
0.375000
0.078125
-0.046875
0.015625
-0.078125
0.046875
-0.015625
2.400000
11.500000
0.093750
0.047619
0.416667
0.000000
0.181818
-0.078125
-0.125000
-0.031250
-0.078125
-0.031250
0.083333
-0.039062
0.000000
0.023438
0.054688
0.047619
-0.015625
0.023438
0.000000
4.000000
-0.007812
1.200000
-0.015625
0.054688
0.333333
0.101562
1.500000
0.444444
-0.093750
0.000000
0.054688
1.000000
0.000000
0.859375
0.200000
0.090909
-0.062500
7.000000
-0.039062
0.046875
-0.015625
-0.015625
-0.093750
-0.132812
0.023438
0.571429
0.000000
5.666667
0.000000
2.333333
0.055556
0.000000
0.666667
-0.039062
-0.085938
2.200000
-0.023438
0.750000
8.000000
0.647059
0.333333
0.181818
0.000000
0.800000
0.093750
7.500000
1.800000
0.875000
-0.101562
-0.062500
1.000000
-0.046875
0.200000
0.000000
0.031250
0.181818
-0.007812
0.015625
0.083333
0.428571
0.750000
0.046875
0.023438
0.200000
-0.000000
13.000000
0.039062
0.062500
0.555556
0.015625
0.764706
2.500000
0.101562
0.692308
1.333333
0.000000
0.156250
0.101562
-0.039062
-0.093750
0.023438
-0.101562
3.000000
2.000000
1.500000
-0.039062
0.466667
0.015625
0.007812
-0.062500
0.015625
1.500000
0.085938
0.615385
0.700000
0.007812
0.070312
-0.078125
1.000000
-0.054688
-0.031250
-0.007812
0.375000
0.007812
-0.093750
0.023438
-0.031250
0.046875
1.500000
0.000000
0.200000
3.333333
-0.000000
0.333333
-0.054688
0.015625
-0.000000
0.100000
-0.039062
0.007812
0.076923
0.000000
0.078125
0.054688
0.727273
0.093750
-0.000000
0.015625
0.031250
1.000000
-0.007812
0.062500
1.500000
0.076923
0.062500
4.000000
0.000000
0.400000
0.062500
1.400000
0.039062
0.007812
1.333333
0.647059
0.085938
-0.046875
0.039062
-0.031250
2.111111
0.142857
0.101562
0.187500
-0.062500
0.023438
0.000000
0.000000
0.085938
0.454545
2.571429
2.500000
0.000000
0.093750
1.200000
0.039062
0.428571
0.000000
0.156250
0.150000
0.070312
0.500000
-0.054688
2.000000
2.500000
0.078125
1.000000
0.156250
0.454545
0.046875
-0.000000
-0.085938
0.444444
0.666667
4.333333
0.023438
0.200000
0.000000
0.023438
11.000000
0.384615
1.750000
0.111111
12.000000
1.000000
1.500000
-0.015625
-0.054688
1.000000
0.200000
-0.054688
10.000000
2.500000
0.015625
-0.023438
-0.109375
0.846154
0.054688
4.333333
0.000000
1.666667
0.046875
0.070312
-0.078125
0.238095
-0.039062
0.000000
0.078125
-0.007812
1.000000
0.666667
0.090909
0.000000
3.200000
-0.109375
0.015625
0.062500
1.714286
0.015625
0.078125
14.000000
0.555556
0.093750
1.800000
0.023438
0.039062
0.166667
3.000000
0.166667
15.000000
0.500000
0.390625
0.031250
-0.062500
1.000000
0.039062
-0.039062
0.347826
1.000000
-0.046875
1.250000
0.015625
2.500000
0.941176
-0.093750
0.164062
0.101562
0.117647
0.015625
0.500000
4.500000
0.000000
0.000000
0.857143
0.007812
0.078125
0.875000
-0.117188
0.039062
-0.070312
0.101562
1.111111
0.039062
-0.148438
-0.015625
1.000000
0.023438
0.007812
0.210526
-0.046875
-0.125000
0.900000
-0.062500
-0.046875
0.133333
0.444444
0.054688
-0.093750
-0.039062
-0.015625
6.000000
-0.085938
0.312500
-0.023438
0.070312
0.272727
2.200000
-0.000000
2.428571
-0.054688
-0.000000
1.666667
0.000000
0.054688
0.054688
-0.015625
0.000000
0.015625
3.000000
1.000000
0.000000
3.000000
2.800000
-0.085938
0.039062
0.046875
1.000000
6.000000
-0.039062
2.000000
0.250000
-0.093750
0.023438
2.000000
-0.078125
-0.039062
-0.078125
7.500000
-0.085938
0.015625
0.101562
-0.031250
5.000000
1.714286
0.062500
-0.070312
-0.085938
0.070312
1.125000
0.666667
3.000000
0.066667
0.125000
-0.000000
2.333333
-0.015625
-0.023438
0.046875
-0.070312
0.109375
-0.007812
-0.023438
0.437500
0.300000
0.750000
-0.062500
0.000000
0.031250
-0.000000
8.000000
0.125000
0.666667
0.023438
0.375000
-0.093750
-0.054688
0.666667
0.294118
0.007812
-0.125000
0.200000
0.750000
2.333333
-0.062500
0.000000
-0.093750
0.666667
0.156250
0.176471
6.000000
-0.054688
0.007812
-0.039062
0.109375
0.250000
0.000000
0.200000
1.333333
0.070312
4.000000
7.000000
0.153846
0.500000
1.750000
0.109375
0.375000
0.054688
0.546875
-0.085938
0.500000
5.000000
-0.007812
1.000000
0.000000
2.000000
0.461538
0.470588
0.007812
0.023438
0.200000
0.093750
0.023438
0.023438
8.000000
0.250000
-0.023438
0.250000
0.015625
0.071429
0.031250
0.007812
0.054688
0.500000
-0.054688
4.000000
1.666667
1.000000
0.166667
1.428571
0.007812
0.600000
0.148438
0.250000
0.062500
0.200000
-0.023438
1.640625
-0.023438
1.000000
0.132812
0.352941
-0.000000
0.642857
0.023438
0.031250
0.058824
0.700000
0.923077
0.023438
-0.046875
0.500000
0.781250
1.000000
0.166667
0.054688
0.156250
1.000000
0.714286
0.023438
0.428571
0.500000
0.031250
0.156250
0.375000
2.333333
0.000000
0.666667
0.727273
1.090909
2.750000
0.500000
-0.085938
0.700000
-0.039062
1.090909
0.039062
1.500000
0.125000
-0.078125
0.230769
0.423077
0.093750
0.300000
0.294118
-0.039062
-0.031250
0.703125
-0.062500
0.800000
0.031250
-0.023438
-0.070312
0.000000
-0.062500
-0.046875
0.153846
-0.031250
0.727273
-0.007812
0.333333
0.363636
0.093750
2.625000
0.132812
2.333333
0.101562
1.000000
0.031250
0.218750
-0.078125
0.046875
-0.031250
-0.031250
1.000000
-0.015625
-0.046875
-0.070312
-0.046875
0.156250
0.600000
0.666667
1.111111
-0.015625
0.250000
0.031250
4.250000
0.070312
0.533333
0.714286
-0.023438
-0.070312
-0.062500
1.375000
0.095238
0.111111
0.142857
0.046875
4.500000
0.039062
-0.078125
0.888889
0.078125
-0.015625
0.500000
0.058824
-0.007812
0.015625
2.400000
0.625000
0.900000
0.070312
2.250000
0.692308
0.318182
12.000000
0.500000
0.101562
0.000000
1.500000
0.046875
0.000000
2.666667
0.461538
0.039062
0.046875
0.078125
0.857143
0.800000
-0.031250
11.000000
0.000000
1.400000
-0.078125
6.000000
0.859375
0.500000
2.000000
0.046875
0.125000
-0.101562
0.666667
0.952381
0.085938
0.015625
-0.031250
0.070312
-0.085938
3.000000
0.039062
0.300000
0.777778
0.642857
2.000000
0.250000
0.500000
1.571429
0.285714
0.304348
-0.015625
0.250000
1.333333
-0.039062
2.000000
0.054688
-0.054688
0.357143
1.000000
0.000000
0.078125
0.023438
0.000000
-0.031250
4.500000
1.015625
0.023438
0.083333
0.823529
3.000000
1.333333
0.625000
0.523810
-0.007812
0.000000
0.095238
0.703125
0.054688
0.062500
0.500000
4.333333
0.109375
0.023438
1.000000
-0.054688
6.000000
0.054688
-0.125000
0.833333
0.046875
0.571429
14.000000
-0.156250
0.546875
0.085938
0.200000
5.000000
1.800000
5.333333
0.015625
-0.015625
0.142857
0.062500
0.039062
-0.015625
0.085938
0.388889
0.782609
0.070312
3.000000
16.000000
1.285714
0.300000
0.066667
-0.117188
1.833333
-0.039062
0.000000
0.007812
0.000000
4.000000
0.000000
1.500000
-0.039062
0.857143
-0.031250
0.000000
0.000000
0.062500
0.000000
4.333333
1.400000
0.125000
0.375000
0.070312
0.375000
0.250000
0.046875
0.164062
-0.015625
0.437500
0.046875
0.500000
1.000000
0.000000
0.031250
0.000000
0.312500
0.054688
-0.054688
-0.085938
2.000000
-0.007812
0.015625
0.070312
0.062500
0.078125
0.300000
0.833333
0.085938
0.031250
12.000000
-0.109375
-0.046875
0.352941
-0.062500
0.300000
-0.070312
-0.085938
1.000000
0.078125
1.181818
3.500000
0.000000
-0.023438
-0.093750
-0.078125
1.285714
-0.070312
-0.085938
0.000000
-0.039062
0.454545
0.390625
1.406250
-0.109375
1.171875
0.888889
0.200000
0.023438
0.142857
-0.171875
0.437500
0.015625
0.078125
0.046875
0.937500
-0.093750
8.000000
0.222222
0.039062
0.054688
5.000000
1.500000
-0.023438
0.562500
0.421053
0.666667
0.039062
0.078125
7.666667
-0.125000
0.444444
3.250000
0.125000
1.250000
0.062500
0.000000
6.500000
0.054688
0.272727
-0.023438
-0.007812
-0.007812
0.000000
0.085938
0.031250
9.000000
-0.039062
0.133333
5.000000
0.015625
0.062500
0.312500
1.000000
0.000000
5.500000
-0.015625
3.000000
1.000000
-0.031250
0.500000
2.166667
-0.078125
3.666667
0.333333
0.007812
0.000000
0.054688
0.272727
0.054688
-0.085938
-0.015625
0.046875
0.000000
0.007812
0.176471
0.007812
0.093750
0.750000
0.461538
0.046875
5.333333
-0.023438
2.000000
0.062500
0.312500
0.015625
0.636364
-0.023438
13.000000
-0.000000
1.400000
-0.000000
1.000000
-0.085938
0.007812
-0.007812
-0.070312
3.666667
0.031250
0.200000
0.000000
1.000000
-0.000000
0.250000
0.062500
0.031250
0.000000
0.000000
0.384615
-0.000000
-0.007812
-0.031250
0.250000
-0.015625
-0.078125
-0.023438
-0.093750
-0.015625
1.272727
0.023438
6.000000
0.023438
-0.109375
1.375000
1.666667
0.083333
-0.031250
-0.015625
1.333333
1.250000
-0.046875
-0.132812
3.500000
0.500000
3.000000
1.125000
0.714286
2.166667
1.000000
0.125000
0.315789
0.054688
0.500000
-0.070312
1.250000
-0.000000
1.500000
0.000000
1.133333
-0.031250
12.000000
-0.054688
0.750000
17.000000
0.500000
-0.054688
0.101562
-0.015625
0.031250
0.070312
-0.101562
0.777778
0.101562
0.031250
-0.039062
1.111111
0.109375
2.666667
0.714286
2.000000
0.859375
1.500000
0.093750
-0.031250
0.000000
-0.000000
3.000000
0.833333
1.666667
0.416667
0.007812
0.000000
0.085938
0.090909
0.023438
-0.046875
0.015625
0.031250
-0.039062
0.093750
1.000000
1.000000
0.031250
0.000000
-0.039062
0.000000
-0.117188
0.093750
0.250000
-0.007812
0.875000
-0.023438
0.111111
-0.070312
0.187500
0.722222
2.600000
1.484375
0.070312
-0.015625
1.750000
0.015625
-0.023438
-0.046875
-0.101562
0.466667
-0.046875
0.000000
0.750000
0.750000
0.181818
-0.031250
0.085938
0.666667
7.000000
0.859375
1.000000
8.000000
0.285714
-0.062500
0.062500
0.200000
0.109375
7.000000
0.031250
0.078125
-0.039062
0.007812
-0.132812
0.171875
19.000000
0.468750
0.166667
-0.031250
0.850000
1.266667
0.176471
0.428571
0.125000
-0.023438
0.085938
-0.085938
-0.007812
1.272727
3.000000
0.703125
1.666667
3.000000
-0.054688
0.031250
-0.046875
0.090909
4.000000
0.468750
4.500000
0.132812
-0.062500
1.272727
1.666667
4.500000
0.583333
-0.000000
1.500000
0.078125
-0.031250
0.000000
0.039062
1.272727
1.000000
0.093750
-0.070312
-0.117188
-0.046875
0.142857
1.000000
0.642857
0.625000
1.166667
0.015625
0.007812
1.000000
0.007812
0.000000
1.384615
-0.054688
0.023438
1.500000
-0.007812
0.181818
0.093750
1.000000
19.000000
6.000000
0.461538
0.023438
1.222222
-0.046875
0.000000
3.000000
0.800000
0.200000
0.000000
0.600000
0.000000
0.142857
4.000000
0.156250
-0.054688
-0.031250
8.000000
-0.023438
0.764706
1.000000
0.031250
5.000000
3.333333
-0.023438
0.000000
6.500000
2.000000
0.031250
1.714286
1.400000
0.000000
0.007812
0.625000
-0.101562
11.000000
-0.015625
-0.062500
0.428571
-0.062500
0.093750
1.015625
0.538462
-0.007812
0.039062
-0.039062
8.000000
0.066667
3.750000
-0.031250
-0.015625
0.000000
1.000000
2.600000
0.200000
-0.054688
-0.015625
0.100000
1.153846
1.800000
0.250000
0.533333
0.250000
-0.007812
0.039062
1.428571
2.428571
-0.039062
-0.101562
0.046875
0.600000
4.000000
0.400000
2.000000
0.571429
2.000000
-0.031250
-0.007812
0.545455
0.070312
0.000000
0.631579
0.500000
1.666667
0.500000
-0.046875
-0.078125
-0.070312
0.500000
5.000000
4.000000
-0.085938
-0.062500
-0.062500
0.461538
0.023438
-0.062500
1.400000
0.046875
0.250000
0.039062
-0.062500
0.125000
-0.039062
0.250000
0.015625
1.222222
-0.117188
0.085938
0.444444
0.230769
0.007812
1.500000
0.625000
0.062500
6.500000
-0.054688
0.117188
0.085938
-0.031250
1.000000
0.000000
-0.070312
0.000000
1.000000
0.000000
5.000000
2.571429
0.833333
-0.007812
-0.054688
-0.031250
1.750000
0.000000
-0.062500
0.400000
-0.000000
0.363636
0.023438
0.250000
0.054688
-0.007812
0.111111
0.039062
0.007812
0.100000
0.109375
0.000000
0.714286
4.000000
0.333333
1.000000
0.054688
0.800000
0.000000
0.109375
-0.078125
0.015625
1.400000
0.400000
0.333333
0.833333
0.023438
1.142857
0.750000
0.070312
0.070312
0.363636
0.153846
0.315789
0.015625
0.250000
0.000000
-0.007812
3.500000
0.000000
-0.007812
0.039062
0.538462
0.750000
1.333333
-0.000000
0.046875
0.500000
0.200000
0.388889
0.545455
0.046875
-0.046875
-0.085938
0.000000
-0.078125
-0.007812
0.062500
0.000000
0.062500
-0.000000
1.333333
-0.062500
0.000000
0.085938
0.031250
2.500000
0.078125
0.078125
0.615385
0.078125
0.428571
0.500000
0.039062
6.000000
0.031250
0.046875
0.070312
0.171875
0.187500
1.454545
0.125000
0.095238
0.400000
0.031250
-0.062500
0.166667
-0.007812
-0.031250
0.046875
2.750000
0.015625
0.200000
0.031250
0.352941
-0.070312
0.000000
0.500000
1.000000
-0.039062
0.266667
0.285714
0.039062
0.800000
0.363636
-0.015625
0.347826
0.384615
0.007812
0.132812
-0.054688
0.023438
-0.031250
0.250000
-0.039062
-0.062500
0.380952
0.101562
0.363636
-0.031250
0.046875
0.400000
0.023438
1.166667
-0.000000
0.625000
0.703125
0.054688
0.333333
-0.062500
0.600000
-0.070312
0.000000
0.222222
1.300000
-0.046875
-0.007812
-0.007812
0.181818
3.000000
0.307692
0.007812
-0.070312
4.000000
0.234375
-0.015625
0.555556
1.285714
0.363636
0.070312
0.046875
0.200000
0.692308
-0.062500
0.000000
0.031250
0.157895
7.000000
0.272727
0.384615
0.250000
0.388889
0.000000
0.054688
2.500000
-0.031250
0.625000
0.571429
1.142857
-0.093750
0.117188
0.666667
-0.031250
0.083333
0.157895
0.125000
14.000000
1.000000
1.400000
-0.085938
-0.070312
0.333333
1.285714
-0.054688
-0.054688
0.600000
0.023438
0.078125
-0.046875
1.500000
0.070312
0.555556
-0.015625
7.000000
-0.070312
-0.007812
0.272727
3.000000
0.375000
-0.085938
2.000000
-0.085938
0.078125
0.031250
0.235294
2.000000
0.375000
0.333333
0.857143
0.023438
0.007812
0.000000
0.166667
0.333333
0.272727
0.015625
-0.031250
0.200000
0.166667
0.666667
-0.078125
0.054688
0.266667
0.625000
0.000000
-0.101562
0.100000
0.571429
0.000000
1.000000
-0.015625
0.111111
0.000000
0.250000
0.070312
0.400000
0.007812
1.500000
0.437500
-0.039062
6.500000
0.039062
0.132812
1.171875
0.000000
0.545455
0.000000
0.000000
0.023438
0.007812
0.078125
0.185185
0.875000
0.125000
-0.031250
-0.078125
0.250000
0.007812
0.039062
0.039062
-0.031250
0.046875
1.500000
-0.023438
0.866667
0.039062
-0.125000
1.666667
-0.101562
-0.007812
0.031250
0.031250
0.023438
-0.039062
0.538462
0.007812
-0.023438
0.333333
0.500000
-0.007812
0.000000
0.000000
0.190476
2.400000
-0.062500
0.400000
0.000000
-0.078125
0.714286
2.333333
0.078125
0.070312
-0.125000
0.529412
0.416667
1.200000
4.333333
0.888889
1.888889
1.833333
2.000000
0.078125
-0.109375
1.250000
1.100000
8.000000
0.046875
1.000000
3.000000
0.214286
-0.054688
1.500000
-0.062500
0.007812
-0.093750
-0.007812
0.109375
0.125000
0.007812
0.666667
0.333333
0.000000
-0.046875
0.000000
0.039062
1.000000
2.000000
3.000000
-0.101562
0.222222
0.023438
0.166667
6.666667
0.015625
-0.101562
0.500000
0.100000
0.666667
0.000000
0.023438
1.545455
0.600000
0.333333
-0.062500
0.085938
1.000000
0.181818
0.857143
-0.023438
0.750000
0.153846
0.375000
0.054688
0.444444
6.000000
4.750000
1.200000
-0.070312
0.070312
0.070312
2.142857
0.500000
0.000000
25.000000
1.285714
0.007812
0.900000
-0.125000
11.000000
0.085938
-0.125000
0.000000
0.054688
0.000000
-0.031250
2.000000
1.000000
0.200000
-0.070312
0.000000
2.000000
0.000000
0.285714
-0.015625
0.031250
0.375000
0.333333
-0.007812
0.100000
-0.007812
-0.070312
4.000000
5.000000
0.400000
2.333333
1.166667
1.857143
1.714286
5.000000
5.250000
-0.078125
2.125000
-0.023438
0.101562
0.031250
0.176471
9.500000
3.000000
0.428571
-0.031250
-0.000000
1.500000
0.666667
0.054688
0.234375
0.070312
7.000000
0.000000
0.222222
0.333333
0.000000
0.230769
5.500000
-0.000000
0.007812
4.800000
0.015625
0.140625
0.333333
0.285714
0.333333
-0.031250
0.052632
-0.015625
0.000000
0.500000
1.111111
0.312500
-0.062500
0.031250
0.052632
0.085938
0.031250
-0.125000
-0.070312
0.000000
0.078125
-0.046875
2.500000
0.015625
8.500000
1.000000
1.176471
2.000000
9.000000
0.046875
-0.015625
0.750000
0.125000
0.000000
1.400000
0.875000
0.666667
0.039062
3.000000
0.015625
0.545455
1.666667
0.333333
0.000000
-0.132812
0.023438
6.000000
0.500000
2.500000
-0.031250
0.039062
-0.015625
3.166667
0.666667
7.000000
-0.046875
0.200000
0.031250
1.500000
0.000000
-0.062500
0.039062
-0.031250
0.058824
0.000000
0.023438
0.444444
0.062500
0.039062
1.857143
0.600000
7.000000
0.500000
0.062500
0.428571
0.093750
0.031250
0.000000
-0.093750
2.000000
0.859375
0.007812
0.423077
-0.046875
0.100000
0.187500
0.039062
2.000000
0.500000
0.007812
0.181818
-0.132812
0.846154
0.071429
0.390625
0.875000
0.250000
0.054688
0.054688
3.800000
1.500000
0.062500
0.142857
0.222222
0.666667
3.250000
0.031250
0.666667
1.500000
0.070312
-0.148438
-0.031250
5.000000
0.117188
-0.023438
0.866667
0.214286
0.070312
-0.062500
-0.015625
6.000000
0.714286
1.333333
24.000000
0.000000
-0.054688
-0.015625
-0.031250
0.101562
3.500000
-0.062500
10.000000
1.250000
0.085938
-0.093750
8.000000
1.142857
0.062500
1.727273
0.039062
12.000000
0.833333
1.400000
-0.000000
-0.000000
1.500000
0.500000
2.000000
0.046875
-0.015625
0.166667
1.000000
-0.046875
-0.046875
-0.007812
0.007812
0.031250
-0.031250
19.000000
0.109375
0.333333
3.000000
0.941176
0.631579
-0.039062
1.272727
-0.054688
3.000000
2.000000
-0.000000
1.000000
-0.007812
0.800000
1.125000
0.312500
0.625000
0.888889
-0.007812
-0.007812
1.200000
-0.039062
-0.085938
0.214286
1.142857
2.000000
-0.031250
-0.109375
0.416667
1.000000
2.000000
-0.054688
-0.054688
4.000000
0.085938
0.054688
0.132812
0.070312
0.500000
0.000000
2.333333
0.800000
0.000000
0.421053
1.000000
0.007812
-0.015625
-0.117188
-0.132812
1.750000
2.250000
-0.171875
0.100000
0.428571
0.101562
0.234375
0.078125
0.015625
1.222222
0.181818
0.109375
-0.031250
0.085938
0.054688
0.200000
-0.007812
0.070312
0.500000
3.000000
0.571429
0.007812
0.007812
0.070312
0.007812
0.007812
-0.054688
-0.000000
0.800000
-0.015625
0.200000
2.800000
1.000000
0.007812
1.500000
-0.070312
0.111111
2.000000
0.333333
4.000000
0.090909
0.714286
2.000000
2.000000
-0.062500
1.200000
1.015625
0.500000
-0.109375
-0.070312
0.062500
4.000000
1.428571
-0.070312
6.500000
0.300000
7.000000
-0.117188
0.156250
-0.046875
0.000000
1.875000
0.857143
0.909091
0.007812
0.666667
1.117647
0.117647
2.600000
-0.031250
20.000000
-0.007812
1.500000
0.600000
0.007812
3.333333
0.882353
0.039062
0.000000
0.046875
0.875000
-0.132812
-0.039062
-0.070312
1.000000
-0.031250
2.400000
0.062500
0.015625
-0.039062
-0.031250
3.000000
0.062500
2.400000
3.000000
-0.015625
-0.140625
0.000000
0.039062
0.000000
-0.031250
0.900000
0.093750
0.375000
-0.117188
0.500000
5.000000
1.200000
0.333333
0.600000
0.023438
1.000000
-0.085938
-0.007812
0.062500
1.000000
0.054688
0.046875
1.400000
1.076923
-0.000000
0.600000
-0.031250
-0.023438
0.666667
0.000000
2.333333
2.166667
-0.093750
-0.046875
3.500000
1.111111
0.470588
-0.054688
-0.015625
0.214286
-0.093750
0.000000
-0.031250
0.039062
-0.015625
-0.031250
0.054688
0.000000
0.304348
0.500000
-0.015625
3.200000
6.000000
0.070312
-0.046875
2.600000
0.000000
-0.054688
-0.039062
-0.093750
-0.000000
0.333333
0.400000
0.000000
-0.085938
-0.140625
0.142857
0.250000
0.062500
6.500000
0.148438
4.000000
0.523810
0.101562
-0.000000
0.070312
0.555556
0.777778
-0.187500
1.250000
0.937500
4.333333
-0.078125
-0.078125
-0.046875
0.071429
0.031250
0.500000
0.031250
0.070312
-0.031250
0.054688
0.000000
-0.117188
-0.023438
1.200000
0.500000
0.062500
1.833333
-0.078125
0.400000
0.166667
1.000000
1.500000
0.363636
0.227273
0.333333
0.250000
0.111111
0.090909
0.055556
0.428571
2.000000
6.333333
2.750000
-0.007812
1.500000
0.294118
0.015625
-0.031250
0.647059
-0.000000
0.250000
0.101562
-0.023438
0.652174
9.000000
1.272727
0.015625
0.666667
3.500000
0.076923
-0.085938
0.846154
-0.000000
0.031250
0.333333
-0.015625
0.054688
0.500000
0.039062
0.078125
0.031250
-0.046875
0.054688
0.777778
-0.023438
0.437500
0.007812
0.785714
0.120000
2.500000
-0.007812
0.625000
13.000000
0.007812
-0.070312
0.046875
-0.007812
0.156250
-0.054688
-0.015625
0.046875
2.666667
-0.023438
0.000000
0.722222
-0.054688
0.769231
0.054688
1.000000
0.125000
-0.070312
0.085938
1.000000
0.000000
0.444444
8.500000
0.461538
0.500000
0.700000
-0.046875
-0.000000
1.000000
0.007812
2.600000
-0.015625
4.000000
-0.000000
0.031250
0.046875
-0.023438
0.714286
0.500000
-0.000000
0.156250
0.750000
0.117188
0.300000
0.280000
2.666667
-0.015625
-0.039062
0.085938
3.000000
-0.093750
0.054688
-0.125000
0.046875
0.400000
0.133333
0.023438
0.007812
0.054688
0.428571
1.272727
0.416667
0.062500
0.140625
-0.031250
0.125000
-0.070312
0.625000
0.000000
0.039062
0.142857
0.666667
9.000000
0.046875
-0.078125
0.007812
0.181818
0.085938
0.173913
4.000000
1.100000
0.307692
0.357143
1.333333
0.266667
0.250000
1.500000
2.166667
3.500000
3.000000
0.070312
-0.000000
-0.054688
0.333333
0.000000
0.046875
0.083333
0.015625
-0.078125
0.555556
-0.085938
0.666667
0.007812
0.250000
0.078125
1.500000
1.000000
-0.000000
-0.015625
1.250000
1.500000
-0.062500
-0.023438
1.500000
-0.062500
-0.101562
-0.062500
-0.007812
-0.078125
1.727273
-0.085938
-0.039062
1.000000
-0.000000
-0.062500
0.085938
-0.078125
2.000000
1.015625
0.333333
-0.000000
3.666667
0.400000
0.093750
1.406250
0.062500
0.250000
0.571429
-0.023438
2.500000
1.000000
0.181818
-0.000000
0.333333
-0.031250
0.000000
1.000000
0.023438
1.166667
0.054688
-0.031250
0.023438
-0.070312
4.000000
-0.015625
0.333333
-0.054688
0.307692
0.062500
2.000000
0.062500
-0.078125
0.070312
0.500000
-0.015625
0.109375
0.023438
-0.031250
-0.023438
1.750000
0.000000
-0.093750
0.000000
0.070312
-0.101562
-0.046875
-0.000000
0.015625
0.859375
0.545455
0.100000
-0.046875
1.000000
2.285714
0.062500
0.101562
4.000000
0.070312
0.400000
19.000000
0.285714
0.636364
0.023438
-0.062500
0.000000
-0.078125
1.500000
0.093750
-0.031250
0.166667
-0.039062
1.000000
1.833333
0.039062
-0.015625
0.031250
-0.000000
1.333333
0.109375
0.500000
0.054688
0.062500
1.666667
2.333333
0.007812
0.428571
0.031250
0.023438
0.142857
-0.007812
0.101562
0.000000
0.000000
1.100000
0.046875
0.000000
1.093750
0.500000
6.000000
0.078125
1.400000
0.666667
2.500000
0.312500
1.857143
2.333333
-0.007812
0.833333
0.101562
0.015625
2.500000
0.054688
0.500000
0.500000
-0.062500
3.000000
-0.007812
0.350000
0.031250
1.909091
-0.070312
-0.031250
0.039062
0.062500
0.070312
0.007812
0.789474
3.500000
0.304348
1.714286
0.039062
1.916667
0.416667
0.085938
0.400000
0.054688
0.705882
0.054688
-0.046875
2.142857
0.000000
0.333333
0.000000
0.046875
0.023438
-0.164062
0.090909
0.000000
6.666667
-0.156250
1.750000
0.046875
0.007812
-0.007812
0.111111
0.428571
0.636364
0.093750
0.368421
0.142857
1.250000
6.000000
0.375000
-0.078125
5.666667
0.039062
0.070312
0.833333
-0.093750
1.333333
0.132812
0.015625
0.714286
0.000000
0.076923
0.800000
0.750000
0.142857
0.046875
-0.062500
0.015625
0.000000
-0.039062
-0.015625
0.148438
0.031250
0.000000
0.000000
-0.039062
4.000000
1.000000
0.007812
0.846154
0.583333
-0.062500
0.039062
0.078125
0.600000
-0.007812
-0.062500
0.153846
-0.023438
-0.023438
0.052632
0.363636
-0.085938
0.400000
-0.062500
0.466667
0.333333
0.062500
0.117188
1.666667
0.312500
1.000000
-0.023438
0.039062
0.078125
1.833333
0.285714
1.166667
3.600000
0.234375
0.031250
-0.015625
13.000000
0.000000
3.000000
6.666667
-0.054688
0.083333
-0.023438
3.800000
0.070312
-0.015625
0.054688
0.000000
5.000000
9.000000
-0.054688
3.000000
0.109375
1.000000
1.444444
0.500000
0.058824
2.222222
0.046875
0.000000
0.250000
0.031250
0.031250
0.023438
0.461538
0.333333
0.023438
0.285714
-0.039062
0.140625
-0.046875
0.062500
0.142857
0.031250
0.000000
0.111111
0.333333
-0.023438
0.000000
-0.218750
0.000000
4.000000
1.454545
0.350000
0.466667
8.000000
-0.062500
0.078125
0.031250
0.031250
0.117188
-0.031250
0.555556
-0.023438
-0.046875
0.000000
-0.046875
-0.070312
-0.015625
1.142857
0.083333
0.015625
0.093750
0.333333
0.031250
0.078125
0.250000
0.857143
1.200000
0.109375
0.400000
0.384615
0.046875
0.039062
2.375000
4.000000
5.000000
0.300000
0.071429
0.031250
-0.070312
5.500000
6.000000
2.800000
0.750000
1.428571
0.500000
0.545455
2.666667
0.428571
0.039062
-0.015625
1.000000
0.800000
-0.101562
-0.031250
-0.117188
1.714286
0.666667
1.363636
0.054688
0.375000
1.600000
0.500000
0.007812
0.046875
-0.054688
-0.093750
0.384615
-0.085938
2.000000
-0.031250
0.928571
0.015625
0.023438
0.101562
0.875000
1.500000
-0.031250
1.600000
0.015625
0.023438
0.000000
-0.062500
6.000000
0.015625
0.058824
0.500000
1.000000
-0.062500
0.357143
0.101562
3.000000
0.071429
1.833333
2.333333
0.411765
0.818182
0.230769
7.000000
0.054688
5.000000
0.000000
0.040000
-0.015625
0.039062
0.015625
0.500000
-0.046875
0.500000
-0.007812
-0.023438
12.000000
2.666667
0.588235
-0.000000
-0.078125
0.600000
-0.101562
0.230769
9.000000
0.450000
0.031250
-0.070312
1.333333
1.375000
-0.062500
0.000000
0.666667
-0.007812
0.125000
0.400000
1.666667
4.000000
0.078125
1.500000
0.078125
1.200000
-0.062500
0.054688
0.023438
0.666667
0.000000
0.000000
1.538462
1.000000
1.000000
-0.156250
0.125000
3.500000
2.750000
0.266667
0.000000
0.615385
0.093750
0.468750
0.142857
-0.023438
-0.046875
-0.000000
0.000000
0.070312
0.023438
-0.023438
0.076923
0.000000
-0.109375
-0.054688
0.039062
-0.007812
8.000000
0.101562
1.363636
1.000000
0.400000
1.166667
2.000000
0.363636
0.039062
0.007812
-0.015625
0.007812
0.031250
0.039062
1.750000
-0.000000
0.434783
0.000000
0.200000
0.031250
5.500000
-0.031250
0.078125
0.176471
0.039062
0.054688
0.093750
1.000000
-0.015625
0.070312
-0.078125
0.142857
2.250000
0.416667
0.109375
-0.000000
-0.101562
2.500000
0.300000
0.583333
0.007812
-0.054688
0.600000
-0.031250
6.000000
0.400000
0.007812
-0.054688
0.461538
0.800000
0.500000
0.750000
0.054688
9.000000
0.015625
0.054688
0.857143
0.833333
0.007812
0.625000
0.692308
0.023438
1.166667
1.428571
0.023438
-0.046875
0.777778
0.132812
0.031250
-0.000000
0.007812
0.600000
3.000000
5.000000
0.500000
0.468750
0.054688
-0.007812
0.015625
0.428571
-0.093750
0.085938
1.640625
2.500000
0.666667
-0.039062
-0.062500
-0.140625
1.900000
-0.031250
-0.046875
0.466667
-0.031250
1.500000
0.015625
-0.007812
-0.085938
0.007812
10.000000
0.222222
0.039062
-0.000000
11.000000
0.101562
0.000000
0.166667
0.062500
0.781250
0.070312
3.200000
0.304348
0.785714
3.250000
0.015625
0.039062
0.062500
1.333333
0.000000
0.093750
0.031250
0.333333
0.875000
2.000000
-0.054688
1.200000
-0.070312
0.015625
2.500000
-0.000000
-0.015625
1.250000
1.444444
2.333333
2.714286
-0.101562
4.333333
0.153846
1.714286
12.000000
2.181818
3.000000
0.000000
-0.046875
0.062500
0.703125
0.054688
1.750000
-0.093750
0.000000
0.076923
0.000000
0.085938
-0.000000
2.000000
-0.015625
1.000000
-0.078125
0.031250
3.000000
1.166667
0.070312
0.023438
2.333333
0.101562
-0.007812
0.285714
0.070312
2.714286
0.300000
0.000000
0.007812
-0.054688
0.818182
-0.125000
0.031250
1.000000
-0.007812
-0.007812
-0.023438
-0.007812
0.015625
-0.085938
2.000000
-0.000000
-0.023438
0.500000
-0.070312
0.234375
0.692308
-0.054688
0.101562
1.600000
-0.078125
-0.000000
0.428571
0.015625
-0.039062
0.000000
0.039062
0.007812
-0.031250
0.031250
0.285714
0.166667
0.285714
0.000000
0.411765
-0.039062
-0.070312
0.039062
0.031250
0.078125
0.031250
0.039062
-0.031250
0.015625
0.333333
-0.007812
0.428571
0.750000
0.039062
0.153846
0.846154
-0.085938
-0.007812
0.000000
0.285714
0.062500
0.571429
0.031250
0.000000
0.692308
0.046875
8.000000
0.111111
-0.062500
-0.062500
1.250000
1.375000
0.015625
-0.000000
-0.109375
0.400000
-0.062500
2.000000
-0.046875
-0.023438
-0.039062
-0.078125
3.250000
-0.039062
0.636364
2.000000
0.101562
1.250000
0.066667
0.054688
-0.046875
-0.054688
2.714286
0.846154
0.133333
0.583333
0.015625
-0.101562
0.375000
3.666667
3.000000
0.023438
0.000000
1.500000
0.777778
1.000000
0.468750
-0.085938
0.007812
1.250000
0.000000
0.857143
0.007812
-0.039062
0.031250
0.054688
0.111111
-0.117188
1.727273
-0.140625
0.500000
-0.031250
0.400000
0.054688
0.085938
6.000000
-0.039062
0.000000
2.400000
0.039062
-0.109375
1.076923
0.109375
-0.039062
0.428571
0.000000
-0.070312
0.015625
0.000000
-0.070312
-0.054688
0.156250
3.000000
0.039062
-0.039062
1.000000
1.000000
2.000000
-0.078125
0.000000
0.000000
0.700000
0.700000
0.000000
-0.093750
-0.078125
0.023438
0.000000
1.142857
0.074074
0.333333
1.400000
0.000000
-0.062500
0.000000
0.833333
0.070312
0.234375
2.333333
0.007812
-0.054688
-0.125000
-0.015625
1.142857
2.000000
1.400000
-0.007812
2.000000
0.007812
0.054688
0.111111
-0.117188
1.500000
0.390625
0.941176
0.500000
-0.023438
0.000000
1.250000
-0.039062
0.015625
0.416667
0.062500
1.171875
1.000000
1.000000
0.007812
0.468750
1.200000
14.000000
0.031250
3.000000
2.000000
0.333333
0.333333
0.400000
0.200000
0.093750
3.000000
0.015625
-0.015625
0.166667
-0.007812
0.015625
0.615385
-0.117188
0.666667
0.750000
2.400000
0.000000
0.000000
0.000000
0.200000
-0.007812
-0.015625
0.200000
1.666667
0.070312
1.692308
0.031250
0.007812
0.039062
0.156250
-0.031250
3.000000
-0.046875
-0.015625
1.428571
0.000000
0.101562
0.125000
0.090909
-0.015625
0.333333
2.000000
0.400000
0.363636
-0.093750
0.250000
0.000000
1.125000
-0.046875
0.054688
0.101562
0.571429
2.000000
0.571429
0.078125
1.142857
0.031250
2.666667
-0.000000
-0.007812
0.700000
0.444444
0.800000
0.039062
-0.054688
0.000000
0.600000
0.636364
0.031250
0.031250
0.859375
1.222222
0.054688
1.171875
0.078125
0.500000
-0.148438
-0.039062
0.833333
0.500000
0.085938
3.000000
1.105263
-0.085938
0.500000
0.101562
0.000000
-0.078125
-0.007812
-0.078125
-0.046875
1.400000
0.062500
1.000000
-0.031250
0.333333
0.046875
1.500000
0.070312
1.000000
0.000000
-0.078125
1.142857
-0.031250
3.500000
0.015625
0.031250
0.078125
-0.007812
-0.039062
-0.015625
1.000000
-0.093750
1.700000
1.000000
3.250000
0.000000
0.031250
0.333333
0.000000
-0.015625
0.015625
0.000000
0.000000
1.000000
-0.015625
0.007812
5.000000
0.454545
3.500000
2.333333
0.800000
0.714286
-0.031250
0.520000
-0.039062
5.500000
4.000000
0.875000
2.333333
0.000000
0.054688
3.500000
0.882353
0.000000
0.090909
1.200000
-0.085938
0.866667
0.200000
0.200000
0.039062
0.473684
0.023438
-0.039062
-0.085938
-0.062500
0.210526
6.500000
-0.000000
0.857143
1.800000
0.000000
17.000000
0.312500
0.714286
5.000000
-0.015625
0.000000
1.000000
-0.031250
0.000000
-0.007812
0.046875
1.000000
0.054688
-0.031250
0.500000
0.529412
0.070312
11.000000
1.222222
3.000000
2.500000
2.111111
0.125000
-0.023438
0.101562
0.200000
1.142857
-0.023438
-0.062500
0.222222
-0.093750
1.000000
0.333333
-0.023438
0.000000
0.140625
2.400000
2.666667
1.833333
0.230769
0.428571
0.125000
-0.023438
0.000000
-0.015625
0.555556
-0.039062
0.007812
0.166667
0.023438
0.046875
1.000000
0.444444
0.518519
1.666667
0.296296
0.031250
0.352941
0.375000
-0.039062
0.000000
0.000000
1.666667
-0.015625
0.000000
0.062500
0.333333
5.333333
1.000000
2.833333
1.142857
-0.031250
-0.109375
0.333333
-0.000000
2.000000
0.046875
2.666667
0.070312
0.468750
16.000000
1.400000
0.809524
0.078125
0.054688
-0.078125
6.000000
1.500000
1.500000
0.937500
0.000000
0.031250
-0.000000
1.200000
-0.070312
1.000000
-0.062500
0.428571
0.046875
-0.046875
0.400000
0.085938
0.312500
0.615385
0.058824
1.666667
3.666667
1.000000
10.000000
1.333333
-0.054688
-0.031250
0.000000
0.800000
0.222222
1.000000
4.333333
0.015625
2.750000
0.600000
0.109375
0.468750
0.666667
0.015625
5.000000
0.100000
-0.093750
0.400000
-0.000000
0.166667
0.156250
-0.101562
3.000000
0.039062
0.031250
0.444444
0.000000
0.428571
0.062500
1.000000
0.500000
0.363636
0.007812
0.125000
0.083333
1.600000
0.181818
0.007812
-0.015625
0.190476
0.062500
1.333333
0.333333
0.230769
2.000000
-0.070312
0.007812
-0.117188
2.375000
2.000000
0.500000
0.142857
0.000000
8.000000
0.888889
-0.039062
12.000000
-0.078125
1.500000
0.142857
1.100000
0.054688
0.533333
1.833333
-0.062500
-0.046875
0.078125
-0.039062
0.078125
2.000000
0.039062
-0.125000
1.250000
0.866667
0.307692
1.333333
0.000000
-0.023438
18.000000
0.500000
-0.070312
0.039062
0.078125
0.250000
0.000000
0.571429
0.062500
1.285714
0.000000
0.666667
-0.039062
-0.039062
0.078125
1.000000
0.007812
4.000000
2.833333
0.083333
3.333333
0.375000
-0.062500
-0.000000
0.046875
5.000000
-0.031250
8.000000
0.142857
0.363636
2.500000
1.000000
-0.101562
0.312500
8.500000
-0.132812
0.117188
0.714286
-0.062500
1.090909
1.000000
0.132812
-0.007812
0.250000
1.285714
0.937500
-0.031250
-0.062500
0.384615
0.000000
-0.015625
-0.031250
-0.015625
0.111111
0.750000
3.666667
0.142857
0.046875
8.000000
0.083333
1.375000
8.000000
0.200000
1.100000
0.000000
-0.023438
-0.117188
1.600000
-0.039062
2.000000
1.000000
0.818182
0.727273
2.000000
0.066667
0.101562
2.500000
0.052632
1.111111
0.101562
0.777778
0.153846
0.093750
1.093750
0.272727
1.000000
0.173913
1.750000
1.133333
0.109375
0.625000
-0.046875
0.000000
0.190476
0.031250
0.078125
0.156250
-0.023438
1.000000
-0.085938
0.785714
0.800000
0.054688
0.046875
0.000000
0.039062
0.031250
0.320000
0.078125
1.666667
2.250000
0.500000
1.000000
1.666667
0.085938
0.083333
-0.031250
5.000000
0.900000
1.000000
1.200000
0.090909
0.428571
2.250000
0.070312
0.750000
1.250000
1.250000
-0.046875
0.023438
0.642857
0.500000
0.250000
0.000000
0.000000
0.000000
0.062500
-0.015625
-0.125000
1.166667
0.054688
1.000000
0.333333
1.000000
0.416667
-0.023438
0.000000
0.222222
0.833333
1.166667
0.666667
1.375000
0.031250
-0.085938
0.666667
0.214286
-0.093750
0.500000
0.062500
0.046875
1.000000
0.200000
-0.125000
-0.007812
0.714286
-0.085938
0.031250
1.800000
0.000000
-0.093750
-0.062500
0.007812
-0.023438
-0.054688
0.375000
2.166667
0.015625
2.000000
0.307692
7.000000
0.333333
-0.031250
0.070312
2.000000
-0.000000
0.666667
0.156250
0.500000
0.070312
0.046875
0.250000
-0.039062
-0.015625
0.039062
1.500000
2.000000
0.400000
0.066667
0.070312
-0.085938
3.500000
-0.039062
4.000000
0.015625
0.179688
0.714286
0.857143
-0.054688
0.039062
-0.070312
3.500000
-0.132812
0.023438
0.153846
-0.078125
0.312500
-0.085938
0.066667
0.450000
0.538462
-0.117188
0.015625
0.937500
0.080000
0.125000
1.000000
0.062500
4.000000
-0.062500
-0.031250
-0.000000
12.000000
0.200000
0.023438
1.214286
0.031250
0.070312
0.007812
0.039062
0.238095
5.000000
0.350000
0.117188
-0.000000
-0.078125
0.000000
0.800000
-0.031250
-0.101562
1.000000
0.000000
0.015625
0.000000
-0.054688
0.466667
0.133333
0.054688
0.312500
0.187500
1.125000
1.444444
0.315789
0.187500
0.000000
1.571429
0.428571
0.000000
0.054688
0.571429
-0.054688
0.333333
0.007812
0.000000
-0.023438
0.250000
0.000000
-0.046875
0.000000
0.111111
0.555556
0.333333
0.200000
0.015625
-0.179688
0.307692
0.666667
-0.085938
0.023438
-0.164062
-0.085938
0.076923
-0.015625
1.125000
1.718750
2.875000
0.100000
0.285714
0.000000
0.000000
0.111111
0.000000
1.636364
0.000000
0.142857
-0.046875
1.000000
-0.023438
2.600000
0.727273
-0.078125
-0.023438
0.062500
0.250000
1.100000
-0.070312
1.285714
0.166667
-0.007812
1.285714
0.046875
-0.078125
9.000000
-0.054688
2.500000
2.750000
3.000000
-0.000000
1.400000
0.031250
0.875000
0.023438
0.031250
0.777778
0.062500
0.166667
0.000000
-0.062500
1.250000
0.277778
0.156250
0.916667
-0.023438
0.085938
0.023438
0.400000
0.031250
-0.093750
-0.093750
1.500000
-0.078125
1.000000
-0.023438
0.007812
0.007812
0.101562
0.800000
-0.085938
0.333333
0.015625
2.000000
0.538462
1.166667
1.428571
1.500000
-0.031250
-0.007812
0.714286
-0.062500
0.023438
1.000000
3.000000
0.333333
1.750000
0.023438
2.000000
-0.023438
0.785714
2.250000
0.070312
0.015625
0.125000
0.007812
0.888889
0.015625
-0.007812
5.000000
0.000000
-0.125000
0.571429
0.007812
1.125000
-0.031250
-0.015625
-0.015625
0.181818
0.071429
-0.085938
0.023438
0.562500
-0.031250
0.070312
0.000000
0.750000
0.300000
-0.015625
0.031250
0.222222
4.500000
0.200000
-0.054688
1.500000
0.125000
-0.023438
2.000000
0.200000
0.234375
0.070312
0.156250
1.800000
0.054688
0.031250
0.062500
-0.007812
-0.085938
0.600000
-0.039062
0.312500
-0.007812
-0.000000
0.000000
0.400000
0.500000
-0.070312
0.500000
-0.007812
3.000000
0.166667
0.070312
-0.015625
3.600000
0.015625
0.132812
0.666667
0.078125
0.109375
-0.007812
-0.078125
8.000000
-0.039062
0.054688
0.070312
0.054688
0.000000
0.007812
1.000000
0.054688
0.070312
0.007812
-0.085938
2.333333
2.500000
-0.062500
1.000000
0.039062
-0.023438
0.000000
0.120000
2.250000
9.000000
2.000000
0.000000
2.000000
0.250000
0.000000
4.250000
-0.023438
0.125000
1.125000
2.200000
-0.007812
0.357143
0.000000
0.054688
-0.132812
-0.101562
-0.046875
-0.125000
0.039062
0.000000
0.093750
4.000000
0.250000
0.333333
0.062500
0.023438
0.210526
0.062500
0.039062
0.666667
0.230769
0.166667
0.437500
-0.023438
-0.000000
0.109375
1.800000
1.100000
1.000000
0.846154
0.400000
3.200000
5.666667
0.039062
0.250000
3.000000
0.062500
-0.070312
4.000000
-0.023438
0.500000
3.750000
0.039062
0.050000
0.031250
1.000000
0.046875
0.000000
0.000000
0.250000
0.000000
3.500000
0.500000
1.750000
-0.039062
1.000000
0.357143
0.054688
-0.054688
11.000000
-0.132812
0.833333
4.333333
1.625000
0.133333
-0.117188
0.039062
3.500000
-0.023438
1.000000
0.090909
0.200000
0.000000
0.071429
1.500000
1.857143
0.023438
0.101562
0.538462
0.031250
1.000000
3.000000
0.000000
0.714286
2.000000
1.500000
-0.046875
2.333333
1.142857
1.500000
-0.171875
2.333333
0.000000
0.000000
7.000000
0.078125
-0.031250
0.000000
0.000000
3.500000
1.200000
2.333333
0.400000
0.093750
-0.062500
3.000000
0.000000
-0.023438
-0.046875
1.750000
0.000000
0.000000
0.500000
0.023438
-0.156250
0.007812
0.015625
0.000000
0.687500
0.000000
1.625000
1.600000
0.000000
0.039062
0.384615
-0.062500
-0.101562
0.000000
0.187500
0.333333
8.000000
1.171875
0.428571
0.054688
0.015625
0.007812
3.285714
0.375000
0.875000
0.000000
0.109375
0.062500
-0.015625
3.000000
1.333333
1.100000
1.000000
-0.062500
0.100000
1.300000
-0.046875
-0.148438
0.164062
0.031250
1.142857
0.000000
1.000000
7.000000
2.250000
6.000000
0.250000
-0.023438
0.500000
0.095238
-0.054688
0.100000
0.466667
0.444444
0.000000
1.375000
-0.023438
0.200000
1.142857
0.700000
0.666667
0.533333
2.750000
6.666667
0.500000
-0.000000
0.101562
-0.078125
0.023438
3.000000
22.000000
0.085938
0.533333
2.000000
0.083333
-0.000000
0.023438
0.300000
0.000000
-0.023438
0.500000
1.000000
0.285714
2.000000
0.039062
1.100000
0.625000
0.500000
-0.007812
0.363636
-0.007812
0.039062
1.000000
-0.031250
0.000000
5.000000
-0.085938
0.015625
1.500000
0.000000
2.222222
-0.046875
0.545455
-0.031250
-0.070312
0.500000
2.000000
-0.007812
2.000000
0.031250
1.538462
0.400000
0.250000
-0.000000
0.031250
-0.078125
0.250000
0.000000
4.000000
0.062500
0.166667
0.085938
0.054688
-0.007812
1.166667
0.039062
0.000000
2.000000
1.500000
0.062500
1.000000
1.333333
0.062500
0.857143
0.023438
0.140625
1.888889
0.859375
0.023438
-0.031250
0.000000
-0.101562
2.000000
0.500000
21.000000
2.000000
0.046875
0.400000
3.000000
-0.054688
0.000000
-0.109375
0.333333
0.500000
0.109375
0.023438
0.125000
0.085938
0.000000
0.272727
0.050000
0.015625
0.046875
0.062500
16.000000
-0.031250
0.800000
0.769231
1.166667
0.007812
1.000000
0.666667
-0.109375
0.166667
-0.195312
1.718750
6.000000
-0.007812
0.015625
-0.000000
-0.031250
0.000000
1.833333
0.500000
1.857143
0.015625
2.600000
0.800000
0.031250
0.333333
-0.015625
-0.046875
0.071429
0.015625
0.500000
-0.007812
0.070312
0.142857
1.000000
0.031250
0.250000
0.046875
0.078125
0.859375
0.054688
7.500000
0.000000
-0.093750
0.500000
0.300000
5.000000
1.333333
0.750000
9.500000
0.156250
-0.031250
-0.000000
0.214286
-0.054688
-0.007812
0.500000
-0.148438
0.046875
0.400000
-0.062500
-0.039062
0.076923
0.062500
0.600000
0.046875
4.000000
-0.031250
0.046875
0.714286
0.039062
2.000000
-0.023438
1.000000
-0.031250
-0.000000
2.000000
0.500000
-0.007812
-0.007812
2.000000
0.250000
0.900000
0.750000
0.007812
-0.125000
0.085938
1.166667
0.230769
-0.093750
0.600000
0.222222
1.800000
-0.023438
0.250000
1.000000
0.023438
0.000000
1.328125
0.015625
0.466667
-0.054688
0.023438
0.023438
0.023438
-0.054688
-0.015625
1.000000
-0.085938
-0.085938
0.285714
0.200000
0.000000
0.234375
-0.054688
0.000000
-0.070312
0.054688
-0.156250
1.000000
0.333333
0.000000
1.142857
0.000000
0.062500
0.062500
2.000000
-0.117188
6.000000
-0.007812
-0.078125
-0.007812
-0.062500
0.007812
0.458333
0.681818
-0.054688
-0.070312
0.078125
0.062500
-0.023438
8.000000
-0.054688
1.000000
0.666667
0.031250
-0.070312
0.015625
0.007812
0.000000
0.266667
-0.062500
0.062500
-0.070312
0.109375
-0.046875
1.833333
-0.046875
1.200000
-0.101562
-0.015625
-0.046875
0.000000
0.777778
6.000000
0.181818
0.023438
-0.015625
0.117188
0.007812
0.600000
2.000000
1.625000
1.375000
1.222222
1.000000
0.000000
1.500000
-0.023438
0.015625
-0.023438
0.132812
0.000000
0.703125
0.140625
0.109375
1.666667
-0.078125
-0.062500
0.007812
-0.015625
-0.039062
-0.007812
0.333333
0.070312
4.600000
0.078125
0.039062
0.285714
0.000000
-0.078125
-0.007812
3.000000
0.023438
0.071429
0.833333
0.666667
0.101562
5.000000
0.055556
1.500000
-0.046875
0.078125
0.007812
0.000000
-0.125000
-0.085938
-0.015625
0.070312
0.250000
1.125000
6.000000
2.125000
0.000000
0.437500
0.214286
0.007812
2.142857
0.263158
-0.023438
-0.062500
-0.062500
0.031250
0.156250
0.085938
0.070312
0.125000
0.111111
1.093750
0.857143
0.023438
0.500000
0.046875
0.500000
0.500000
0.105263
-0.070312
0.117188
2.000000
1.428571
0.031250
0.600000
0.007812
0.166667
3.000000
-0.101562
0.101562
0.250000
1.200000
3.000000
0.093750
0.777778
0.007812
-0.000000
-0.007812
0.093750
0.468750
-0.156250
0.600000
-0.085938
3.000000
0.571429
0.031250
0.900000
0.023438
0.164062
1.400000
0.523810
-0.031250
2.000000
-0.054688
1.000000
0.023438
0.636364
-0.023438
1.000000
-0.078125
3.166667
0.000000
-0.039062
-0.015625
0.015625
0.039062
3.000000
1.200000
0.083333
-0.078125
-0.070312
-0.046875
0.007812
2.800000
3.000000
