-0.062500
-0.023438
-0.031250
0.054688
-0.070312
-0.117188
0.007812
-0.070312
0.007812
0.078125
0.015625
-0.062500
-0.023438
0.031250
-0.007812
0.000000
-0.015625
-0.070312
0.000000
0.046875
0.023438
0.070312
-0.062500
0.054688
-0.007812
-0.023438
-0.007812
-0.023438
-0.039062
-0.039062
0.046875
0.000000
-0.101562
0.015625
0.125000
0.070312
-0.054688
0.062500
0.000000
0.109375
-0.070312
0.039062
0.015625
0.031250
-0.039062
-0.023438
0.015625
0.000000
0.078125
-0.023438
0.109375
-0.062500
-0.007812
-0.078125
0.023438
0.109375
0.000000
0.023438
0.039062
0.117188
-0.046875
-0.101562
-0.007812
0.023438
0.000000
-0.039062
-0.125000
0.039062
-0.046875
-0.078125
-0.109375
-0.031250
0.000000
0.101562
0.007812
-0.015625
-0.054688
0.062500
0.023438
-0.093750
-0.062500
-0.117188
-0.125000
-0.078125
-0.015625
0.007812
0.000000
0.093750
0.109375
-0.023438
0.023438
0.007812
-0.070312
0.062500
-0.054688
-0.109375
0.007812
-0.023438
-0.046875
-0.046875
0.132812
-0.007812
0.125000
0.007812
0.000000
-0.031250
-0.015625
0.078125
0.109375
-0.023438
0.031250
0.000000
0.062500
-0.078125
0.125000
0.031250
0.070312
-0.023438
-0.203125
0.117188
-0.007812
-0.007812
0.078125
0.007812
0.000000
0.078125
0.101562
0.046875
-0.085938
-0.093750
-0.015625
-0.070312
0.023438
-0.070312
-0.039062
0.054688
0.062500
-0.023438
0.046875
-0.062500
-0.015625
-0.031250
0.007812
-0.007812
0.023438
0.062500
0.054688
0.039062
0.117188
-0.109375
-0.007812
0.039062
-0.046875
-0.093750
0.039062
0.054688
0.000000
0.062500
0.101562
-0.015625
0.031250
-0.031250
-0.007812
-0.070312
0.093750
-0.015625
0.031250
0.023438
0.046875
0.070312
0.062500
-0.007812
-0.007812
-0.015625
0.070312
0.046875
-0.062500
-0.085938
-0.125000
0.039062
-0.054688
-0.039062
0.007812
0.101562
-0.054688
-0.062500
-0.148438
-0.140625
0.000000
0.007812
0.000000
-0.015625
-0.031250
-0.117188
0.000000
-0.046875
-0.023438
0.046875
0.007812
-0.070312
0.070312
-0.039062
0.250000
0.781250
0.640625
0.539062
0.234375
0.093750
0.062500
0.187500
0.039062
0.007812
0.046875
0.031250
-0.023438
-0.054688
0.015625
-0.054688
0.039062
-0.007812
0.054688
0.000000
0.039062
0.125000
-0.093750
-0.031250
0.085938
0.023438
-0.031250
0.070312
0.875000
0.984375
1.000000
1.000000
0.992188
0.921875
0.773438
0.765625
0.781250
0.867188
0.804688
0.773438
0.757812
0.843750
0.679688
0.140625
0.078125
0.054688
0.007812
0.054688
-0.054688
0.007812
-0.085938
0.023438
-0.007812
-0.070312
-0.023438
-0.062500
0.304688
0.429688
0.265625
0.414062
0.539062
0.937500
0.984375
0.882812
1.000000
1.000000
0.976562
0.984375
0.867188
1.000000
1.000000
0.554688
-0.070312
-0.054688
-0.023438
-0.023438
-0.062500
0.031250
-0.054688
-0.046875
0.117188
0.015625
-0.007812
-0.093750
-0.007812
0.085938
-0.062500
0.085938
0.023438
0.085938
0.218750
0.023438
0.148438
0.218750
0.265625
0.132812
0.109375
0.953125
0.976562
0.468750
-0.093750
0.039062
-0.054688
0.039062
-0.015625
0.000000
0.187500
0.023438
0.078125
0.070312
0.000000
-0.085938
-0.062500
-0.015625
-0.007812
-0.109375
0.023438
0.000000
-0.054688
0.015625
-0.039062
0.039062
0.062500
-0.101562
0.320312
0.960938
0.820312
0.078125
0.085938
-0.023438
0.000000
-0.007812
-0.062500
0.000000
-0.031250
-0.062500
0.000000
-0.031250
0.085938
0.023438
-0.007812
0.062500
-0.039062
0.023438
-0.015625
0.023438
0.023438
0.078125
0.015625
0.000000
-0.023438
0.101562
0.867188
0.992188
0.453125
0.031250
0.125000
-0.054688
-0.031250
0.015625
0.062500
0.039062
0.007812
-0.015625
0.031250
0.093750
-0.039062
0.117188
-0.078125
0.023438
0.015625
-0.031250
-0.031250
0.046875
-0.078125
0.000000
-0.007812
-0.062500
-0.078125
0.593750
0.992188
0.945312
0.281250
-0.031250
-0.031250
-0.054688
-0.023438
0.015625
0.015625
0.039062
-0.062500
-0.023438
0.085938
-0.023438
-0.046875
0.031250
-0.023438
0.000000
0.140625
0.062500
-0.015625
-0.031250
0.070312
-0.023438
-0.054688
-0.070312
0.234375
0.953125
1.000000
0.226562
0.039062
0.070312
-0.039062
0.000000
-0.085938
0.031250
-0.070312
-0.023438
0.039062
0.031250
-0.023438
0.031250
-0.046875
0.046875
-0.046875
0.164062
-0.031250
-0.070312
-0.015625
-0.015625
0.031250
0.093750
0.078125
-0.109375
0.570312
0.992188
0.734375
0.039062
0.039062
0.054688
0.039062
-0.015625
0.148438
-0.054688
0.023438
-0.156250
-0.164062
0.023438
0.062500
0.000000
-0.039062
-0.039062
0.007812
-0.070312
-0.046875
-0.015625
0.039062
-0.039062
0.093750
0.015625
0.062500
0.070312
0.820312
0.984375
0.296875
-0.023438
0.015625
0.031250
0.070312
0.085938
0.023438
0.070312
0.023438
0.000000
0.039062
-0.054688
-0.078125
-0.046875
-0.039062
-0.023438
-0.093750
0.000000
-0.015625
-0.046875
0.000000
-0.140625
0.062500
0.000000
-0.070312
0.507812
0.992188
0.664062
0.085938
0.070312
-0.062500
0.015625
0.039062
0.023438
0.117188
-0.039062
-0.015625
-0.085938
-0.054688
0.031250
0.046875
-0.109375
-0.015625
0.031250
-0.023438
-0.023438
-0.031250
0.062500
-0.015625
0.031250
-0.007812
-0.046875
0.234375
0.984375
0.953125
0.304688
-0.015625
-0.062500
0.007812
-0.140625
0.054688
0.117188
0.000000
0.000000
-0.015625
0.046875
0.132812
0.085938
0.031250
0.148438
0.015625
-0.132812
-0.007812
0.031250
0.078125
0.078125
0.000000
0.007812
0.000000
0.156250
0.796875
0.984375
0.648438
0.000000
0.023438
-0.007812
0.046875
0.023438
0.054688
0.031250
-0.070312
0.015625
-0.085938
-0.007812
-0.054688
-0.046875
0.023438
0.031250
-0.070312
-0.015625
0.039062
0.109375
-0.031250
0.101562
-0.031250
-0.085938
-0.101562
0.843750
0.992188
0.781250
0.187500
-0.125000
0.046875
-0.132812
-0.015625
0.093750
-0.062500
-0.023438
-0.039062
0.046875
-0.078125
-0.156250
0.031250
0.117188
0.015625
0.039062
0.054688
0.054688
-0.117188
-0.070312
0.148438
-0.054688
0.046875
-0.054688
0.023438
0.976562
0.984375
0.296875
0.109375
0.046875
0.000000
0.093750
-0.046875
0.046875
-0.015625
0.078125
0.085938
0.132812
-0.023438
-0.070312
0.156250
0.140625
-0.015625
0.000000
-0.039062
-0.093750
-0.062500
0.023438
-0.023438
0.000000
0.062500
0.093750
0.867188
0.968750
0.453125
-0.015625
-0.023438
0.007812
-0.023438
-0.054688
-0.023438
-0.085938
0.015625
0.007812
0.125000
0.085938
-0.054688
-0.062500
0.015625
-0.062500
-0.062500
-0.054688
0.000000
0.007812
-0.046875
-0.015625
-0.164062
-0.070312
-0.007812
0.601562
0.984375
1.000000
0.226562
0.039062
0.000000
0.023438
0.070312
0.046875
-0.023438
-0.031250
0.007812
0.031250
0.054688
0.039062
0.039062
0.046875
-0.023438
0.007812
-0.039062
0.000000
-0.015625
-0.046875
0.015625
0.015625
0.054688
-0.078125
0.265625
0.929688
0.992188
1.000000
0.125000
0.070312
-0.085938
-0.109375
-0.046875
0.085938
0.046875
0.015625
0.031250
0.046875
-0.007812
0.007812
-0.054688
0.007812
0.015625
-0.007812
-0.039062
-0.085938
0.109375
0.000000
-0.039062
0.015625
0.070312
0.039062
0.484375
1.000000
0.992188
0.843750
0.000000
-0.125000
0.046875
-0.117188
0.156250
-0.015625
-0.046875
-0.070312
0.015625
0.148438
0.101562
0.023438
-0.085938
0.031250
0.078125
-0.062500
-0.039062
-0.007812
0.039062
0.015625
0.078125
0.046875
0.007812
0.109375
0.492188
0.992188
0.843750
0.054688
-0.031250
0.031250
-0.070312
-0.023438
0.015625
0.023438
-0.023438
0.000000
-0.023438
0.078125
-0.039062
0.031250
0.093750
0.023438
-0.062500
0.023438
-0.015625
0.078125
0.070312
-0.015625
-0.039062
-0.015625
0.070312
-0.039062
0.000000
-0.023438
-0.023438
-0.023438
-0.023438
0.023438
-0.039062
-0.039062
0.039062
-0.031250
-0.062500
0.031250
-0.031250
0.023438
-0.054688
-0.085938
-0.023438
-0.062500
