-0.125000
0.000000
-0.093750
-0.273438
-0.187500
-0.101562
-0.070312
0.054688
-0.265625
-0.046875
-0.132812
-0.125000
0.046875
-0.210938
-0.218750
0.234375
-0.250000
-0.031250
-0.140625
-0.085938
-0.109375
-0.148438
-0.109375
0.007812
-0.046875
-0.093750
0.156250
0.039062
-0.062500
-0.085938
0.453125
0.273438
-0.046875
0.148438
-0.210938
0.171875
0.023438
0.101562
-0.210938
-0.171875
0.148438
0.101562
0.093750
0.015625
-0.046875
-0.148438
-0.093750
-0.257812
-0.023438
-0.203125
0.093750
-0.117188
0.125000
-0.093750
0.015625
0.210938
0.078125
0.375000
0.304688
0.093750
0.132812
0.054688
0.250000
0.117188
-0.007812
0.164062
-0.117188
-0.015625
0.132812
0.242188
-0.117188
-0.250000
0.101562
0.187500
0.226562
-0.218750
-0.046875
0.054688
0.195312
0.117188
0.000000
-0.062500
0.273438
0.328125
0.210938
0.203125
0.195312
0.039062
0.250000
0.242188
-0.242188
0.000000
0.281250
0.203125
0.382812
0.007812
-0.218750
0.171875
0.125000
0.109375
0.031250
0.140625
0.156250
0.203125
0.085938
0.007812
0.382812
-0.039062
-0.015625
0.195312
0.328125
0.281250
0.007812
-0.007812
-0.132812
0.140625
0.132812
-0.101562
-0.085938
0.062500
-0.031250
-0.125000
-0.195312
-0.406250
0.070312
-0.164062
-0.070312
-0.015625
-0.171875
-0.007812
0.148438
-0.132812
0.312500
0.148438
0.335938
0.078125
0.031250
0.109375
0.226562
0.132812
0.000000
0.234375
0.007812
-0.265625
0.257812
0.062500
-0.437500
-0.117188
-0.335938
0.023438
