4.000000
1.142857
1.333333
0.250000
0.800000
6.000000
1.000000
0.818182
0.166667
1.750000
3.000000
5.000000
7.500000
4.666667
0.705882
0.078125
9.000000
2.000000
9.000000
4.500000
0.171875
2.200000
0.666667
1.000000
0.428571
1.800000
0.078125
0.384615
3.750000
0.500000
1.250000
10.000000
6.500000
0.039062
10.000000
2.000000
1.800000
0.866667
2.000000
3.666667
2.666667
0.007812
0.818182
1.800000
3.142857
0.076923
1.750000
4.000000
2.166667
3.666667
3.600000
6.000000
3.000000
4.000000
2.833333
6.000000
0.615385
1.000000
0.250000
2.000000
4.000000
1.666667
0.800000
3.333333
0.078125
1.000000
14.000000
2.833333
0.875000
0.333333
0.070312
1.333333
3.000000
2.333333
4.666667
2.428571
0.100000
1.200000
0.727273
0.142857
2.000000
1.666667
4.000000
2.142857
1.428571
1.666667
1.285714
1.142857
1.166667
4.500000
0.875000
0.000000
1.666667
1.500000
0.833333
10.000000
7.000000
2.666667
1.571429
4.250000
5.000000
1.200000
0.117188
2.250000
0.647059
4.666667
9.000000
2.000000
0.666667
1.166667
1.500000
2.600000
0.500000
1.375000
0.007812
1.333333
4.200000
3.000000
2.250000
0.171875
0.777778
0.833333
3.000000
1.333333
2.333333
1.500000
0.571429
2.000000
0.039062
1.500000
7.000000
1.375000
0.546875
2.333333
2.400000
0.085938
0.039062
6.333333
2.428571
2.400000
0.833333
4.500000
0.400000
3.500000
2.500000
2.666667
23.000000
0.363636
2.500000
2.200000
1.000000
0.411765
1.000000
2.333333
0.333333
0.857143
1.666667
5.000000
0.250000
8.500000
29.000000
0.054688
1.250000
1.406250
2.000000
3.000000
1.000000
10.000000
0.750000
1.000000
9.000000
0.700000
2.000000
0.214286
1.200000
0.500000
2.000000
5.000000
0.093750
1.250000
2.000000
0.375000
0.500000
3.000000
6.000000
3.000000
2.000000
0.109375
4.333333
1.500000
5.500000
1.500000
1.200000
7.000000
4.800000
1.500000
0.888889
0.800000
1.363636
2.250000
0.750000
0.250000
1.250000
2.000000
0.833333
1.125000
0.777778
6.000000
0.023438
1.250000
3.000000
3.000000
0.750000
2.000000
3.666667
0.234375
3.000000
0.023438
0.200000
3.000000
4.000000
5.666667
6.500000
10.000000
0.046875
0.300000
10.000000
0.666667
0.833333
0.750000
1.000000
7.000000
1.000000
0.428571
3.000000
1.600000
0.156250
18.000000
1.666667
1.000000
0.164062
1.750000
1.428571
6.000000
7.000000
2.500000
0.533333
3.000000
1.015625
0.571429
3.800000
4.666667
1.285714
0.857143
1.166667
2.000000
4.000000
7.000000
0.500000
0.714286
2.111111
0.625000
2.000000
2.666667
1.428571
0.070312
4.000000
7.000000
0.210526
0.085938
0.101562
0.000000
13.000000
1.125000
0.390625
3.000000
2.000000
4.000000
0.285714
0.200000
0.666667
0.500000
1.000000
19.000000
1.818182
1.375000
1.000000
2.333333
1.000000
3.000000
0.500000
0.533333
7.000000
1.000000
0.200000
1.222222
0.888889
1.666667
1.250000
1.153846
12.000000
4.000000
6.000000
3.000000
9.500000
0.666667
9.500000
0.600000
1.000000
6.000000
5.000000
0.062500
2.200000
0.235294
0.031250
0.031250
0.764706
1.500000
1.000000
1.000000
0.875000
0.333333
2.333333
0.046875
1.666667
0.923077
6.000000
0.666667
1.071429
1.000000
2.000000
0.333333
8.000000
1.285714
0.666667
4.000000
7.000000
6.500000
4.000000
5.000000
1.181818
4.000000
2.000000
0.454545
1.000000
5.000000
0.117188
0.142857
0.400000
8.500000
0.666667
11.000000
7.500000
2.750000
0.750000
4.000000
8.000000
0.500000
1.000000
2.750000
1.500000
1.800000
0.333333
7.000000
0.085938
0.363636
2.142857
0.166667
0.085938
3.333333
0.562500
4.000000
0.500000
7.000000
1.333333
2.333333
4.000000
2.250000
1.500000
2.285714
5.000000
1.333333
3.500000
1.750000
4.250000
0.250000
4.500000
2.750000
0.047619
4.500000
3.500000
2.000000
1.000000
1.500000
0.078125
3.600000
0.571429
0.666667
1.000000
1.666667
