0.054688
-0.054688
-0.078125
1.142857
-0.054688
-0.195312
-0.007812
0.250000
-0.046875
0.166667
4.000000
-0.023438
0.000000
0.200000
1.333333
0.272727
0.000000
0.100000
0.039062
0.800000
-0.015625
6.000000
-0.023438
1.000000
-0.117188
0.230769
0.085938
0.166667
0.015625
1.750000
-0.078125
0.461538
0.888889
0.023438
0.818182
-0.007812
0.062500
-0.085938
-0.015625
-0.132812
-0.023438
1.090909
0.031250
1.200000
-0.039062
0.500000
-0.085938
0.500000
0.705882
-0.046875
3.000000
0.941176
5.000000
0.400000
7.500000
1.000000
1.250000
4.666667
0.085938
0.500000
0.078125
0.000000
-0.000000
9.000000
0.234375
-0.195312
-0.000000
0.166667
0.101562
1.000000
-0.007812
0.046875
0.039062
8.000000
2.000000
-0.187500
-0.039062
9.000000
1.600000
4.500000
-0.093750
-0.015625
-0.000000
0.078125
0.000000
0.428571
0.046875
1.000000
0.428571
0.070312
0.171875
-0.078125
2.200000
0.000000
0.666667
0.015625
0.888889
0.156250
-0.070312
0.062500
-0.007812
0.031250
0.078125
0.000000
0.250000
0.054688
1.250000
3.750000
0.111111
0.227273
0.625000
1.800000
0.046875
-0.031250
-0.062500
0.384615
0.222222
0.070312
0.500000
-0.015625
-0.070312
0.833333
0.007812
10.000000
6.500000
0.125000
-0.132812
0.039062
7.000000
6.000000
1.250000
0.000000
1.000000
0.031250
0.090909
6.000000
0.000000
-0.039062
-0.101562
10.000000
0.200000
-0.007812
0.285714
1.111111
-0.046875
0.333333
0.500000
0.235294
0.015625
-0.070312
2.000000
0.000000
0.187500
1.800000
0.866667
0.714286
0.039062
2.000000
-0.031250
3.666667
-0.023438
-0.015625
-0.039062
0.000000
0.666667
0.818182
0.000000
1.800000
3.142857
-0.109375
2.666667
0.015625
0.007812
0.000000
0.500000
-0.046875
1.500000
-0.000000
0.230769
-0.039062
0.054688
0.076923
1.750000
-0.062500
0.750000
4.000000
1.000000
2.166667
-0.031250
0.039062
-0.000000
-0.062500
0.454545
0.875000
2.000000
-0.015625
0.078125
0.500000
3.666667
0.071429
1.375000
3.333333
6.000000
0.000000
3.000000
1.000000
4.000000
0.555556
-0.109375
0.015625
1.857143
3.600000
-0.140625
0.100000
0.007812
0.111111
-0.171875
0.007812
2.833333
0.600000
6.000000
0.039062
0.615385
0.000000
1.000000
0.148438
0.250000
0.111111
0.125000
2.000000
0.125000
-0.109375
0.046875
0.039062
0.031250
0.000000
-0.039062
-0.070312
0.054688
0.007812
4.000000
0.333333
1.166667
-0.007812
0.078125
0.015625
-0.023438
-0.000000
0.007812
0.031250
0.285714
1.700000
1.666667
-0.000000
0.700000
0.800000
-0.000000
3.333333
-0.156250
0.078125
-0.164062
0.140625
0.046875
14.000000
2.833333
0.046875
0.571429
0.111111
0.031250
0.039062
1.000000
-0.062500
-0.085938
-0.000000
0.156250
0.050000
0.875000
0.101562
0.031250
0.333333
-0.062500
0.070312
1.333333
0.400000
3.000000
-0.062500
1.333333
2.333333
-0.039062
4.666667
0.015625
-0.007812
-0.062500
0.071429
0.375000
0.600000
-0.062500
0.571429
0.039062
-0.000000
1.200000
-0.031250
0.100000
0.000000
0.093750
0.166667
-0.125000
-0.125000
0.142857
0.054688
-0.039062
2.428571
0.093750
0.031250
1.200000
0.046875
0.078125
0.727273
0.093750
-0.015625
0.023438
0.101562
-0.046875
0.085938
-0.023438
4.000000
2.142857
0.015625
0.132812
0.500000
0.875000
2.000000
1.666667
-0.023438
-0.000000
4.000000
1.666667
0.500000
0.046875
1.428571
1.666667
-0.015625
-0.062500
-0.023438
-0.031250
0.031250
-0.007812
0.125000
0.400000
0.600000
-0.085938
0.500000
0.000000
1.285714
1.142857
-0.023438
-0.007812
1.166667
0.070312
4.500000
0.875000
0.333333
0.000000
-0.031250
0.085938
0.071429
0.428571
0.222222
0.000000
-0.070312
0.500000
0.200000
-0.046875
-0.046875
0.214286
1.666667
1.500000
0.015625
0.833333
-0.000000
10.000000
5.000000
0.023438
0.007812
1.571429
2.000000
1.200000
1.571429
0.054688
4.250000
0.285714
0.333333
7.000000
0.307692
0.078125
2.666667
-0.000000
0.093750
0.312500
-0.070312
1.071429
0.109375
1.200000
0.625000
0.117188
-0.046875
1.000000
2.250000
0.333333
-0.046875
0.400000
5.000000
0.272727
0.046875
-0.062500
0.000000
0.304348
-0.054688
0.647059
-0.085938
4.666667
0.083333
0.333333
1.500000
2.000000
-0.023438
0.000000
0.117188
-0.070312
0.500000
0.600000
0.400000
9.000000
0.039062
-0.054688
-0.117188
0.023438
0.666667
0.250000
1.166667
1.100000
0.546875
0.333333
2.600000
-0.007812
0.500000
0.007812
1.142857
-0.023438
-0.046875
1.500000
-0.046875
-0.046875
-0.015625
-0.031250
0.039062
1.375000
0.000000
-0.015625
0.007812
0.000000
1.200000
0.000000
4.200000
0.428571
3.000000
2.250000
0.000000
0.015625
0.171875
1.333333
0.857143
4.000000
0.015625
1.200000
0.500000
-0.000000
1.000000
0.015625
-0.109375
0.666667
0.777778
0.312500
0.833333
0.222222
3.000000
0.250000
1.333333
2.333333
0.666667
0.666667
0.600000
-0.023438
0.085938
0.461538
-0.132812
0.078125
-0.007812
0.000000
-0.000000
0.857143
1.500000
0.571429
-0.062500
-0.023438
0.263158
0.039062
0.000000
-0.093750
0.421053
-0.000000
0.078125
-0.007812
-0.007812
2.000000
0.800000
-0.109375
-0.117188
0.307692
1.500000
7.000000
0.714286
0.062500
1.375000
-0.007812
0.546875
-0.101562
0.031250
0.071429
0.200000
-0.078125
-0.070312
-0.015625
0.117188
0.333333
0.125000
-0.015625
2.333333
0.085938
2.400000
0.085938
-0.085938
0.039062
0.023438
1.285714
3.000000
-0.000000
0.046875
0.054688
1.500000
-0.093750
0.000000
0.023438
0.039062
0.062500
6.333333
2.428571
-0.031250
2.400000
0.000000
0.031250
0.833333
-0.078125
0.428571
0.400000
-0.062500
1.093750
3.500000
0.101562
1.800000
-0.023438
0.000000
4.500000
1.000000
0.054688
0.000000
0.031250
-0.039062
2.500000
0.272727
0.928571
2.666667
20.000000
0.071429
0.181818
0.363636
1.666667
0.039062
2.200000
0.085938
0.171875
0.031250
-0.078125
23.000000
0.007812
0.300000
2.500000
0.117188
0.157895
-0.031250
-0.085938
0.000000
0.222222
0.411765
0.148438
-0.000000
1.000000
0.250000
0.333333
0.000000
0.109375
1.000000
0.187500
0.031250
0.375000
1.000000
0.109375
2.333333
-0.031250
0.078125
-0.031250
0.857143
1.666667
0.007812
1.600000
5.000000
0.070312
0.109375
8.500000
0.571429
-0.054688
0.000000
0.140625
-0.101562
-0.000000
0.054688
0.039062
0.250000
1.333333
0.078125
0.062500
0.085938
0.015625
-0.046875
-0.031250
1.250000
0.046875
1.406250
2.000000
0.076923
-0.109375
29.000000
0.031250
0.054688
0.007812
0.800000
0.062500
-0.054688
0.039062
0.076923
3.000000
0.333333
-0.070312
0.156250
0.666667
0.875000
0.750000
-0.078125
-0.023438
1.000000
0.600000
1.750000
1.000000
0.039062
10.000000
1.750000
-0.000000
-0.078125
1.000000
-0.039062
1.500000
0.117188
0.700000
0.142857
0.714286
0.046875
0.109375
0.214286
-0.007812
0.000000
9.000000
0.000000
0.000000
0.285714
0.023438
2.000000
-0.007812
0.015625
1.200000
0.111111
-0.023438
0.500000
0.937500
2.000000
-0.023438
0.176471
-0.023438
0.000000
-0.015625
1.250000
0.031250
0.132812
0.312500
0.007812
5.000000
2.500000
0.093750
0.023438
0.031250
0.031250
0.054688
2.000000
0.375000
0.046875
0.500000
-0.046875
2.250000
3.000000
6.000000
-0.070312
0.046875
0.093750
0.000000
0.070312
0.000000
-0.125000
0.023438
1.400000
0.071429
-0.046875
0.140625
0.500000
1.166667
-0.015625
0.109375
0.054688
0.023438
0.000000
-0.015625
1.500000
0.007812
3.000000
0.007812
2.000000
0.062500
-0.062500
4.333333
0.054688
0.312500
0.000000
0.888889
5.500000
-0.000000
1.500000
1.200000
0.117188
-0.078125
-0.070312
4.800000
-0.039062
1.555556
5.500000
-0.031250
0.000000
0.333333
-0.140625
0.046875
7.000000
0.093750
0.031250
-0.085938
1.500000
-0.156250
0.101562
-0.109375
0.200000
0.000000
1.363636
2.250000
0.117647
0.085938
0.070312
-0.007812
0.888889
0.000000
0.800000
0.333333
1.000000
0.333333
0.062500
0.750000
0.007812
-0.039062
-0.000000
0.642857
0.000000
0.250000
0.600000
0.500000
0.023438
-0.031250
0.000000
0.250000
0.101562
1.250000
0.500000
2.000000
0.023438
0.833333
0.054688
1.125000
0.000000
0.777778
0.333333
-0.000000
0.039062
0.023438
-0.046875
1.250000
-0.078125
0.031250
0.062500
0.054688
0.062500
-0.007812
6.000000
-0.000000
0.000000
0.039062
0.031250
0.000000
-0.046875
3.000000
-0.062500
-0.023438
0.333333
2.000000
-0.046875
0.250000
-0.015625
0.007812
3.000000
-0.093750
-0.070312
0.388889
0.750000
1.333333
-0.062500
-0.062500
3.666667
0.234375
0.085938
0.700000
0.078125
-0.039062
0.000000
0.148438
-0.000000
3.000000
-0.000000
-0.007812
0.000000
-0.062500
3.000000
-0.085938
0.023438
-0.007812
0.200000
-0.007812
1.750000
4.000000
0.312500
5.666667
-0.101562
6.500000
0.100000
1.200000
10.000000
0.007812
0.007812
0.023438
1.444444
0.062500
-0.085938
1.250000
-0.023438
-0.054688
-0.070312
0.046875
-0.007812
0.054688
-0.007812
0.093750
0.054688
0.000000
-0.101562
0.031250
-0.109375
0.750000
0.070312
0.300000
0.046875
3.000000
10.000000
0.500000
0.666667
0.833333
0.333333
-0.031250
0.153846
1.000000
0.117647
7.000000
0.031250
0.062500
1.000000
0.214286
0.428571
-0.015625
1.000000
0.000000
-0.000000
1.100000
0.031250
-0.031250
-0.078125
-0.000000
-0.101562
0.000000
3.000000
0.000000
1.000000
-0.015625
0.000000
0.333333
18.000000
0.285714
1.666667
0.900000
-0.023438
1.600000
-0.000000
0.156250
-0.078125
-0.039062
0.148148
0.000000
0.234375
-0.054688
1.000000
0.000000
0.023438
0.085938
1.000000
0.039062
0.444444
1.500000
0.007812
7.000000
-0.023438
0.000000
0.164062
1.750000
0.076923
1.428571
0.250000
0.333333
6.000000
-0.000000
-0.039062
2.500000
0.023438
0.085938
-0.093750
3.000000
1.000000
-0.031250
-0.070312
-0.125000
0.571429
-0.039062
-0.031250
0.039062
0.533333
0.054688
0.468750
0.031250
1.015625
0.046875
-0.054688
-0.101562
3.800000
0.350000
1.166667
0.733333
0.700000
0.555556
-0.062500
-0.125000
1.166667
0.111111
3.500000
0.571429
4.666667
1.285714
0.078125
0.015625
0.857143
0.140625
0.078125
2.000000
-0.000000
4.000000
-0.046875
1.000000
0.625000
-0.046875
0.500000
-0.062500
-0.062500
0.031250
0.101562
-0.015625
1.718750
0.031250
7.000000
0.333333
0.500000
0.714286
-0.125000
2.111111
1.428571
0.070312
0.054688
0.062500
2.000000
2.666667
1.250000
0.070312
0.109375
-0.007812
-0.023438
0.625000
0.428571
0.031250
0.714286
1.375000
1.428571
1.428571
0.428571
0.007812
0.031250
-0.007812
-0.070312
1.272727
7.000000
-0.015625
-0.023438
0.046875
0.085938
0.070312
-0.031250
4.000000
1.187500
0.070312
0.007812
0.210526
0.078125
0.031250
0.023438
-0.023438
-0.101562
-0.015625
0.000000
2.500000
0.046875
1.125000
0.000000
0.007812
0.039062
0.101562
0.039062
-0.000000
-0.007812
13.000000
-0.023438
0.007812
0.054688
0.390625
0.234375
-0.054688
0.023438
-0.070312
0.015625
4.000000
1.000000
0.000000
0.285714
0.000000
0.054688
0.600000
3.000000
-0.015625
2.000000
0.454545
4.000000
0.156250
-0.015625
-0.070312
0.200000
0.666667
0.384615
0.031250
0.500000
-0.023438
1.000000
13.000000
0.125000
0.857143
-0.054688
0.117188
0.015625
0.039062
0.500000
-0.054688
-0.023438
19.000000
0.230769
1.818182
0.500000
0.101562
0.468750
0.546875
1.000000
-0.031250
-0.070312
-0.046875
1.000000
-0.078125
-0.031250
1.375000
0.466667
0.923077
0.333333
0.070312
2.333333
-0.007812
0.000000
-0.054688
3.000000
0.500000
-0.007812
0.428571
0.070312
0.054688
7.000000
0.015625
-0.000000
-0.101562
-0.023438
0.007812
-0.070312
0.070312
0.533333
0.000000
1.545455
1.000000
0.078125
0.200000
-0.015625
1.222222
-0.007812
-0.039062
0.015625
1.666667
0.583333
0.916667
0.000000
1.153846
-0.007812
0.571429
0.078125
0.500000
0.888889
0.590909
-0.046875
1.250000
-0.031250
0.039062
0.781250
0.054688
1.500000
0.234375
-0.062500
0.070312
0.031250
2.250000
-0.023438
0.000000
0.500000
0.015625
12.000000
0.078125
4.000000
6.000000
-0.148438
-0.039062
3.000000
9.500000
0.023438
0.039062
0.666667
0.046875
0.085938
0.046875
-0.039062
0.007812
0.000000
0.039062
0.054688
0.070312
-0.000000
9.500000
-0.031250
0.600000
0.007812
0.062500
1.000000
6.000000
-0.023438
1.000000
5.000000
-0.085938
0.023438
2.200000
1.200000
0.235294
-0.054688
-0.015625
0.031250
1.000000
3.500000
0.023438
0.062500
1.000000
0.101562
-0.007812
0.000000
-0.039062
0.015625
0.031250
0.000000
0.333333
0.764706
1.500000
0.015625
1.000000
-0.039062
1.000000
0.714286
0.015625
-0.031250
0.250000
0.428571
0.222222
0.636364
-0.039062
0.692308
0.000000
-0.015625
0.875000
-0.085938
0.000000
0.333333
0.070312
-0.070312
-0.039062
0.046875
1.375000
0.101562
0.000000
0.023438
0.023438
0.093750
0.031250
2.333333
0.007812
-0.046875
-0.085938
1.666667
0.222222
0.923077
1.666667
0.054688
0.214286
0.666667
0.085938
-0.109375
0.054688
1.000000
0.437500
0.062500
6.000000
2.333333
0.500000
0.200000
0.333333
1.071429
0.000000
1.000000
2.000000
0.054688
0.333333
0.000000
0.140625
0.583333
1.000000
0.000000
0.666667
-0.054688
0.400000
0.007812
-0.015625
-0.046875
8.000000
5.000000
1.285714
-0.054688
-0.015625
0.046875
0.666667
4.000000
0.200000
-0.015625
6.500000
0.109375
0.054688
-0.062500
0.222222
2.000000
0.062500
-0.039062
7.000000
-0.039062
0.600000
1.000000
-0.023438
4.000000
5.000000
0.054688
1.181818
0.015625
4.000000
-0.093750
-0.000000
2.000000
0.031250
0.054688
0.636364
0.039062
0.015625
-0.023438
-0.140625
-0.093750
2.000000
0.015625
0.454545
-0.031250
0.000000
1.000000
4.000000
0.148438
0.046875
0.023438
-0.000000
0.111111
0.400000
-0.023438
8.500000
0.023438
5.000000
1.000000
0.000000
0.117188
0.142857
0.090909
0.285714
0.125000
0.833333
-0.015625
0.062500
0.666667
1.444444
0.015625
0.023438
7.500000
2.750000
0.046875
0.333333
0.750000
0.500000
-0.015625
3.000000
11.000000
0.500000
0.200000
0.039062
0.812500
-0.007812
-0.164062
4.000000
-0.062500
8.000000
0.054688
0.333333
0.500000
0.078125
0.454545
2.750000
0.200000
-0.046875
-0.031250
-0.000000
-0.023438
-0.007812
-0.015625
1.000000
1.000000
-0.054688
1.571429
1.500000
0.039062
-0.000000
-0.007812
0.031250
-0.132812
3.000000
1.000000
0.007812
0.085938
0.111111
0.200000
1.800000
1.428571
0.333333
0.000000
-0.007812
7.000000
-0.031250
-0.093750
-0.023438
0.000000
0.818182
2.142857
-0.007812
0.039062
-0.093750
-0.000000
3.333333
0.500000
0.333333
0.363636
-0.023438
0.823529
0.166667
-0.046875
0.085938
0.039062
1.142857
0.300000
-0.039062
-0.039062
0.625000
4.000000
0.062500
0.031250
1.571429
0.039062
0.000000
0.545455
0.015625
0.562500
1.000000
0.200000
0.039062
0.500000
-0.007812
7.000000
1.222222
1.333333
0.444444
2.333333
0.416667
3.200000
0.400000
0.625000
1.500000
0.120000
2.285714
2.000000
1.000000
-0.023438
-0.125000
4.000000
2.250000
0.727273
0.039062
0.125000
-0.078125
2.000000
-0.070312
0.142857
1.125000
0.166667
0.062500
2.500000
1.750000
0.101562
0.333333
1.571429
5.000000
0.142857
1.333333
0.062500
2.333333
3.500000
0.015625
0.090909
-0.031250
4.250000
-0.070312
-0.007812
0.093750
1.200000
2.750000
0.023438
-0.023438
-0.054688
0.800000
0.636364
0.250000
-0.140625
4.500000
1.714286
0.000000
-0.156250
0.047619
-0.023438
0.846154
4.500000
0.375000
0.078125
0.101562
0.600000
1.000000
1.000000
0.312500
0.666667
0.031250
0.015625
0.636364
3.500000
0.250000
2.000000
-0.039062
-0.031250
-0.078125
1.500000
-0.062500
0.078125
3.600000
0.015625
0.046875
0.571429
-0.062500
0.007812
1.000000
0.046875
-0.062500
1.666667
-0.093750
0.062500
0.062500
0.062500
0.000000
0.666667
-0.156250
0.015625
0.015625
0.031250
