4.000000
-0.039062
2.666667
1.500000
0.023438
0.500000
-0.101562
0.062500
0.015625
1.384615
1.272727
0.571429
0.352941
9.000000
0.007812
-0.023438
0.636364
2.000000
-0.000000
3.000000
2.800000
0.023438
-0.031250
0.039062
0.100000
-0.015625
10.000000
0.070312
1.800000
-0.078125
-0.015625
-0.070312
6.000000
0.023438
3.000000
1.000000
0.109375
0.750000
-0.078125
-0.054688
0.132812
-0.062500
4.000000
0.023438
0.078125
-0.093750
5.000000
0.090909
0.007812
-0.023438
1.000000
0.000000
1.142857
0.085938
-0.164062
0.140625
0.375000
0.571429
-0.023438
-0.085938
-0.046875
0.000000
0.444444
0.085938
-0.054688
1.000000
0.769231
7.000000
-0.101562
0.000000
1.181818
0.039062
-0.093750
0.015625
0.100000
0.156250
2.571429
1.200000
0.000000
0.428571
4.666667
0.070312
1.333333
0.000000
1.166667
0.070312
-0.015625
1.750000
-0.023438
-0.039062
1.500000
-0.039062
-0.015625
-0.031250
2.250000
0.148438
0.066667
0.166667
-0.085938
2.000000
0.781250
3.333333
-0.054688
0.015625
0.333333
5.000000
-0.015625
0.054688
-0.054688
0.078125
0.200000
-0.015625
0.833333
-0.031250
-0.015625
-0.117188
0.272727
0.000000
2.200000
-0.031250
