0.333333
2.000000
0.093750
1.500000
8.000000
3.000000
0.666667
0.333333
0.857143
3.500000
0.031250
0.125000
1.500000
1.166667
0.187500
1.000000
1.000000
2.000000
3.000000
1.000000
0.666667
2.000000
1.250000
0.200000
1.500000
1.000000
2.000000
2.000000
0.666667
0.333333
0.666667
1.562500
2.000000
1.500000
2.666667
2.000000
2.000000
1.000000
7.000000
1.000000
1.000000
1.333333
2.000000
1.166667
1.333333
2.500000
2.000000
3.000000
0.000000
2.500000
0.187500
0.218750
0.937500
4.000000
1.500000
1.000000
1.800000
2.500000
2.333333
0.187500
4.000000
0.125000
0.218750
0.500000
0.093750
3.500000
5.000000
1.000000
3.000000
2.666667
1.500000
3.000000
1.875000
0.666667
2.000000
1.000000
1.500000
4.000000
5.000000
0.666667
5.500000
5.000000
0.250000
4.500000
1.333333
0.333333
0.400000
1.000000
0.312500
6.000000
0.312500
0.800000
0.218750
0.666667
0.333333
0.800000
1.000000
2.000000
0.375000
2.000000
4.500000
4.000000
5.000000
2.333333
2.000000
2.666667
2.000000
2.000000
1.600000
4.000000
3.000000
5.000000
0.666667
1.000000
0.500000
1.500000
2.000000
1.000000
1.500000
6.000000
0.285714
0.156250
1.333333
1.500000
1.250000
0.500000
0.571429
1.250000
0.600000
2.187500
1.333333
1.500000
1.666667
1.000000
4.000000
3.125000
1.000000
2.000000
2.500000
0.250000
2.000000
1.500000
0.312500
2.812500
3.000000
1.000000
0.062500
0.800000
1.500000
2.000000
0.500000
2.000000
1.666667
4.000000
2.500000
1.000000
1.333333
4.000000
2.000000
2.000000
0.400000
2.666667
1.250000
6.000000
3.000000
2.000000
0.031250
0.062500
1.000000
0.600000
3.500000
0.900000
1.333333
2.000000
1.333333
0.156250
0.937500
2.333333
3.000000
1.500000
9.000000
1.333333
0.500000
1.000000
5.500000
1.000000
0.625000
0.750000
5.000000
1.333333
1.666667
8.000000
2.000000
0.093750
2.500000
2.187500
4.000000
1.166667
1.571429
-0.000000
0.093750
4.000000
1.000000
0.093750
0.250000
1.250000
0.125000
2.000000
3.000000
1.500000
1.000000
1.200000
2.666667
1.400000
2.000000
1.800000
2.500000
0.093750
2.000000
0.714286
0.333333
5.000000
0.187500
1.600000
0.625000
0.428571
0.666667
1.250000
0.500000
0.125000
1.562500
2.500000
0.666667
9.000000
0.218750
1.250000
3.000000
1.500000
1.500000
0.500000
4.000000
0.625000
2.000000
1.000000
0.312500
0.200000
0.666667
1.750000
1.875000
0.937500
2.500000
0.666667
4.000000
8.000000
3.000000
1.000000
3.500000
0.937500
1.000000
0.888889
0.333333
2.000000
1.000000
1.250000
0.714286
1.750000
0.250000
0.750000
1.333333
2.000000
4.000000
1.400000
1.500000
1.250000
1.000000
3.000000
0.250000
0.500000
0.000000
1.000000
0.187500
1.000000
3.000000
0.500000
3.125000
2.500000
4.000000
2.000000
2.000000
2.000000
2.000000
3.000000
2.500000
4.000000
7.000000
1.000000
0.285714
2.000000
1.142857
5.000000
1.000000
1.166667
1.750000
2.000000
0.000000
0.187500
1.666667
1.000000
6.000000
0.750000
1.000000
0.218750
0.250000
2.000000
3.000000
4.000000
6.000000
0.750000
0.750000
0.333333
1.666667
0.666667
3.000000
2.000000
1.562500
0.600000
1.500000
7.000000
3.000000
2.000000
1.500000
1.875000
6.000000
1.000000
6.000000
1.250000
1.400000
3.000000
2.500000
1.000000
5.000000
2.000000
0.600000
5.000000
0.281250
0.666667
4.000000
0.666667
1.333333
0.666667
0.200000
2.000000
6.000000
0.500000
1.333333
0.500000
0.142857
3.000000
1.666667
1.875000
2.500000
1.000000
0.125000
4.000000
0.250000
0.937500
0.125000
0.625000
0.500000
3.000000
1.000000
2.500000
3.500000
2.000000
1.000000
1.500000
0.625000
1.333333
4.000000
2.500000
8.000000
2.500000
2.500000
0.800000
-0.031250
0.333333
0.093750
2.000000
0.333333
11.000000
0.125000
1.166667
0.400000
3.000000
4.000000
0.125000
6.000000
1.000000
0.857143
4.000000
0.142857
1.333333
1.562500
0.312500
0.400000
1.000000
-0.031250
7.000000
0.093750
6.000000
0.500000
3.000000
1.600000
2.250000
0.333333
2.000000
1.562500
2.500000
0.312500
1.333333
2.250000
0.333333
1.200000
0.666667
2.333333
2.000000
3.000000
0.800000
3.500000
0.156250
0.125000
3.000000
3.000000
2.000000
1.000000
1.750000
9.000000
2.500000
6.000000
1.333333
0.200000
3.000000
1.000000
0.937500
0.218750
0.600000
1.500000
1.000000
2.000000
1.000000
1.562500
7.000000
1.333333
2.000000
8.000000
1.666667
1.000000
2.000000
1.428571
0.666667
0.031250
2.500000
2.666667
0.285714
0.625000
4.000000
1.333333
1.400000
0.281250
1.875000
3.000000
1.562500
2.187500
0.093750
4.000000
0.031250
2.000000
4.000000
2.000000
0.156250
2.000000
1.562500
0.333333
4.000000
1.000000
0.666667
2.000000
1.500000
4.500000
1.250000
0.000000
5.000000
0.571429
3.000000
2.000000
4.000000
2.000000
3.000000
2.333333
0.937500
1.666667
0.200000
1.000000
1.500000
0.500000
1.500000
3.000000
0.800000
0.400000
4.000000
9.000000
6.000000
6.000000
2.187500
1.000000
1.562500
9.000000
4.000000
1.500000
5.000000
0.333333
0.000000
0.666667
0.714286
1.000000
1.000000
1.333333
4.000000
1.000000
3.000000
2.500000
0.625000
3.000000
1.000000
2.000000
0.333333
5.000000
1.000000
2.187500
0.333333
1.000000
0.666667
3.000000
0.700000
2.000000
1.500000
2.000000
0.000000
2.500000
2.000000
0.500000
1.666667
1.333333
1.333333
0.000000
3.000000
0.500000
0.500000
1.333333
5.000000
6.000000
1.000000
1.166667
2.333333
1.875000
1.000000
1.666667
6.000000
6.000000
1.000000
1.000000
1.333333
3.000000
1.000000
1.000000
5.000000
1.000000
0.333333
0.333333
1.875000
3.000000
0.750000
1.000000
3.500000
9.000000
1.500000
2.000000
4.000000
0.666667
1.500000
3.000000
1.500000
2.812500
0.750000
1.000000
0.857143
1.250000
2.000000
3.000000
0.093750
2.000000
2.000000
0.000000
4.000000
1.333333
0.333333
3.666667
0.250000
0.666667
0.937500
4.000000
4.000000
1.000000
1.000000
1.000000
3.000000
0.750000
1.875000
0.500000
0.218750
2.812500
0.500000
5.000000
5.000000
1.250000
0.031250
0.062500
0.428571
1.000000
8.000000
0.750000
2.500000
1.000000
5.000000
4.000000
0.571429
2.000000
0.031250
0.000000
1.666667
1.250000
10.000000
0.750000
0.666667
0.093750
0.666667
4.000000
2.500000
4.000000
1.500000
0.000000
0.312500
2.000000
0.937500
0.166667
1.000000
3.000000
0.125000
1.250000
0.833333
0.937500
6.000000
1.750000
0.800000
2.500000
2.500000
0.187500
1.000000
0.333333
1.800000
0.833333
4.000000
0.666667
0.000000
3.000000
3.000000
0.333333
1.000000
1.000000
0.093750
1.500000
3.000000
1.000000
0.156250
0.750000
0.833333
2.000000
4.000000
1.000000
0.250000
0.250000
1.000000
1.250000
2.500000
1.000000
1.000000
0.375000
0.937500
0.333333
0.250000
5.000000
3.000000
1.500000
2.000000
0.187500
6.000000
2.000000
5.000000
1.000000
5.000000
2.000000
9.000000
0.333333
10.000000
6.000000
0.800000
0.625000
0.625000
0.156250
0.750000
1.750000
3.000000
0.750000
1.000000
2.600000
1.000000
2.000000
3.000000
1.200000
1.000000
0.187500
-0.000000
1.666667
5.000000
0.888889
0.833333
0.666667
5.000000
0.250000
0.250000
1.875000
2.000000
10.000000
2.500000
2.000000
0.312500
1.333333
4.000000
2.000000
0.156250
1.000000
2.250000
2.000000
1.250000
6.000000
0.625000
0.666667
2.500000
2.000000
4.000000
3.000000
0.625000
2.000000
1.200000
3.000000
1.000000
2.000000
1.250000
2.500000
5.000000
1.000000
1.875000
0.156250
1.500000
2.000000
2.000000
0.333333
1.000000
7.000000
0.600000
0.666667
2.000000
0.750000
0.444444
7.000000
1.000000
2.000000
2.000000
0.857143
2.500000
1.750000
3.000000
0.937500
2.666667
2.000000
0.218750
0.500000
2.000000
0.333333
1.250000
4.000000
1.333333
1.000000
4.000000
10.000000
2.000000
0.500000
1.500000
1.200000
2.600000
1.285714
1.750000
0.750000
0.156250
0.857143
0.666667
3.000000
0.272727
1.250000
1.000000
0.333333
1.000000
0.571429
2.500000
2.000000
0.156250
2.000000
1.000000
0.250000
1.000000
0.750000
1.000000
4.000000
4.000000
1.000000
0.343750
0.500000
1.750000
2.000000
1.200000
3.000000
5.500000
2.000000
2.000000
3.000000
2.000000
2.500000
5.000000
0.285714
0.125000
0.500000
1.875000
4.000000
0.500000
3.000000
0.250000
3.000000
2.500000
1.000000
2.000000
1.333333
1.333333
0.800000
2.000000
2.200000
7.000000
1.000000
2.000000
0.500000
0.600000
0.062500
4.000000
1.000000
5.000000
1.500000
5.000000
0.545455
0.156250
0.031250
4.000000
1.000000
1.500000
2.000000
0.800000
1.000000
1.000000
4.500000
1.000000
1.250000
0.125000
0.666667
3.333333
1.666667
1.600000
0.312500
0.093750
1.800000
3.000000
1.500000
5.000000
2.000000
2.500000
0.093750
2.000000
6.000000
1.000000
1.333333
0.625000
2.000000
1.000000
0.181818
0.800000
1.562500
1.200000
2.000000
1.875000
4.000000
2.750000
1.000000
5.000000
6.000000
1.000000
0.600000
0.750000
0.666667
1.000000
2.000000
6.000000
0.312500
0.800000
2.000000
1.666667
0.875000
2.000000
1.000000
1.333333
0.000000
1.250000
1.500000
0.750000
0.400000
0.093750
1.000000
0.600000
1.000000
0.800000
1.500000
0.000000
2.812500
2.000000
1.000000
1.000000
0.093750
0.750000
2.000000
0.500000
1.333333
0.750000
4.500000
0.666667
1.000000
3.000000
3.000000
3.000000
2.000000
0.156250
0.281250
1.333333
3.000000
0.500000
1.666667
1.500000
4.000000
2.000000
4.000000
3.000000
0.375000
0.333333
0.142857
0.333333
4.000000
5.000000
0.187500
0.281250
6.000000
0.555556
2.666667
4.000000
11.000000
1.000000
1.500000
0.333333
0.218750
3.000000
0.218750
7.000000
5.000000
1.666667
1.500000
0.312500
2.000000
1.750000
0.571429
6.000000
4.000000
0.142857
3.000000
2.250000
0.666667
2.000000
1.000000
0.500000
7.000000
0.156250
2.500000
0.200000
0.187500
1.000000
1.000000
1.000000
3.333333
3.000000
2.000000
2.000000
0.937500
2.812500
1.333333
6.000000
7.000000
3.000000
0.218750
0.111111
3.500000
8.000000
0.666667
7.000000
1.333333
1.500000
2.000000
1.000000
7.000000
0.857143
5.000000
0.400000
0.156250
1.000000
0.187500
1.500000
1.400000
0.000000
1.000000
2.000000
5.000000
3.000000
3.000000
2.333333
3.000000
1.875000
0.400000
1.666667
4.000000
3.000000
0.833333
1.400000
1.600000
2.500000
0.750000
0.666667
0.625000
5.000000
0.750000
1.000000
1.500000
2.000000
0.281250
3.000000
2.500000
1.333333
0.800000
2.000000
0.833333
1.400000
2.000000
1.000000
1.000000
2.000000
0.250000
1.000000
1.000000
2.000000
7.000000
1.000000
4.000000
3.000000
4.000000
2.000000
0.625000
0.312500
0.500000
1.000000
3.000000
0.444444
2.250000
1.000000
1.000000
3.000000
0.750000
0.218750
0.312500
2.000000
1.400000
0.093750
6.000000
4.000000
2.000000
0.125000
0.666667
1.666667
3.500000
0.312500
1.562500
0.750000
1.600000
0.062500
2.000000
9.000000
1.500000
1.000000
3.000000
0.400000
1.000000
0.285714
3.000000
4.000000
1.000000
1.000000
1.200000
1.000000
1.500000
2.000000
1.666667
4.000000
1.250000
1.428571
0.062500
0.428571
2.000000
2.000000
2.000000
1.250000
1.333333
1.500000
11.000000
1.000000
1.000000
1.250000
1.250000
3.000000
0.156250
2.000000
0.333333
2.000000
3.000000
0.857143
6.000000
0.400000
1.500000
1.000000
5.000000
1.250000
0.125000
7.000000
2.750000
1.000000
0.714286
2.250000
