0.333333
0.125000
2.000000
0.333333
-0.156250
0.031250
1.000000
0.093750
0.500000
1.875000
3.000000
-0.156250
0.666667
-0.218750
0.000000
-0.062500
-0.093750
0.000000
0.031250
0.000000
0.031250
0.031250
0.031250
0.125000
1.500000
0.000000
-0.125000
1.166667
0.031250
0.218750
0.156250
-0.062500
0.093750
-0.218750
0.714286
1.500000
8.000000
0.000000
0.312500
1.600000
-0.031250
0.062500
0.333333
0.031250
-0.000000
0.857143
0.031250
3.500000
0.000000
-0.093750
0.000000
0.093750
0.200000
0.400000
0.857143
-0.125000
-0.000000
0.187500
-0.218750
1.000000
-0.062500
0.285714
-0.062500
2.000000
0.156250
3.000000
-0.000000
0.093750
0.062500
0.428571
-0.250000
0.000000
-0.125000
0.666667
0.000000
-0.000000
0.062500
1.500000
0.062500
-0.031250
0.031250
2.000000
-0.031250
2.000000
0.125000
0.000000
0.500000
0.093750
1.000000
0.800000
0.156250
0.218750
0.218750
0.125000
0.000000
1.000000
-0.000000
0.666667
0.125000
2.000000
1.250000
0.062500
0.200000
-0.093750
0.031250
0.250000
1.000000
0.000000
0.312500
-0.093750
0.500000
1.500000
0.666667
-0.250000
-0.062500
0.333333
0.666667
0.000000
0.312500
0.062500
0.571429
0.125000
0.200000
1.500000
1.200000
2.666667
2.000000
-0.125000
2.000000
1.000000
0.000000
0.031250
2.000000
-0.062500
0.031250
1.000000
0.125000
1.000000
0.062500
1.000000
0.031250
0.666667
0.200000
0.125000
0.062500
-0.062500
1.562500
0.375000
0.000000
2.000000
0.031250
0.000000
0.000000
0.800000
0.000000
0.031250
0.500000
-0.093750
0.000000
1.000000
-0.125000
7.000000
0.500000
-0.125000
-0.062500
1.000000
1.333333
0.600000
-0.000000
0.062500
0.000000
1.166667
1.333333
0.428571
1.000000
2.500000
2.000000
0.062500
0.400000
1.500000
-0.125000
0.000000
0.031250
0.093750
0.187500
-0.062500
-0.031250
-0.156250
0.062500
0.937500
1.750000
0.625000
-0.125000
0.400000
0.000000
1.000000
-0.062500
2.000000
0.937500
0.062500
0.142857
0.333333
0.093750
-0.312500
-0.000000
0.031250
3.000000
0.250000
-0.125000
-0.093750
2.500000
2.000000
0.062500
0.093750
0.218750
0.031250
0.000000
0.062500
0.125000
4.000000
0.281250
1.500000
1.000000
0.428571
1.000000
1.800000
2.500000
-0.125000
2.333333
-0.062500
-0.000000
-0.062500
0.500000
0.031250
0.125000
-0.093750
-0.031250
0.000000
0.500000
-0.093750
-0.187500
-0.125000
0.000000
0.000000
0.800000
0.937500
0.000000
0.000000
2.500000
3.000000
-0.000000
2.666667
1.000000
0.666667
0.031250
0.031250
0.031250
-0.125000
-0.000000
0.187500
0.500000
4.000000
0.093750
-0.343750
0.218750
-0.156250
0.000000
0.500000
-0.093750
0.093750
3.500000
0.500000
5.000000
0.187500
1.000000
0.125000
0.000000
1.666667
-0.031250
0.500000
0.000000
-0.062500
1.333333
3.000000
1.875000
0.142857
-0.062500
0.000000
1.666667
-0.031250
-0.031250
1.000000
-0.281250
-0.375000
-0.000000
0.111111
1.666667
0.031250
-0.156250
-0.062500
5.500000
-0.000000
5.000000
0.031250
0.125000
0.000000
4.500000
-0.156250
1.500000
0.375000
-0.000000
0.000000
0.031250
0.062500
0.031250
0.666667
0.250000
2.000000
0.093750
-0.093750
1.500000
0.187500
0.281250
4.000000
0.000000
5.000000
0.000000
0.666667
0.312500
0.125000
-0.031250
0.000000
0.250000
0.250000
0.156250
0.000000
0.200000
0.625000
0.333333
0.187500
-0.000000
-0.218750
-0.125000
-0.187500
-0.000000
0.312500
1.000000
6.000000
-0.187500
0.093750
0.800000
0.750000
0.000000
0.218750
0.125000
-0.031250
0.000000
0.333333
0.166667
-0.000000
-0.000000
0.250000
0.218750
-0.218750
1.333333
-0.031250
0.062500
0.312500
0.400000
0.333333
0.093750
1.000000
-0.156250
0.031250
0.285714
-0.093750
0.312500
-0.187500
0.500000
0.093750
-0.156250
-0.125000
0.666667
-0.125000
0.000000
0.000000
-0.000000
0.800000
0.125000
1.000000
2.000000
2.000000
0.250000
0.031250
-0.031250
0.312500
0.000000
-0.250000
4.000000
1.000000
-0.156250
3.000000
0.600000
2.333333
1.000000
2.000000
0.031250
2.666667
0.600000
1.000000
0.031250
2.000000
0.281250
0.000000
-0.000000
4.000000
2.000000
-0.031250
2.000000
5.000000
0.000000
0.375000
2.000000
0.250000
4.500000
-0.093750
-0.062500
0.500000
0.000000
5.000000
0.000000
1.000000
-0.031250
0.000000
1.333333
0.062500
0.500000
2.000000
0.750000
0.500000
0.250000
1.600000
-0.031250
-0.250000
-0.062500
3.000000
2.000000
0.000000
0.200000
-0.031250
0.600000
0.000000
0.500000
0.000000
1.250000
0.031250
0.250000
2.000000
1.000000
0.625000
0.250000
0.093750
-0.125000
6.000000
0.285714
-0.093750
0.156250
0.062500
1.333333
0.031250
0.400000
0.000000
1.250000
-0.125000
-0.000000
0.312500
0.666667
0.428571
1.000000
0.000000
-0.031250
0.062500
0.093750
1.500000
-0.062500
0.750000
-0.062500
0.200000
-0.218750
1.500000
0.937500
-0.218750
-0.062500
0.000000
0.125000
0.031250
-0.125000
0.750000
1.500000
0.093750
0.062500
0.000000
0.000000
0.500000
0.571429
-0.125000
0.666667
1.250000
0.600000
-0.156250
0.500000
0.062500
-0.031250
1.333333
0.600000
0.285714
1.666667
1.000000
1.000000
0.000000
0.000000
0.250000
0.031250
2.000000
-0.031250
1.000000
0.500000
2.000000
-0.093750
0.062500
0.000000
0.000000
0.187500
0.031250
-0.031250
0.500000
-0.125000
0.166667
0.062500
2.187500
0.281250
0.000000
0.125000
1.500000
1.000000
-0.312500
0.777778
0.031250
0.500000
4.000000
3.125000
0.062500
1.000000
0.444444
-0.125000
0.125000
2.500000
0.200000
0.250000
0.000000
0.500000
2.000000
-0.031250
-0.062500
-0.125000
0.312500
0.166667
0.156250
0.500000
0.500000
1.000000
0.000000
0.031250
0.062500
-0.156250
-0.000000
0.125000
0.500000
0.281250
2.000000
0.500000
0.093750
-0.093750
2.000000
0.031250
1.666667
-0.031250
3.000000
-0.281250
0.000000
1.500000
0.000000
-0.093750
-0.093750
2.812500
0.031250
-0.250000
3.000000
0.062500
-0.156250
0.031250
-0.156250
0.800000
0.142857
-0.093750
1.500000
0.093750
0.500000
0.062500
-0.093750
0.031250
1.500000
0.500000
0.062500
0.400000
4.000000
1.000000
1.333333
0.125000
0.500000
-0.062500
0.800000
0.125000
4.000000
0.800000
2.000000
1.600000
1.500000
0.125000
0.125000
-0.000000
1.250000
0.250000
0.750000
0.500000
6.000000
0.000000
3.000000
2.000000
-0.031250
-0.250000
0.000000
0.000000
-0.125000
0.125000
2.500000
1.000000
0.750000
-0.125000
1.333333
-0.156250
-0.062500
0.937500
0.093750
2.000000
0.250000
0.400000
0.125000
2.666667
0.222222
1.250000
-0.000000
0.093750
0.156250
0.666667
0.250000
-0.125000
0.200000
0.031250
0.000000
0.062500
0.000000
0.125000
0.750000
0.000000
0.500000
0.428571
0.500000
0.187500
0.600000
-0.125000
0.312500
-0.000000
2.000000
0.156250
0.000000
-0.062500
0.093750
-0.125000
0.250000
2.333333
-0.000000
3.000000
2.333333
1.500000
0.062500
1.000000
0.428571
0.000000
0.000000
1.000000
-0.093750
0.500000
0.600000
3.500000
0.000000
0.031250
0.900000
1.333333
0.750000
0.500000
0.000000
1.333333
0.062500
0.031250
0.156250
0.937500
0.062500
0.031250
0.031250
0.000000
0.093750
-0.093750
0.750000
0.031250
9.000000
1.333333
0.062500
0.400000
0.500000
-0.031250
-0.156250
0.218750
3.000000
1.000000
0.666667
0.312500
0.062500
0.312500
-0.062500
5.000000
0.312500
1.333333
0.285714
0.187500
-0.000000
0.800000
1.000000
-0.000000
2.000000
0.062500
-0.000000
0.600000
0.937500
-0.062500
2.187500
-0.062500
0.000000
1.000000
-0.000000
5.500000
-0.156250
-0.187500
0.000000
0.062500
0.625000
0.666667
0.750000
-0.187500
3.000000
0.093750
1.000000
-0.156250
1.666667
8.000000
-0.031250
0.250000
-0.125000
0.093750
-0.031250
2.500000
2.500000
-0.000000
-0.125000
-0.062500
1.250000
-0.125000
0.666667
1.000000
-0.062500
-0.000000
-0.093750
-0.031250
0.093750
-0.031250
4.000000
1.000000
0.000000
0.031250
0.093750
-0.093750
0.250000
0.500000
0.000000
0.031250
-0.062500
-0.000000
0.500000
0.000000
3.000000
1.500000
0.833333
-0.125000
4.000000
0.200000
1.166667
-0.031250
1.571429
-0.000000
-0.062500
-0.156250
0.031250
-0.187500
-0.187500
-0.093750
-0.000000
-0.125000
-0.000000
-0.000000
0.093750
1.000000
1.250000
-0.093750
0.125000
2.000000
1.400000
-0.031250
0.800000
1.000000
0.000000
1.000000
-0.000000
0.000000
1.200000
0.500000
0.000000
0.062500
0.166667
0.281250
0.333333
0.000000
-0.031250
0.093750
0.333333
-0.031250
-0.093750
2.000000
-0.062500
0.714286
0.062500
0.333333
-0.031250
-0.031250
2.500000
0.000000
0.031250
0.031250
0.125000
0.062500
0.218750
0.500000
-0.062500
2.666667
0.062500
-0.062500
1.400000
0.062500
2.000000
0.031250
1.800000
2.500000
1.666667
0.000000
0.093750
2.000000
0.031250
0.062500
0.000000
0.333333
-0.125000
5.000000
-0.062500
0.166667
0.187500
1.600000
0.156250
0.000000
0.625000
-0.000000
-0.125000
-0.156250
0.250000
1.250000
0.187500
-0.125000
0.000000
0.031250
0.031250
1.562500
0.125000
0.093750
1.000000
0.666667
0.093750
9.000000
1.562500
0.093750
0.062500
1.250000
0.937500
-0.062500
3.000000
0.333333
-0.062500
0.000000
-0.000000
0.156250
0.428571
0.666667
0.000000
0.500000
0.000000
0.187500
0.500000
0.125000
-0.062500
0.031250
-0.062500
1.000000
2.500000
0.222222
0.000000
-0.093750
0.000000
-0.000000
0.218750
0.625000
0.156250
3.000000
-0.031250
1.500000
-0.093750
1.500000
-0.031250
0.000000
0.031250
4.000000
0.200000
0.093750
0.031250
0.312500
-0.031250
0.156250
0.000000
0.125000
0.250000
0.200000
0.031250
0.093750
0.000000
1.750000
0.166667
1.875000
0.333333
-0.031250
-0.031250
2.500000
0.000000
0.093750
0.031250
-0.093750
0.000000
-0.187500
0.500000
0.000000
0.031250
0.625000
0.625000
2.000000
0.571429
1.000000
0.406250
0.312500
0.093750
0.111111
-0.156250
0.666667
0.031250
-0.031250
0.500000
-0.000000
-0.156250
0.937500
0.250000
0.000000
-0.031250
0.666667
-0.093750
1.250000
4.000000
-0.031250
0.031250
0.031250
3.000000
0.000000
1.000000
3.500000
0.000000
0.156250
0.937500
0.000000
1.000000
-0.000000
-0.093750
0.333333
-0.125000
2.000000
-0.156250
0.031250
-0.250000
1.250000
0.250000
0.187500
0.000000
0.000000
1.750000
0.093750
0.777778
0.156250
8.000000
-0.125000
0.062500
-0.218750
-0.062500
1.000000
0.625000
0.937500
0.125000
0.500000
0.000000
0.888889
0.093750
0.000000
-0.062500
0.031250
0.285714
1.000000
0.000000
0.375000
0.281250
0.093750
0.714286
0.062500
1.000000
0.250000
0.125000
-0.062500
-0.156250
1.333333
0.500000
1.333333
1.000000
0.666667
0.000000
0.000000
1.400000
0.000000
0.000000
0.093750
1.250000
-0.156250
0.875000
1.000000
3.000000
-0.031250
0.000000
0.187500
-0.218750
0.000000
-0.031250
0.031250
0.187500
0.200000
-0.281250
0.750000
0.093750
0.250000
0.750000
0.166667
2.000000
-0.000000
4.000000
-0.093750
0.000000
1.500000
0.093750
-0.218750
0.062500
0.031250
1.000000
0.166667
-0.031250
0.000000
0.250000
0.500000
0.400000
-0.125000
0.000000
0.093750
1.000000
0.187500
0.031250
1.000000
0.312500
-0.031250
-0.093750
0.428571
-0.125000
-0.031250
0.285714
-0.187500
2.500000
4.000000
0.031250
0.187500
2.000000
0.000000
0.031250
2.000000
0.062500
1.500000
2.000000
-0.156250
0.062500
2.500000
2.000000
4.000000
3.000000
-0.156250
-0.000000
1.000000
0.250000
0.187500
3.000000
0.000000
0.500000
3.125000
1.000000
0.031250
0.250000
-0.031250
2.500000
0.000000
0.093750
2.000000
-0.187500
-0.093750
1.000000
2.000000
1.000000
-0.000000
3.000000
0.750000
1.562500
-0.000000
0.031250
0.400000
0.750000
1.000000
0.400000
0.285714
-0.062500
0.000000
1.666667
0.142857
1.000000
5.000000
5.000000
0.031250
0.093750
1.000000
1.166667
1.000000
1.750000
0.093750
2.000000
0.000000
-0.062500
0.000000
0.187500
1.000000
0.000000
0.555556
-0.062500
7.000000
0.156250
0.062500
-0.125000
0.125000
0.187500
-0.187500
2.000000
1.142857
-0.093750
2.000000
0.166667
1.000000
-0.187500
0.062500
-0.156250
0.187500
0.125000
-0.000000
0.333333
0.000000
0.000000
0.100000
0.156250
-0.000000
1.666667
0.093750
1.000000
1.562500
6.000000
0.250000
0.000000
0.600000
0.111111
0.031250
0.031250
-0.062500
0.250000
0.500000
2.000000
0.218750
3.000000
1.000000
3.000000
0.937500
6.000000
-0.000000
-0.000000
-0.125000
0.750000
0.093750
-0.093750
0.428571
0.031250
0.666667
-0.250000
0.125000
3.000000
0.750000
-0.093750
-0.156250
1.000000
-0.031250
0.218750
0.093750
-0.062500
-0.062500
1.200000
0.156250
0.250000
4.000000
0.200000
-0.125000
0.312500
0.500000
0.750000
0.181818
-0.031250
0.333333
-0.031250
1.666667
-0.000000
0.125000
0.093750
0.000000
0.166667
0.062500
2.000000
0.750000
0.714286
-0.031250
0.031250
-0.218750
1.500000
-0.125000
7.000000
3.000000
0.156250
1.000000
0.500000
1.250000
1.500000
1.875000
0.200000
0.000000
5.000000
0.125000
0.093750
-0.031250
6.000000
0.333333
1.250000
3.000000
0.000000
-0.093750
1.000000
1.562500
-0.062500
0.600000
-0.093750
-0.156250
0.000000
-0.031250
-0.093750
0.187500
-0.000000
2.000000
0.125000
0.250000
0.000000
0.062500
0.500000
1.000000
6.000000
1.000000
0.093750
-0.062500
0.031250
0.031250
-0.125000
0.156250
-0.031250
3.000000
-0.125000
0.666667
-0.000000
0.125000
0.400000
-0.125000
5.000000
2.000000
-0.031250
0.600000
0.000000
5.000000
0.625000
0.281250
0.000000
-0.093750
0.666667
0.625000
0.000000
0.333333
0.666667
1.250000
1.333333
0.166667
0.666667
1.400000
-0.093750
0.200000
0.125000
0.571429
2.500000
1.000000
0.500000
1.250000
0.500000
0.200000
-0.156250
0.031250
0.333333
0.000000
0.125000
-0.031250
0.031250
-0.031250
0.000000
2.333333
4.000000
0.571429
0.333333
0.000000
0.000000
-0.062500
-0.062500
0.031250
-0.000000
2.000000
0.125000
6.000000
0.125000
0.500000
0.250000
0.218750
-0.156250
-0.125000
-0.031250
0.142857
-0.093750
3.000000
-0.031250
1.500000
1.666667
1.333333
1.875000
2.500000
0.031250
-0.187500
-0.000000
0.125000
0.031250
4.000000
0.000000
0.200000
0.000000
-0.125000
0.062500
1.000000
1.000000
0.500000
0.218750
1.333333
-0.031250
0.250000
0.500000
0.031250
0.093750
0.750000
-0.000000
0.250000
0.000000
-0.000000
0.250000
-0.062500
-0.000000
0.125000
1.000000
0.125000
-0.062500
0.125000
0.312500
-0.156250
0.250000
0.000000
0.200000
0.125000
0.000000
0.625000
-0.156250
-0.187500
0.166667
0.000000
0.800000
-0.062500
-0.218750
0.625000
0.000000
3.500000
2.000000
0.428571
-0.031250
-0.031250
0.000000
1.500000
0.062500
0.625000
0.000000
1.333333
1.000000
0.125000
-0.031250
0.937500
0.062500
-0.343750
0.062500
0.031250
0.125000
0.500000
-0.031250
1.000000
3.000000
0.000000
1.000000
2.000000
2.500000
0.062500
0.000000
0.031250
2.000000
0.000000
1.000000
1.000000
0.000000
0.093750
0.000000
1.200000
0.625000
-0.093750
-0.000000
0.062500
0.600000
-0.000000
-0.000000
-0.031250
1.400000
2.500000
0.093750
0.800000
0.750000
-0.031250
-0.156250
0.093750
-0.062500
0.031250
0.093750
0.031250
1.000000
-0.156250
0.333333
-0.156250
5.000000
-0.000000
-0.156250
0.500000
-0.062500
0.625000
4.000000
2.500000
-0.031250
0.250000
8.000000
2.500000
0.000000
0.000000
-0.125000
-0.031250
0.000000
-0.093750
-0.187500
0.218750
0.333333
0.000000
0.000000
0.000000
2.000000
-0.250000
0.062500
11.000000
0.156250
-0.031250
0.125000
-0.093750
1.166667
-0.062500
0.200000
0.062500
3.000000
1.333333
4.000000
0.125000
0.000000
0.666667
6.000000
1.000000
0.500000
-0.093750
-0.125000
0.000000
-0.062500
0.000000
-0.250000
0.156250
1.333333
0.187500
0.000000
-0.156250
0.000000
-0.125000
0.400000
-0.031250
0.937500
0.400000
-0.156250
-0.093750
0.000000
2.500000
1.875000
0.062500
0.000000
-0.031250
0.218750
-0.062500
0.156250
0.857143
0.062500
2.000000
4.000000
-0.125000
0.142857
0.187500
0.031250
1.562500
0.200000
0.312500
0.062500
-0.062500
-0.031250
-0.375000
1.000000
-0.250000
-0.250000
-0.031250
7.000000
0.093750
0.062500
6.000000
-0.125000
0.125000
-0.093750
3.000000
-0.062500
1.600000
0.031250
0.750000
0.000000
0.125000
0.333333
0.200000
1.000000
1.000000
0.156250
-0.031250
-0.093750
0.000000
0.312500
0.312500
1.333333
-0.218750
-0.031250
0.156250
3.000000
-0.031250
0.000000
0.111111
4.000000
0.500000
-0.062500
3.000000
0.125000
0.000000
0.500000
2.250000
0.062500
0.000000
-0.187500
2.000000
1.125000
0.000000
1.562500
0.500000
2.500000
-0.093750
-0.125000
0.750000
0.333333
0.000000
0.500000
-0.093750
-0.031250
0.031250
1.200000
0.187500
0.400000
0.062500
2.333333
2.000000
0.000000
0.666667
3.000000
0.200000
-0.000000
0.500000
1.000000
-0.125000
-0.062500
-0.000000
-0.093750
0.187500
0.187500
0.218750
3.000000
0.500000
2.000000
2.000000
2.250000
0.333333
0.000000
0.250000
0.125000
0.666667
-0.062500
0.156250
0.500000
-0.156250
0.218750
0.031250
-0.187500
-0.218750
0.800000
2.000000
3.500000
0.156250
0.000000
0.125000
-0.062500
-0.125000
3.000000
-0.031250
0.800000
-0.093750
0.000000
0.125000
1.000000
0.000000
0.031250
-0.000000
0.125000
1.000000
0.700000
0.666667
2.000000
0.500000
1.333333
0.031250
0.062500
0.062500
3.000000
0.187500
-0.125000
0.187500
0.937500
0.218750
-0.093750
0.333333
0.000000
1.500000
0.500000
0.166667
0.093750
-0.062500
-0.031250
1.750000
-0.062500
9.000000
0.000000
-0.031250
2.500000
0.666667
6.000000
-0.062500
0.250000
0.200000
-0.156250
0.312500
0.000000
1.000000
-0.093750
-0.093750
-0.031250
-0.062500
0.187500
0.156250
0.600000
-0.000000
0.600000
-0.031250
1.000000
0.000000
-0.218750
0.111111
1.000000
0.000000
1.562500
0.500000
1.000000
0.400000
0.333333
0.285714
0.937500
-0.062500
0.031250
1.000000
0.031250
0.062500
0.000000
0.125000
2.000000
0.363636
1.428571
0.666667
-0.187500
0.000000
0.000000
2.500000
0.000000
1.000000
2.000000
1.000000
-0.031250
0.000000
0.750000
7.000000
0.125000
1.000000
1.333333
2.000000
-0.250000
8.000000
1.250000
1.562500
1.666667
1.000000
0.156250
-0.156250
0.500000
0.093750
0.500000
-0.031250
0.062500
0.031250
0.031250
-0.125000
1.500000
0.142857
2.666667
0.000000
-0.000000
0.062500
0.000000
-0.031250
0.218750
0.083333
1.000000
1.400000
0.000000
0.062500
0.187500
1.125000
-0.062500
-0.062500
0.000000
0.062500
0.031250
0.500000
0.000000
0.093750
0.031250
4.000000
0.200000
0.000000
0.000000
0.937500
1.333333
-0.093750
0.285714
0.625000
-0.187500
-0.031250
4.000000
1.333333
1.000000
0.000000
0.187500
0.281250
0.125000
0.222222
1.875000
3.000000
0.400000
1.562500
0.062500
2.187500
0.000000
0.031250
-0.062500
0.111111
0.187500
0.031250
-0.031250
-0.062500
0.666667
0.000000
-0.062500
-0.125000
0.000000
0.156250
0.000000
0.714286
2.000000
1.333333
1.562500
0.093750
0.333333
0.666667
0.125000
1.000000
-0.062500
0.666667
-0.000000
2.000000
2.000000
-0.125000
1.500000
0.125000
4.500000
1.250000
0.093750
2.000000
1.000000
-0.093750
4.000000
0.218750
2.000000
-0.218750
0.093750
0.250000
0.000000
0.156250
0.093750
0.125000
-0.093750
0.333333
4.000000
0.031250
0.375000
0.222222
0.062500
0.500000
1.000000
0.000000
1.333333
0.000000
0.500000
0.000000
0.000000
-0.218750
-0.093750
1.750000
0.000000
0.250000
0.571429
3.000000
2.333333
0.093750
-0.031250
4.000000
0.000000
0.062500
2.000000
0.444444
-0.312500
-0.031250
2.333333
0.285714
0.800000
1.666667
1.500000
-0.031250
-0.125000
0.000000
1.000000
1.500000
-0.156250
-0.156250
0.000000
5.000000
1.000000
0.181818
0.156250
2.500000
0.937500
-0.062500
2.000000
0.093750
-0.125000
0.187500
1.562500
3.000000
0.000000
0.333333
0.000000
0.937500
0.500000
-0.031250
0.800000
0.125000
0.200000
0.031250
0.093750
0.500000
0.000000
0.000000
0.500000
0.125000
-0.000000
0.125000
0.156250
0.100000
0.800000
0.400000
0.062500
2.500000
0.222222
0.093750
0.031250
0.000000
0.125000
6.000000
-0.093750
-0.281250
2.187500
-0.125000
0.093750
1.562500
0.375000
0.937500
-0.281250
4.000000
1.666667
0.166667
-0.093750
1.500000
-0.031250
1.333333
3.000000
0.031250
-0.031250
0.333333
0.156250
4.000000
-0.187500
1.000000
9.000000
0.093750
6.000000
3.333333
0.875000
1.400000
2.000000
1.000000
-0.156250
-0.031250
0.500000
9.000000
-0.187500
0.750000
4.000000
0.250000
1.500000
4.500000
-0.062500
-0.000000
-0.187500
0.000000
0.000000
0.062500
0.031250
-0.187500
0.714286
1.000000
0.156250
1.000000
1.000000
0.600000
0.333333
0.125000
2.500000
1.000000
-0.250000
0.187500
3.000000
-0.343750
0.500000
-0.218750
0.125000
-0.062500
0.000000
5.000000
0.500000
0.333333
0.000000
-0.062500
-0.125000
-0.125000
0.666667
-0.093750
-0.062500
0.666667
1.000000
0.000000
-0.218750
1.333333
0.333333
1.500000
4.000000
0.031250
-0.125000
0.187500
1.000000
2.500000
1.000000
0.625000
0.000000
0.400000
-0.093750
1.000000
0.093750
1.000000
-0.062500
0.125000
0.031250
5.000000
2.000000
0.333333
0.000000
2.187500
0.156250
0.000000
-0.125000
-0.062500
-0.125000
0.000000
0.666667
0.666667
2.500000
0.000000
0.125000
-0.062500
0.333333
1.500000
0.093750
3.000000
0.000000
0.125000
0.031250
2.000000
0.093750
0.312500
0.333333
0.666667
-0.062500
1.000000
0.000000
1.500000
2.000000
0.333333
0.312500
0.187500
1.000000
0.000000
-0.031250
0.333333
3.000000
0.700000
0.500000
2.000000
-0.156250
0.125000
0.400000
2.000000
-0.125000
-0.031250
-0.093750
0.428571
0.031250
0.093750
0.062500
-0.031250
0.500000
-0.156250
0.031250
0.062500
0.062500
1.333333
1.333333
0.000000
-0.093750
2.000000
3.000000
0.312500
0.156250
0.200000
0.500000
0.000000
1.333333
0.000000
1.562500
0.000000
0.500000
0.000000
-0.125000
1.000000
2.500000
2.000000
0.062500
-0.187500
0.000000
1.666667
0.000000
1.333333
0.156250
0.031250
0.500000
0.000000
0.000000
2.000000
-0.000000
0.500000
0.093750
0.250000
-0.031250
0.000000
0.111111
5.000000
-0.000000
0.000000
0.625000
0.000000
1.000000
1.166667
-0.000000
0.093750
2.333333
-0.093750
-0.093750
0.000000
0.222222
0.000000
1.666667
-0.031250
0.000000
6.000000
-0.062500
0.000000
0.218750
0.093750
0.062500
0.218750
0.250000
0.333333
-0.375000
1.000000
0.125000
0.100000
6.000000
0.333333
0.093750
0.156250
1.000000
0.312500
0.312500
0.666667
1.875000
0.000000
1.000000
-0.000000
0.312500
0.428571
6.000000
-0.125000
0.093750
1.000000
-0.031250
0.285714
1.000000
1.333333
0.093750
3.000000
0.000000
-0.187500
0.000000
-0.125000
1.000000
-0.156250
5.000000
-0.031250
-0.000000
0.333333
0.000000
0.125000
-0.093750
0.125000
0.200000
3.000000
-0.218750
0.750000
0.000000
0.166667
0.250000
0.000000
0.500000
-0.031250
9.000000
-0.031250
1.000000
0.156250
-0.156250
0.666667
0.285714
0.000000
0.250000
1.875000
0.600000
0.625000
1.000000
0.000000
0.333333
0.333333
0.000000
1.875000
0.093750
0.000000
1.666667
-0.062500
0.200000
1.000000
0.000000
3.500000
0.062500
0.218750
0.285714
1.500000
0.031250
2.000000
1.250000
4.000000
-0.093750
0.666667
0.062500
1.500000
-0.156250
0.000000
0.000000
0.857143
-0.250000
2.812500
-0.031250
0.750000
-0.218750
-0.062500
0.500000
-0.125000
0.857143
0.062500
1.250000
0.800000
2.000000
3.000000
0.000000
0.093750
0.000000
0.166667
2.000000
2.000000
0.800000
-0.156250
0.093750
1.000000
0.000000
3.000000
0.666667
0.125000
1.500000
0.500000
0.093750
0.333333
0.031250
0.000000
1.000000
0.750000
-0.000000
0.093750
-0.000000
0.428571
0.312500
-0.031250
1.833333
-0.093750
0.093750
0.333333
0.062500
0.062500
0.031250
-0.062500
0.000000
0.000000
4.000000
0.156250
1.333333
0.333333
0.125000
-0.000000
2.000000
-0.093750
0.062500
-0.062500
0.000000
0.000000
0.937500
0.375000
-0.031250
0.250000
4.000000
-0.000000
0.666667
0.000000
1.000000
-0.156250
-0.000000
0.714286
1.000000
-0.031250
-0.031250
2.000000
-0.187500
-0.125000
-0.093750
0.000000
0.062500
0.000000
3.666667
0.250000
0.062500
0.666667
0.000000
0.000000
0.166667
1.875000
4.000000
1.000000
-0.093750
1.000000
0.062500
0.250000
0.500000
0.093750
1.000000
3.000000
0.187500
0.000000
0.750000
1.875000
0.031250
0.500000
0.156250
-0.156250
0.218750
-0.156250
1.600000
0.500000
-0.093750
5.000000
-0.093750
0.062500
0.031250
0.333333
1.250000
0.000000
-0.062500
0.000000
0.062500
0.000000
0.428571
-0.093750
0.285714
-0.031250
8.000000
0.666667
-0.125000
-0.125000
-0.093750
-0.406250
0.000000
0.166667
0.000000
0.000000
2.812500
0.500000
0.031250
0.000000
4.000000
5.000000
1.000000
-0.250000
0.750000
-0.031250
0.031250
-0.218750
-0.156250
0.000000
0.156250
1.000000
0.625000
0.333333
0.000000
0.750000
0.714286
0.093750
-0.156250
1.000000
-0.093750
2.666667
0.937500
0.000000
0.000000
0.571429
-0.000000
0.800000
1.000000
0.031250
0.000000
0.000000
-0.031250
1.666667
0.250000
1.250000
0.500000
4.000000
10.000000
0.000000
0.000000
0.666667
0.000000
0.125000
0.333333
0.666667
2.500000
0.062500
0.500000
5.000000
0.250000
0.000000
4.000000
-0.187500
0.000000
2.000000
0.031250
-0.093750
0.000000
-0.156250
-0.218750
1.666667
-0.062500
0.666667
0.250000
-0.031250
0.000000
0.750000
0.093750
-0.000000
-0.062500
0.031250
-0.031250
-0.031250
0.093750
-0.031250
0.400000
0.312500
2.500000
-0.125000
-0.187500
0.285714
0.500000
0.000000
-0.000000
0.062500
-0.125000
1.562500
2.000000
0.937500
0.000000
-0.093750
0.166667
0.000000
1.000000
0.312500
-0.187500
-0.000000
0.062500
0.093750
-0.031250
0.166667
0.666667
0.093750
4.000000
-0.062500
-0.093750
0.031250
4.000000
1.500000
0.031250
-0.218750
0.000000
0.031250
0.312500
-0.125000
1.000000
0.000000
-0.125000
0.093750
0.093750
0.250000
-0.000000
0.093750
3.000000
-0.281250
0.125000
-0.250000
0.093750
-0.000000
-0.000000
0.833333
0.857143
1.250000
-0.031250
1.750000
0.093750
0.800000
-0.125000
2.500000
0.031250
2.500000
-0.156250
-0.156250
0.062500
0.600000
1.000000
0.285714
-0.031250
0.600000
0.937500
0.833333
0.500000
4.000000
0.031250
1.250000
0.093750
0.833333
0.750000
0.000000
0.937500
6.000000
0.062500
0.031250
0.500000
0.200000
0.625000
1.250000
1.000000
-0.000000
0.031250
0.187500
-0.125000
0.500000
0.500000
0.333333
-0.156250
1.800000
1.500000
0.031250
0.156250
-0.156250
-0.031250
0.666667
-0.062500
0.000000
0.000000
1.333333
3.000000
1.562500
1.500000
0.187500
0.000000
0.187500
0.333333
0.857143
1.000000
-0.093750
0.000000
0.031250
0.093750
0.666667
1.400000
1.000000
0.200000
0.156250
0.000000
-0.125000
-0.000000
-0.031250
0.833333
0.000000
0.187500
-0.062500
-0.156250
0.187500
-0.062500
3.000000
2.333333
0.250000
0.333333
-0.031250
1.000000
0.312500
0.500000
0.093750
0.031250
1.500000
-0.156250
3.000000
0.000000
-0.125000
1.000000
-0.187500
0.125000
0.031250
0.750000
0.142857
0.000000
0.400000
0.888889
0.000000
4.000000
0.000000
-0.187500
-0.031250
-0.000000
-0.125000
0.000000
0.600000
0.156250
1.250000
-0.031250
0.031250
2.500000
-0.093750
1.000000
1.000000
0.000000
0.375000
0.166667
0.031250
0.000000
0.062500
-0.093750
0.156250
0.000000
2.000000
0.125000
0.312500
0.500000
0.000000
1.000000
0.250000
-0.000000
0.250000
-0.125000
1.000000
0.093750
0.000000
0.500000
2.000000
-0.062500
0.000000
-0.187500
0.333333
-0.031250
0.062500
0.166667
0.272727
0.937500
0.333333
0.031250
0.000000
0.250000
1.000000
0.031250
0.625000
0.000000
1.000000
-0.000000
-0.062500
1.000000
0.000000
-0.093750
0.000000
-0.156250
2.000000
0.250000
5.000000
0.333333
1.000000
-0.062500
-0.031250
5.000000
2.000000
0.375000
9.000000
-0.031250
0.333333
0.000000
10.000000
-0.218750
-0.218750
5.000000
2.000000
3.000000
0.250000
1.500000
2.000000
1.000000
0.187500
0.031250
0.250000
6.000000
0.000000
0.000000
-0.250000
0.062500
-0.250000
-0.000000
0.000000
0.031250
-0.156250
-0.031250
-0.062500
0.000000
0.031250
0.156250
0.218750
0.200000
0.156250
1.000000
0.187500
0.500000
0.625000
-0.062500
0.062500
0.062500
-0.031250
0.156250
0.000000
0.571429
0.250000
1.750000
3.000000
2.333333
0.333333
0.666667
1.000000
0.031250
-0.093750
2.600000
1.000000
-0.187500
-0.000000
-0.093750
-0.031250
3.000000
1.000000
6.000000
0.800000
0.062500
0.500000
0.031250
0.625000
0.000000
-0.125000
0.000000
0.000000
0.750000
-0.031250
0.428571
0.000000
0.000000
0.750000
-0.125000
-0.062500
0.400000
-0.125000
2.000000
-0.062500
0.187500
-0.062500
2.000000
-0.062500
0.000000
1.200000
-0.062500
0.000000
0.000000
-0.312500
0.187500
-0.000000
-0.343750
0.142857
0.062500
1.200000
5.000000
-0.093750
-0.187500
0.000000
0.833333
0.250000
0.625000
3.000000
1.000000
0.250000
0.000000
0.200000
0.250000
0.500000
0.000000
0.093750
0.625000
0.000000
0.600000
1.000000
0.000000
-0.125000
-0.250000
-0.031250
-0.000000
1.666667
0.187500
1.500000
0.000000
-0.125000
0.888889
-0.125000
-0.250000
0.666667
-0.093750
5.000000
1.000000
0.000000
0.000000
-0.125000
0.250000
-0.187500
1.875000
2.000000
1.000000
2.500000
0.031250
-0.062500
2.500000
0.500000
0.750000
0.000000
0.312500
1.333333
-0.125000
4.000000
-0.062500
2.000000
-0.093750
-0.156250
-0.093750
0.062500
-0.031250
-0.062500
-0.125000
2.000000
-0.031250
0.666667
1.250000
0.312500
6.000000
-0.000000
0.625000
10.000000
0.111111
-0.062500
1.000000
1.200000
2.000000
-0.125000
-0.000000
-0.062500
1.000000
-0.125000
0.093750
0.666667
-0.156250
-0.062500
0.156250
1.000000
0.400000
0.000000
2.250000
-0.031250
-0.000000
0.250000
0.666667
1.000000
0.714286
-0.000000
0.093750
-0.031250
0.666667
0.093750
-0.156250
2.000000
-0.218750
3.000000
0.000000
-0.093750
3.000000
0.600000
0.031250
0.625000
2.000000
0.625000
1.200000
3.000000
-0.125000
1.000000
0.500000
2.000000
-0.000000
1.000000
1.250000
0.156250
0.000000
2.000000
5.000000
0.000000
0.285714
2.000000
2.500000
0.400000
0.031250
0.125000
4.000000
0.031250
1.000000
0.625000
0.500000
0.312500
2.000000
-0.062500
0.200000
-0.312500
1.000000
0.333333
-0.062500
0.062500
0.272727
1.000000
0.125000
2.500000
0.500000
0.000000
-0.000000
0.600000
0.093750
-0.031250
-0.031250
-0.312500
0.156250
1.500000
-0.000000
0.500000
0.125000
2.000000
0.125000
0.333333
-0.218750
1.000000
0.031250
0.000000
0.093750
0.600000
0.000000
0.500000
0.666667
0.031250
1.250000
0.125000
-0.000000
0.031250
0.444444
0.666667
1.000000
-0.062500
1.875000
-0.000000
0.000000
-0.031250
0.937500
2.000000
1.875000
0.666667
0.666667
0.000000
-0.093750
0.500000
-0.031250
7.000000
0.406250
0.333333
0.000000
0.000000
-0.125000
2.000000
-0.125000
0.500000
0.750000
0.156250
-0.187500
6.000000
0.156250
1.000000
1.000000
2.000000
-0.125000
0.187500
-0.187500
0.500000
0.500000
2.500000
2.000000
0.000000
1.750000
0.000000
-0.062500
-0.000000
0.031250
0.000000
0.093750
0.000000
0.000000
0.000000
-0.000000
-0.312500
0.156250
1.500000
0.666667
-0.031250
7.000000
0.666667
0.000000
1.000000
0.062500
2.000000
1.875000
0.750000
0.857143
0.031250
-0.125000
1.000000
0.000000
-0.281250
3.000000
0.333333
0.937500
0.400000
2.666667
0.250000
2.000000
0.218750
0.000000
0.285714
0.500000
0.000000
2.000000
0.285714
0.200000
-0.000000
1.250000
1.400000
4.000000
-0.156250
0.062500
1.000000
0.218750
2.000000
1.000000
0.187500
10.000000
1.000000
0.250000
0.000000
-0.062500
1.500000
0.156250
0.062500
0.750000
2.600000
0.285714
1.166667
0.250000
1.750000
1.000000
-0.250000
0.333333
0.031250
-0.062500
1.000000
0.000000
1.333333
-0.125000
0.000000
-0.156250
0.031250
4.000000
4.000000
0.062500
2.000000
-0.093750
0.500000
0.000000
-0.000000
-0.093750
-0.000000
1.200000
0.000000
0.200000
1.285714
0.363636
0.333333
1.000000
0.166667
0.750000
-0.093750
0.156250
-0.093750
0.062500
0.312500
0.666667
0.000000
1.800000
0.000000
-0.031250
1.000000
0.000000
0.200000
-0.031250
0.333333
-0.125000
-0.093750
0.031250
0.125000
0.500000
0.093750
-0.031250
2.000000
0.333333
0.031250
-0.156250
-0.000000
-0.218750
-0.031250
-0.187500
0.218750
0.857143
0.333333
-0.187500
0.031250
3.000000
-0.000000
0.272727
1.250000
0.666667
1.000000
-0.187500
-0.156250
-0.031250
1.000000
0.000000
0.571429
-0.062500
0.031250
2.500000
0.218750
-0.093750
0.156250
-0.062500
0.333333
2.000000
0.031250
0.218750
-0.156250
-0.250000
1.000000
0.250000
0.750000
-0.000000
0.156250
0.000000
0.000000
0.031250
0.156250
0.000000
0.093750
1.000000
0.343750
0.093750
-0.187500
0.500000
1.750000
0.156250
1.500000
0.500000
1.200000
0.166667
0.333333
0.625000
1.000000
-0.000000
0.000000
0.250000
0.625000
0.343750
-0.000000
0.125000
0.000000
1.000000
0.062500
4.000000
4.000000
0.937500
0.000000
0.312500
-0.125000
0.166667
0.000000
-0.218750
0.600000
-0.062500
2.000000
-0.000000
-0.031250
-0.093750
0.093750
0.250000
-0.093750
5.500000
0.300000
-0.000000
0.031250
-0.125000
0.500000
0.218750
1.000000
-0.093750
0.062500
2.500000
5.000000
0.031250
0.285714
-0.062500
-0.093750
0.031250
0.500000
0.142857
1.875000
-0.187500
-0.093750
-0.125000
0.000000
0.125000
3.000000
1.000000
-0.031250
1.000000
2.000000
0.500000
1.000000
2.000000
1.000000
3.000000
0.125000
2.000000
0.333333
0.500000
0.333333
-0.125000
-0.031250
0.093750
-0.093750
0.125000
0.093750
-0.125000
1.500000
-0.218750
4.000000
2.750000
-0.125000
0.500000
0.090909
3.000000
0.000000
0.250000
1.000000
3.000000
-0.062500
0.800000
0.066667
-0.062500
0.218750
1.000000
1.333333
1.166667
0.000000
0.000000
0.800000
0.125000
0.571429
-0.000000
2.200000
0.250000
2.000000
2.000000
1.000000
0.100000
0.600000
2.000000
0.093750
0.000000
-0.093750
0.000000
-0.031250
-0.000000
0.000000
2.500000
0.093750
1.000000
2.000000
0.250000
-0.281250
-0.187500
1.333333
0.666667
-0.031250
-0.062500
1.000000
2.000000
2.000000
0.062500
7.000000
1.400000
-0.093750
-0.156250
-0.281250
0.200000
0.218750
0.062500
0.000000
0.000000
0.062500
0.062500
-0.218750
4.000000
1.000000
0.000000
-0.281250
0.000000
-0.000000
1.500000
0.031250
5.000000
-0.000000
0.166667
0.156250
0.000000
0.031250
-0.156250
0.000000
-0.000000
1.000000
0.000000
0.200000
1.500000
0.500000
0.500000
0.600000
0.333333
-0.187500
-0.125000
1.666667
-0.000000
-0.406250
-0.062500
5.000000
-0.062500
-0.000000
0.062500
2.500000
0.125000
0.545455
0.000000
0.000000
0.000000
-0.187500
0.000000
4.000000
0.250000
0.218750
0.500000
-0.125000
0.500000
2.000000
-0.093750
0.166667
0.500000
0.250000
-0.000000
0.218750
-0.218750
1.333333
4.500000
-0.031250
0.187500
0.000000
0.750000
0.125000
0.031250
0.333333
0.093750
3.333333
2.000000
0.062500
0.625000
1.333333
1.600000
-0.062500
0.312500
0.000000
0.093750
0.000000
0.031250
-0.125000
0.800000
1.000000
-0.031250
0.250000
1.000000
0.600000
4.000000
1.000000
0.156250
-0.406250
1.250000
-0.031250
0.000000
0.666667
0.142857
1.000000
-0.031250
1.666667
1.000000
1.500000
0.000000
-0.187500
0.000000
-0.250000
0.000000
1.000000
0.156250
0.583333
0.333333
0.062500
0.250000
-0.062500
5.000000
0.312500
1.666667
0.937500
-0.125000
0.000000
0.093750
0.666667
1.000000
0.000000
6.000000
-0.125000
-0.000000
0.000000
1.333333
0.156250
-0.187500
-0.031250
2.000000
1.000000
0.000000
1.800000
0.250000
3.000000
-0.093750
0.031250
1.500000
0.000000
-0.062500
2.000000
0.062500
2.500000
0.125000
-0.187500
0.093750
0.333333
2.000000
-0.125000
-0.031250
1.000000
0.062500
-0.218750
0.000000
0.625000
0.000000
0.312500
0.000000
0.000000
0.031250
-0.156250
0.181818
-0.093750
-0.093750
-0.000000
1.562500
-0.125000
1.200000
1.666667
2.000000
-0.000000
0.333333
-0.156250
4.000000
-0.000000
-0.156250
1.000000
-0.125000
-0.218750
0.100000
0.125000
0.000000
0.062500
0.250000
0.250000
0.500000
-0.000000
0.750000
-0.093750
0.000000
0.800000
-0.000000
0.083333
0.000000
-0.250000
0.125000
-0.031250
1.562500
1.875000
0.093750
0.187500
-0.093750
2.000000
2.750000
-0.093750
0.428571
0.062500
5.000000
6.000000
0.666667
1.000000
-0.156250
0.031250
0.600000
0.500000
0.142857
0.666667
0.093750
-0.218750
0.750000
2.000000
0.400000
0.400000
1.000000
0.090909
0.312500
0.312500
0.200000
2.000000
0.625000
0.125000
1.666667
-0.031250
-0.031250
0.666667
2.000000
0.093750
-0.062500
-0.062500
0.093750
0.000000
0.000000
-0.000000
1.250000
0.666667
0.093750
0.062500
1.000000
-0.031250
-0.062500
1.000000
6.000000
-0.125000
-0.343750
0.800000
0.156250
0.093750
0.156250
0.125000
-0.125000
0.875000
-0.187500
-0.000000
0.093750
1.000000
-0.125000
-0.125000
1.333333
-0.250000
-0.093750
0.093750
1.000000
1.500000
0.125000
-0.125000
0.218750
0.400000
-0.031250
0.000000
-0.093750
0.000000
-0.000000
0.333333
0.187500
1.000000
0.062500
-0.000000
0.156250
1.500000
0.062500
0.000000
-0.125000
-0.250000
0.031250
2.000000
0.125000
1.000000
-0.187500
-0.031250
1.000000
0.666667
0.062500
0.750000
-0.031250
-0.062500
0.125000
0.062500
0.093750
-0.093750
1.000000
0.600000
-0.031250
0.031250
0.125000
0.800000
0.062500
1.250000
0.000000
-0.000000
-0.093750
2.812500
0.000000
0.250000
2.000000
0.125000
0.500000
0.093750
0.000000
-0.187500
-0.156250
0.750000
0.222222
0.818182
0.156250
0.333333
0.500000
0.062500
-0.125000
0.750000
0.062500
0.156250
-0.031250
0.500000
0.000000
1.000000
0.062500
3.000000
0.156250
-0.093750
0.000000
1.333333
0.000000
0.125000
0.093750
-0.281250
0.156250
-0.062500
0.093750
-0.031250
-0.062500
2.000000
1.000000
0.187500
0.062500
1.333333
0.333333
0.333333
0.281250
-0.062500
4.500000
0.062500
0.666667
0.285714
0.500000
0.400000
0.031250
3.000000
0.400000
3.000000
0.000000
2.000000
0.062500
0.000000
-0.000000
0.281250
0.031250
1.000000
-0.031250
3.000000
0.666667
0.125000
0.285714
-0.093750
-0.031250
-0.250000
-0.000000
-0.062500
4.000000
2.000000
-0.125000
0.571429
4.000000
0.142857
3.000000
-0.000000
0.156250
0.333333
0.093750
0.142857
-0.000000
-0.000000
0.333333
-0.218750
-0.031250
0.156250
1.333333
1.600000
0.333333
0.500000
0.500000
0.093750
1.666667
0.312500
1.500000
-0.125000
0.600000
0.333333
1.666667
0.000000
-0.093750
0.600000
0.125000
0.000000
0.375000
-0.093750
-0.031250
0.125000
0.062500
0.031250
0.093750
4.000000
3.500000
0.000000
5.000000
0.156250
0.062500
0.093750
0.281250
6.000000
0.000000
0.062500
-0.031250
2.500000
2.666667
4.000000
4.000000
0.200000
0.875000
-0.062500
1.000000
0.250000
0.000000
0.187500
-0.187500
-0.031250
-0.250000
0.250000
2.187500
0.200000
0.937500
0.000000
-0.000000
0.062500
0.187500
0.156250
0.000000
-0.218750
-0.125000
0.000000
0.555556
0.062500
0.333333
0.093750
-0.000000
1.000000
11.000000
0.250000
-0.031250
1.500000
-0.000000
0.333333
0.125000
-0.093750
0.218750
3.000000
0.166667
0.000000
0.142857
0.666667
-0.218750
-0.156250
-0.031250
1.666667
-0.031250
-0.031250
1.000000
0.125000
0.312500
0.031250
0.000000
0.333333
1.750000
0.156250
0.571429
3.500000
0.937500
0.000000
-0.031250
0.031250
0.142857
-0.000000
-0.062500
2.250000
1.333333
0.125000
0.218750
1.500000
7.000000
5.000000
-0.031250
0.156250
0.000000
0.500000
1.500000
0.125000
0.000000
2.000000
0.031250
1.000000
-0.062500
0.031250
-0.218750
6.000000
-0.156250
-0.062500
4.000000
0.093750
0.125000
3.000000
0.187500
1.111111
0.333333
-0.093750
0.000000
1.000000
2.000000
1.000000
-0.125000
-0.000000
-0.062500
0.500000
0.156250
0.156250
0.093750
-0.000000
2.500000
0.000000
-0.093750
-0.218750
0.125000
-0.125000
0.125000
0.187500
-0.093750
0.062500
-0.000000
0.312500
3.333333
0.500000
3.000000
0.666667
0.125000
0.000000
-0.093750
0.000000
0.625000
0.500000
0.156250
7.000000
0.000000
0.000000
0.125000
0.000000
-0.000000
0.200000
0.000000
-0.062500
0.187500
0.281250
1.000000
-0.062500
1.000000
-0.000000
1.000000
0.000000
0.333333
1.333333
0.375000
1.562500
2.000000
0.000000
2.000000
0.031250
0.937500
0.857143
2.812500
-0.062500
1.333333
6.000000
-0.156250
1.000000
0.000000
0.166667
3.000000
0.218750
0.031250
-0.093750
-0.093750
1.000000
-0.218750
0.666667
8.000000
0.125000
0.031250
0.500000
7.000000
-0.093750
0.093750
2.000000
-0.093750
0.937500
0.062500
0.500000
-0.218750
0.218750
0.250000
1.166667
0.600000
7.000000
1.000000
-0.031250
-0.156250
0.000000
0.093750
-0.218750
0.111111
3.500000
0.142857
1.000000
0.625000
0.666667
-0.093750
1.000000
0.285714
0.250000
-0.031250
0.187500
0.142857
0.093750
0.333333
0.714286
1.000000
1.562500
7.000000
0.333333
0.093750
0.400000
5.000000
0.333333
0.400000
0.156250
-0.187500
0.125000
0.000000
-0.062500
-0.062500
0.187500
0.218750
0.500000
1.400000
-0.031250
0.000000
1.333333
1.000000
1.500000
1.000000
2.000000
0.000000
0.750000
-0.031250
0.625000
-0.000000
-0.125000
0.857143
1.000000
0.625000
0.218750
0.000000
-0.062500
0.062500
1.000000
0.250000
0.187500
0.031250
0.937500
1.500000
0.125000
0.500000
-0.062500
0.000000
0.062500
1.000000
-0.250000
2.000000
0.600000
-0.125000
-0.125000
3.000000
1.250000
3.000000
0.000000
0.187500
0.600000
3.000000
1.875000
-0.156250
0.375000
0.062500
0.000000
1.666667
0.187500
1.000000
1.333333
3.000000
0.187500
0.000000
0.093750
1.400000
0.000000
-0.000000
-0.250000
1.333333
5.000000
0.031250
0.333333
-0.062500
0.857143
0.093750
2.333333
0.833333
1.250000
2.000000
-0.000000
0.125000
0.400000
-0.000000
1.250000
0.218750
3.500000
4.000000
0.500000
0.062500
-0.187500
0.833333
0.062500
-0.000000
1.600000
-0.062500
0.093750
-0.031250
0.750000
-0.218750
0.156250
0.666667
0.200000
0.000000
5.000000
-0.062500
0.250000
-0.031250
-0.000000
0.250000
0.444444
0.500000
0.000000
-0.093750
0.200000
0.281250
-0.000000
0.111111
0.062500
0.000000
1.333333
0.000000
0.125000
0.428571
2.500000
1.000000
0.093750
-0.062500
0.666667
0.500000
0.625000
0.187500
2.000000
2.000000
0.000000
0.750000
1.000000
0.000000
-0.125000
1.500000
0.000000
2.000000
0.187500
0.156250
1.500000
3.000000
1.250000
2.500000
0.250000
0.093750
0.187500
0.800000
-0.062500
0.000000
0.833333
0.062500
0.166667
0.285714
0.093750
1.000000
1.000000
0.625000
0.000000
0.333333
1.500000
0.000000
-0.093750
0.250000
0.500000
0.800000
0.000000
0.800000
0.093750
0.031250
-0.125000
0.125000
1.000000
0.031250
-0.125000
-0.000000
1.000000
2.000000
0.714286
0.062500
1.400000
-0.093750
0.093750
2.000000
0.125000
0.125000
0.125000
1.000000
2.000000
0.000000
-0.062500
0.000000
0.031250
1.000000
1.000000
0.937500
0.333333
2.000000
7.000000
-0.031250
0.218750
0.500000
-0.250000
4.000000
2.000000
0.571429
4.000000
0.750000
2.000000
-0.031250
-0.031250
0.000000
-0.375000
0.312500
0.156250
0.125000
1.000000
0.000000
0.062500
3.000000
-0.000000
0.444444
0.031250
1.666667
-0.125000
0.125000
0.000000
0.000000
0.062500
3.000000
1.000000
2.500000
0.125000
3.000000
0.666667
0.156250
0.312500
-0.000000
0.031250
0.625000
0.250000
0.285714
0.500000
-0.062500
-0.062500
0.000000
0.000000
-0.031250
0.333333
-0.031250
2.250000
1.000000
0.937500
1.000000
1.000000
0.000000
-0.031250
-0.000000
0.750000
-0.312500
-0.093750
0.218750
-0.125000
0.312500
2.000000
0.250000
1.000000
0.400000
0.093750
-0.187500
0.937500
0.156250
0.200000
2.500000
0.857143
2.000000
0.125000
0.000000
0.156250
0.285714
-0.031250
0.062500
0.500000
0.333333
0.125000
0.312500
0.285714
-0.000000
-0.093750
-0.031250
0.312500
-0.062500
0.031250
0.750000
0.187500
1.400000
0.000000
-0.062500
6.000000
0.000000
4.000000
0.031250
0.000000
1.500000
-0.000000
0.031250
0.666667
0.031250
1.666667
0.500000
3.500000
1.000000
-0.000000
-0.156250
1.562500
-0.093750
-0.156250
0.200000
0.888889
0.500000
-0.156250
-0.187500
-0.125000
-0.125000
-0.250000
9.000000
0.000000
1.500000
-0.156250
0.093750
3.000000
0.250000
-0.093750
0.062500
0.062500
-0.250000
0.142857
0.093750
0.031250
3.000000
0.000000
0.000000
0.000000
-0.093750
0.125000
0.750000
0.000000
1.600000
0.062500
0.000000
2.000000
0.750000
0.363636
1.250000
0.000000
-0.031250
-0.000000
1.000000
0.200000
0.625000
0.400000
-0.125000
1.000000
0.125000
0.000000
0.285714
0.500000
2.000000
0.062500
4.000000
0.444444
-0.125000
0.062500
1.000000
0.062500
-0.000000
1.000000
-0.031250
0.312500
0.000000
-0.062500
0.281250
1.666667
0.000000
0.800000
-0.093750
1.250000
-0.062500
1.000000
1.428571
0.000000
0.062500
0.125000
-0.062500
1.500000
-0.187500
1.500000
0.000000
1.000000
1.000000
0.062500
0.333333
1.000000
1.200000
0.333333
-0.062500
-0.093750
1.500000
0.400000
2.000000
0.156250
1.000000
0.333333
4.000000
0.218750
0.062500
0.093750
-0.125000
0.031250
-0.062500
0.000000
0.428571
2.000000
-0.125000
0.093750
2.000000
2.000000
1.000000
1.250000
0.343750
1.333333
0.343750
1.500000
0.062500
11.000000
0.093750
1.000000
-0.062500
-0.281250
0.062500
1.250000
-0.062500
0.571429
0.000000
3.000000
2.500000
0.031250
0.093750
2.000000
-0.156250
0.031250
-0.031250
2.000000
0.156250
0.000000
0.062500
0.093750
-0.062500
0.000000
-0.093750
0.187500
0.031250
0.000000
1.250000
0.125000
0.156250
-0.031250
1.000000
1.000000
0.625000
1.000000
1.250000
0.000000
0.000000
0.156250
0.000000
1.000000
0.666667
0.333333
-0.125000
-0.000000
0.000000
-0.125000
3.000000
-0.187500
0.000000
1.000000
0.625000
-0.062500
-0.187500
1.500000
0.333333
0.200000
1.000000
-0.062500
1.500000
1.250000
-0.093750
0.090909
-0.343750
0.833333
0.000000
2.750000
2.000000
0.250000
1.000000
-0.000000
0.375000
1.333333
0.031250
0.062500
0.250000
0.857143
0.000000
0.062500
6.000000
0.400000
0.333333
-0.156250
0.000000
0.062500
0.750000
0.156250
5.000000
-0.156250
0.142857
0.125000
0.000000
0.312500
7.000000
0.500000
2.000000
0.166667
0.285714
0.125000
0.714286
0.714286
2.250000
