2.333333
2.000000
0.666667
4.000000
0.333333
8.000000
2.000000
2.812500
1.500000
1.000000
4.000000
2.000000
7.000000
0.600000
1.000000
0.500000
1.500000
0.031250
0.156250
0.500000
0.312500
9.000000
0.666667
2.000000
1.000000
1.000000
6.000000
0.281250
0.750000
3.000000
1.562500
1.875000
1.000000
0.600000
1.250000
2.000000
3.000000
0.093750
5.000000
3.000000
1.333333
1.750000
3.000000
2.000000
4.000000
0.031250
3.500000
3.000000
2.000000
0.333333
8.000000
1.000000
1.250000
0.093750
-0.000000
2.000000
2.500000
3.000000
1.000000
3.000000
1.500000
1.666667
0.125000
3.333333
0.400000
0.500000
2.000000
2.500000
2.000000
3.500000
1.000000
2.000000
0.333333
1.666667
3.500000
1.666667
1.333333
0.333333
1.666667
4.000000
2.000000
2.000000
2.000000
4.000000
1.250000
0.333333
1.666667
1.500000
0.666667
1.500000
0.187500
2.000000
2.000000
2.000000
0.750000
3.000000
0.166667
0.156250
8.000000
3.000000
0.250000
3.000000
1.333333
0.218750
0.166667
6.000000
1.875000
1.666667
1.666667
3.500000
1.666667
0.600000
0.333333
3.000000
2.500000
2.000000
4.000000
1.000000
0.428571
0.281250
3.500000
1.500000
0.125000
-0.031250
4.000000
0.625000
3.000000
1.333333
0.400000
1.250000
1.250000
4.000000
1.562500
0.250000
2.000000
0.312500
2.333333
1.000000
1.000000
3.000000
0.500000
1.250000
1.500000
10.000000
4.000000
0.250000
1.000000
2.500000
3.000000
0.312500
0.333333
11.000000
4.500000
0.312500
1.000000
4.000000
1.333333
1.000000
2.000000
1.666667
2.500000
0.937500
0.666667
6.000000
1.000000
2.000000
4.000000
1.250000
4.000000
3.500000
0.500000
1.333333
4.000000
2.000000
3.000000
2.500000
2.000000
2.400000
1.250000
5.000000
4.500000
0.600000
0.500000
0.666667
7.000000
0.800000
1.333333
3.000000
9.000000
1.250000
0.125000
3.000000
2.000000
0.800000
0.093750
2.333333
1.500000
1.600000
1.000000
1.000000
0.428571
1.500000
2.812500
6.000000
1.000000
0.750000
4.000000
5.000000
4.000000
4.000000
1.000000
2.000000
1.500000
6.000000
1.750000
0.312500
2.000000
1.000000
1.333333
0.500000
1.750000
0.375000
4.000000
2.000000
0.600000
0.312500
0.125000
1.000000
1.000000
0.500000
2.500000
0.500000
1.562500
1.000000
0.750000
0.218750
0.500000
4.000000
1.000000
3.000000
1.000000
1.875000
2.500000
4.000000
8.000000
1.000000
1.250000
9.000000
0.333333
5.000000
0.500000
0.500000
1.000000
0.156250
2.500000
5.000000
0.600000
1.000000
11.000000
11.000000
3.000000
0.666667
0.333333
4.000000
1.000000
2.000000
0.600000
1.000000
2.750000
0.937500
2.000000
0.666667
1.000000
2.000000
1.562500
3.000000
1.166667
1.000000
2.000000
9.000000
0.312500
0.333333
1.333333
1.000000
1.000000
1.250000
1.000000
0.400000
4.000000
1.000000
0.062500
1.142857
2.000000
4.000000
2.500000
1.200000
1.000000
3.000000
0.333333
0.000000
6.000000
0.625000
5.000000
0.062500
1.000000
0.375000
5.000000
3.000000
4.000000
3.000000
4.500000
2.000000
1.000000
0.666667
1.500000
4.000000
3.000000
1.250000
0.625000
0.000000
0.200000
2.500000
0.500000
2.000000
0.833333
9.000000
4.000000
2.000000
2.000000
2.187500
0.500000
2.187500
2.000000
3.000000
0.750000
5.000000
0.281250
1.000000
2.000000
2.000000
2.000000
2.500000
0.333333
3.000000
1.666667
5.000000
0.125000
2.000000
1.666667
0.625000
1.000000
1.875000
3.333333
0.666667
10.000000
1.333333
0.666667
4.000000
0.125000
0.031250
0.333333
1.000000
1.800000
1.250000
2.250000
0.156250
5.000000
2.000000
0.600000
1.000000
0.857143
0.156250
8.000000
0.428571
2.000000
0.187500
0.500000
11.000000
2.333333
4.000000
4.000000
1.500000
2.000000
3.000000
1.500000
1.875000
0.285714
0.500000
6.000000
2.000000
4.500000
7.000000
2.250000
0.500000
1.000000
0.500000
1.000000
1.562500
0.625000
0.333333
