0.156250
0.093750
0.666667
0.333333
-0.062500
0.500000
4.000000
0.062500
0.333333
0.250000
0.281250
2.333333
2.000000
0.000000
0.222222
0.666667
1.333333
0.031250
-0.031250
-0.312500
-0.125000
8.000000
-0.312500
2.000000
0.250000
0.000000
1.500000
-0.000000
1.000000
0.333333
0.062500
-0.093750
0.000000
0.125000
0.625000
2.812500
0.031250
0.500000
1.000000
0.000000
0.000000
4.000000
2.000000
-0.093750
7.000000
3.000000
0.600000
0.000000
0.187500
0.500000
0.156250
0.312500
0.600000
-0.093750
0.625000
0.125000
0.200000
0.000000
0.000000
1.000000
0.500000
0.000000
0.125000
-0.125000
-0.000000
0.031250
0.000000
0.156250
0.500000
0.375000
0.156250
-0.062500
0.218750
1.500000
-0.000000
-0.031250
0.062500
-0.000000
-0.062500
0.500000
-0.093750
0.312500
9.000000
0.937500
-0.093750
0.666667
2.000000
0.000000
1.000000
0.500000
0.281250
-0.156250
2.000000
0.000000
0.218750
0.031250
0.000000
-0.031250
0.062500
0.333333
-0.281250
0.500000
-0.031250
0.187500
0.281250
-0.062500
-0.187500
0.031250
3.000000
0.093750
0.333333
1.000000
6.000000
0.000000
0.062500
-0.000000
0.750000
0.625000
0.031250
0.031250
0.666667
0.000000
0.333333
1.875000
1.000000
-0.125000
-0.187500
0.031250
-0.125000
1.250000
-0.187500
1.562500
1.000000
0.937500
-0.000000
0.093750
0.500000
0.600000
-0.000000
-0.093750
-0.031250
2.000000
-0.062500
1.000000
-0.000000
-0.000000
-0.000000
5.000000
0.333333
0.500000
0.000000
0.750000
3.000000
-0.031250
0.093750
0.062500
0.937500
1.666667
0.800000
3.000000
1.000000
1.333333
0.125000
-0.125000
0.000000
0.031250
-0.125000
2.000000
0.333333
4.000000
-0.031250
1.000000
1.750000
1.666667
0.031250
3.000000
1.333333
-0.125000
-0.000000
1.000000
-0.000000
0.031250
0.200000
-0.031250
0.200000
1.750000
-0.000000
2.000000
0.218750
-0.062500
-0.000000
-0.187500
0.000000
3.500000
3.000000
0.125000
-0.031250
0.187500
0.125000
0.333333
1.000000
8.000000
0.031250
1.000000
-0.187500
1.250000
0.093750
0.062500
-0.000000
0.000000
-0.125000
-0.000000
1.000000
-0.000000
0.312500
0.062500
0.062500
0.031250
-0.218750
0.000000
0.500000
-0.093750
1.250000
2.500000
3.000000
0.000000
1.000000
-0.031250
3.000000
0.125000
0.937500
2.000000
0.031250
2.000000
-0.093750
1.875000
0.156250
0.285714
0.031250
0.500000
1.500000
0.312500
1.666667
-0.187500
-0.093750
0.125000
0.250000
3.333333
0.400000
0.312500
0.062500
1.000000
0.200000
-0.187500
0.000000
-0.156250
0.000000
-0.187500
0.312500
-0.187500
0.000000
0.500000
0.333333
0.000000
0.093750
0.125000
2.000000
0.312500
0.156250
3.500000
-0.093750
-0.000000
0.062500
2.000000
-0.000000
2.500000
0.250000
0.281250
0.428571
0.218750
0.250000
-0.000000
0.250000
1.250000
-0.000000
-0.281250
-0.218750
1.666667
2.000000
3.500000
1.000000
0.031250
0.062500
2.000000
0.062500
0.333333
0.500000
1.000000
0.000000
0.142857
0.000000
-0.093750
1.333333
1.000000
0.333333
-0.000000
0.285714
1.666667
-0.156250
0.000000
0.166667
1.666667
0.312500
0.000000
0.000000
-0.000000
1.200000
-0.000000
1.500000
4.000000
0.285714
2.000000
-0.000000
2.000000
2.000000
-0.093750
0.062500
3.000000
0.000000
0.600000
-0.156250
0.187500
-0.031250
-0.062500
-0.250000
-0.062500
2.000000
4.000000
1.250000
0.093750
-0.000000
-0.218750
0.600000
0.500000
1.500000
-0.250000
0.285714
0.428571
-0.125000
1.285714
0.333333
-0.218750
-0.156250
1.666667
0.093750
-0.062500
0.666667
0.031250
1.500000
0.062500
-0.093750
0.031250
2.000000
0.062500
0.062500
0.312500
0.000000
2.000000
0.750000
0.600000
0.187500
0.031250
0.000000
0.031250
0.800000
2.000000
0.281250
-0.000000
-0.187500
-0.031250
3.000000
0.200000
0.166667
-0.062500
0.000000
-0.031250
-0.093750
4.000000
-0.031250
3.000000
0.333333
0.375000
0.000000
-0.000000
0.031250
0.156250
2.000000
8.000000
2.500000
1.000000
-0.062500
0.000000
3.000000
0.937500
0.571429
1.333333
0.156250
0.218750
-0.125000
0.166667
0.250000
-0.125000
0.125000
0.937500
0.428571
-0.187500
0.000000
-0.093750
-0.156250
0.142857
6.000000
-0.093750
1.875000
-0.062500
1.000000
1.000000
1.666667
0.062500
0.031250
1.600000
0.000000
0.156250
-0.218750
1.222222
1.000000
1.666667
1.250000
-0.125000
3.500000
-0.093750
0.000000
1.666667
0.600000
-0.031250
-0.187500
0.333333
0.250000
1.000000
-0.000000
0.000000
0.000000
0.750000
0.000000
0.222222
-0.187500
0.093750
0.200000
3.000000
2.500000
0.937500
2.000000
0.500000
0.000000
-0.281250
1.000000
0.714286
0.428571
-0.093750
0.093750
-0.156250
2.000000
0.093750
4.000000
1.562500
-0.062500
-0.031250
0.250000
0.000000
0.281250
0.250000
0.062500
3.500000
1.500000
-0.125000
0.125000
0.125000
-0.125000
-0.156250
1.500000
0.600000
-0.062500
0.000000
0.500000
0.000000
0.000000
0.000000
-0.062500
-0.031250
0.500000
4.000000
0.000000
-0.187500
0.937500
3.000000
0.428571
-0.125000
0.333333
0.062500
1.142857
0.062500
0.062500
0.625000
0.500000
0.400000
1.333333
0.093750
0.400000
0.062500
0.156250
1.250000
0.093750
0.031250
4.000000
-0.187500
-0.187500
0.000000
0.062500
-0.093750
2.000000
-0.031250
0.093750
1.250000
0.333333
0.333333
0.062500
1.562500
0.031250
0.250000
0.500000
-0.343750
0.187500
0.062500
-0.406250
0.000000
-0.156250
0.093750
0.200000
1.000000
0.000000
0.062500
-0.250000
0.312500
2.333333
0.062500
1.000000
0.000000
-0.000000
-0.062500
3.000000
0.833333
-0.000000
0.031250
-0.031250
0.625000
0.000000
1.500000
0.000000
-0.031250
4.000000
2.000000
-0.000000
0.500000
0.600000
1.250000
0.093750
-0.093750
7.000000
10.000000
0.666667
0.156250
0.062500
-0.000000
-0.093750
-0.031250
0.666667
1.000000
1.750000
0.062500
-0.093750
-0.125000
0.250000
-0.000000
-0.031250
1.000000
2.500000
0.937500
3.000000
2.000000
0.312500
0.062500
0.125000
-0.093750
5.000000
0.125000
0.500000
0.125000
-0.093750
-0.062500
0.750000
0.200000
-0.031250
0.333333
11.000000
0.000000
2.500000
4.500000
-0.000000
0.312500
-0.031250
1.000000
1.500000
0.142857
1.333333
0.666667
0.500000
0.500000
2.000000
0.000000
-0.062500
1.666667
0.625000
4.000000
-0.187500
-0.343750
1.000000
-0.062500
0.000000
0.333333
-0.187500
1.200000
2.000000
2.500000
0.937500
-0.125000
-0.125000
-0.000000
0.250000
6.000000
-0.125000
0.125000
0.031250
1.000000
0.281250
-0.062500
-0.000000
0.666667
-0.093750
-0.125000
0.285714
1.000000
-0.062500
1.000000
4.000000
0.500000
0.500000
-0.156250
0.000000
0.500000
0.666667
1.666667
2.000000
0.093750
0.200000
0.187500
1.250000
-0.062500
-0.062500
4.000000
-0.156250
3.500000
0.166667
0.500000
1.333333
-0.031250
0.666667
0.200000
2.000000
-0.156250
0.555556
0.571429
0.500000
0.000000
0.125000
0.031250
4.000000
4.000000
-0.187500
0.000000
0.200000
3.000000
-0.125000
2.500000
0.750000
2.000000
0.400000
2.000000
1.250000
0.500000
-0.093750
0.093750
0.000000
-0.031250
0.093750
1.400000
2.400000
2.000000
1.000000
0.333333
0.000000
5.000000
4.500000
4.000000
0.312500
0.333333
0.500000
-0.093750
0.250000
-0.093750
-0.093750
1.000000
0.600000
0.062500
0.600000
0.125000
-0.156250
-0.000000
0.666667
0.000000
1.000000
7.000000
0.187500
-0.000000
0.500000
0.285714
-0.000000
0.062500
0.000000
9.000000
1.000000
-0.062500
0.333333
0.800000
-0.000000
1.333333
3.000000
0.250000
2.000000
0.062500
1.000000
1.250000
-0.031250
0.125000
0.625000
-0.187500
0.062500
2.000000
0.800000
-0.062500
-0.156250
-0.093750
-0.093750
-0.031250
1.000000
3.000000
-0.031250
0.031250
0.571429
-0.031250
0.000000
0.093750
-0.156250
-0.093750
0.062500
-0.031250
0.000000
0.000000
0.156250
-0.187500
0.250000
-0.125000
0.000000
2.333333
1.000000
1.500000
-0.000000
1.600000
-0.062500
1.000000
0.062500
1.000000
0.250000
-0.000000
0.156250
-0.093750
-0.000000
0.333333
0.000000
0.218750
0.031250
0.031250
0.312500
0.428571
1.500000
-0.218750
-0.093750
2.812500
6.000000
1.000000
1.000000
0.666667
0.093750
0.000000
-0.281250
1.333333
0.000000
5.000000
-0.062500
0.062500
-0.062500
-0.062500
0.031250
0.750000
4.000000
-0.187500
0.333333
1.562500
4.000000
0.666667
4.000000
0.156250
-0.000000
1.000000
2.000000
0.000000
0.000000
1.500000
0.937500
-0.062500
1.750000
-0.062500
0.000000
0.750000
0.000000
0.093750
-0.125000
0.000000
0.300000
6.000000
0.000000
1.750000
-0.000000
0.031250
0.250000
2.000000
0.281250
1.000000
0.125000
-0.031250
-0.125000
-0.062500
0.312500
-0.156250
0.200000
-0.125000
0.625000
0.156250
1.333333
-0.000000
0.500000
-0.250000
0.250000
0.714286
0.375000
0.312500
0.125000
0.142857
-0.031250
0.125000
0.000000
0.062500
0.800000
1.750000
0.187500
-0.093750
-0.062500
4.000000
2.000000
0.187500
-0.031250
0.600000
0.156250
0.312500
-0.156250
0.125000
0.031250
0.857143
0.000000
-0.187500
0.500000
0.500000
-0.031250
0.125000
-0.156250
-0.156250
1.000000
-0.062500
1.000000
-0.000000
0.000000
0.093750
-0.031250
0.400000
-0.000000
0.250000
0.031250
1.562500
-0.125000
1.000000
0.285714
0.333333
-0.218750
2.500000
0.500000
0.250000
1.000000
-0.031250
0.000000
-0.125000
-0.031250
0.750000
-0.312500
0.093750
0.500000
-0.000000
3.125000
1.000000
1.000000
0.062500
0.250000
-0.125000
0.125000
0.218750
0.125000
0.000000
4.000000
0.093750
0.428571
0.125000
2.000000
3.000000
0.166667
0.062500
-0.031250
0.218750
1.500000
1.000000
0.000000
4.000000
0.093750
0.187500
1.000000
-0.031250
0.062500
1.875000
0.500000
2.500000
0.125000
0.062500
8.000000
0.000000
0.031250
0.888889
-0.000000
0.333333
0.031250
1.666667
0.333333
-0.093750
-0.000000
5.000000
1.000000
0.000000
1.250000
0.187500
9.000000
2.000000
0.000000
0.031250
0.666667
0.625000
0.031250
0.222222
0.062500
0.500000
0.000000
0.250000
-0.000000
0.125000
-0.031250
0.833333
0.500000
0.031250
-0.093750
0.062500
0.333333
1.000000
-0.187500
0.156250
0.800000
2.500000
1.666667
5.000000
0.600000
0.062500
-0.031250
-0.093750
11.000000
0.093750
0.500000
0.400000
0.187500
1.000000
0.093750
0.031250
0.062500
1.000000
1.875000
-0.156250
-0.031250
11.000000
0.000000
0.062500
0.666667
0.000000
0.031250
0.093750
2.000000
0.062500
1.000000
0.500000
0.000000
3.000000
0.333333
-0.125000
0.333333
0.000000
4.000000
0.333333
-0.062500
0.666667
1.000000
1.875000
0.000000
-0.031250
-0.031250
1.000000
2.750000
-0.000000
0.500000
0.312500
2.000000
0.312500
0.600000
-0.218750
0.000000
0.031250
0.500000
0.000000
-0.000000
0.937500
0.031250
0.500000
0.500000
0.666667
1.000000
0.093750
1.000000
-0.000000
-0.062500
0.666667
1.750000
2.000000
0.000000
0.636364
-0.187500
0.222222
0.187500
2.000000
1.562500
1.562500
-0.156250
3.000000
-0.125000
0.000000
0.000000
-0.031250
0.218750
0.666667
2.000000
9.000000
1.200000
1.166667
1.166667
0.125000
1.000000
-0.000000
2.000000
1.333333
2.000000
0.400000
0.062500
0.250000
-0.156250
0.312500
1.000000
-0.031250
-0.062500
0.666667
1.000000
1.000000
0.312500
-0.156250
0.333333
-0.093750
1.333333
0.093750
1.000000
1.000000
0.031250
-0.031250
0.000000
0.031250
-0.093750
0.187500
0.400000
0.187500
0.250000
4.000000
0.093750
-0.250000
1.250000
0.000000
1.000000
-0.125000
-0.218750
0.285714
0.166667
1.500000
1.000000
0.428571
0.031250
0.062500
0.187500
1.142857
0.125000
2.000000
0.218750
4.000000
-0.281250
1.250000
-0.156250
0.031250
-0.156250
0.062500
-0.000000
-0.062500
0.000000
0.031250
-0.062500
2.500000
0.000000
1.200000
1.000000
0.156250
0.714286
3.000000
0.156250
0.125000
-0.062500
0.000000
0.750000
0.000000
0.555556
-0.093750
1.750000
-0.125000
0.333333
0.218750
-0.062500
-0.093750
-0.031250
1.250000
0.031250
-0.031250
5.000000
3.500000
-0.000000
0.062500
-0.312500
-0.093750
6.000000
0.000000
0.625000
0.000000
0.093750
1.500000
0.031250
-0.156250
-0.156250
1.000000
-0.218750
0.375000
-0.000000
-0.187500
0.093750
0.250000
4.000000
0.625000
3.000000
-0.031250
-0.187500
0.031250
5.000000
0.200000
3.000000
0.600000
0.125000
-0.125000
0.000000
1.000000
1.000000
4.500000
0.031250
0.125000
0.666667
1.000000
0.187500
0.666667
0.857143
-0.000000
-0.031250
0.093750
2.000000
-0.125000
-0.125000
0.333333
0.444444
0.400000
0.333333
1.500000
0.400000
0.666667
-0.031250
0.156250
0.187500
0.125000
0.625000
0.000000
-0.062500
-0.156250
1.800000
4.000000
3.000000
-0.187500
1.250000
0.000000
0.600000
0.000000
0.000000
0.000000
-0.156250
0.200000
2.000000
0.125000
0.250000
0.031250
0.000000
2.000000
0.833333
0.031250
0.000000
0.062500
0.125000
2.500000
0.156250
0.500000
0.375000
-0.250000
0.142857
0.031250
0.600000
4.000000
0.200000
2.000000
0.031250
-0.000000
0.125000
2.000000
0.666667
0.600000
-0.187500
9.000000
4.000000
0.333333
0.500000
2.000000
0.000000
-0.000000
2.187500
0.937500
-0.031250
0.500000
1.000000
2.187500
0.500000
0.031250
0.093750
1.000000
0.750000
0.187500
0.031250
0.400000
-0.062500
0.187500
-0.031250
2.000000
3.000000
0.166667
0.333333
0.125000
5.000000
-0.000000
0.281250
0.093750
1.000000
0.093750
2.000000
-0.062500
2.000000
0.000000
-0.062500
-0.281250
0.156250
0.000000
-0.031250
0.062500
0.031250
1.250000
1.000000
-0.125000
0.000000
0.218750
-0.000000
2.500000
0.000000
0.187500
3.000000
0.062500
1.666667
0.272727
2.000000
-0.093750
-0.156250
1.875000
-0.031250
0.333333
0.000000
1.000000
-0.000000
0.187500
0.000000
0.000000
0.000000
0.125000
2.000000
1.200000
1.666667
0.125000
0.625000
0.218750
5.000000
0.093750
-0.125000
0.000000
0.333333
2.000000
0.200000
0.000000
0.375000
0.031250
0.333333
0.031250
0.937500
-0.000000
-0.125000
3.000000
0.285714
-0.000000
1.000000
2.812500
0.250000
1.000000
-0.031250
1.875000
0.500000
3.333333
0.666667
0.312500
10.000000
0.500000
0.000000
-0.000000
-0.187500
0.666667
0.625000
0.000000
0.125000
0.000000
-0.000000
0.000000
0.093750
1.333333
-0.062500
0.333333
0.400000
4.000000
0.125000
0.000000
0.000000
0.031250
0.125000
0.000000
-0.031250
1.000000
1.800000
0.000000
0.031250
0.166667
2.250000
0.093750
0.333333
-0.218750
1.000000
0.000000
1.666667
1.200000
1.250000
-0.062500
0.093750
0.454545
0.062500
0.156250
0.062500
0.125000
1.000000
0.200000
-0.187500
-0.187500
1.000000
-0.156250
-0.125000
0.093750
5.000000
-0.093750
2.000000
0.000000
0.600000
-0.125000
0.031250
0.031250
-0.093750
-0.093750
0.156250
-0.187500
0.000000
8.000000
0.187500
0.428571
2.000000
0.000000
0.000000
0.857143
-0.218750
-0.000000
3.000000
0.218750
0.142857
-0.031250
0.187500
0.166667
0.062500
0.187500
0.500000
0.187500
0.666667
11.000000
0.031250
1.000000
-0.031250
-0.093750
0.000000
-0.156250
-0.062500
-0.000000
0.937500
0.714286
0.093750
2.333333
-0.062500
4.000000
4.000000
-0.062500
-0.125000
-0.093750
0.062500
2.000000
-0.062500
1.333333
-0.031250
0.312500
0.666667
-0.000000
-0.093750
1.500000
0.062500
-0.000000
3.000000
0.600000
1.500000
-0.000000
1.875000
0.250000
0.031250
0.125000
0.200000
0.156250
2.000000
0.000000
2.000000
-0.156250
1.750000
-0.187500
0.000000
0.285714
0.500000
-0.000000
6.000000
-0.031250
-0.062500
0.000000
0.218750
4.000000
2.500000
7.000000
2.250000
0.250000
0.500000
0.125000
0.125000
-0.062500
4.500000
1.500000
3.000000
0.000000
1.500000
0.031250
0.500000
0.333333
0.156250
1.000000
-0.062500
0.500000
0.062500
0.625000
1.562500
0.500000
-0.031250
0.625000
-0.000000
0.333333
0.156250
0.218750
0.156250
1.000000
-0.093750
0.031250
0.093750
-0.218750
-0.000000
-0.062500
