-0.156250
0.500000
0.625000
0.250000
1.500000
-0.156250
-0.000000
0.062500
-0.187500
0.000000
0.125000
0.031250
0.031250
2.500000
0.093750
0.125000
-0.312500
0.062500
8.000000
1.333333
-0.125000
-0.093750
1.000000
-0.062500
0.000000
0.062500
-0.062500
-0.000000
0.031250
0.000000
0.500000
0.500000
-0.093750
0.031250
-0.062500
0.333333
0.125000
4.000000
0.062500
4.000000
-0.125000
0.000000
0.200000
0.000000
0.093750
-0.093750
0.142857
0.285714
0.500000
1.000000
3.000000
0.000000
0.062500
0.093750
0.062500
0.062500
0.125000
-0.000000
0.093750
0.400000
1.000000
0.750000
1.000000
2.250000
0.031250
0.200000
-0.156250
1.333333
0.156250
-0.156250
1.500000
0.093750
0.031250
0.125000
-0.125000
2.000000
0.000000
0.031250
4.000000
0.031250
1.833333
0.600000
0.218750
-0.000000
0.031250
1.250000
1.000000
-0.250000
-0.062500
-0.000000
-0.062500
-0.062500
0.062500
0.400000
0.000000
0.031250
0.125000
0.000000
2.400000
0.285714
0.937500
-0.000000
1.000000
0.062500
0.031250
3.000000
0.125000
-0.093750
0.062500
0.000000
0.200000
5.000000
0.250000
0.666667
-0.156250
0.250000
-0.156250
0.031250
1.666667
2.333333
