0.507047
0.533673
0.478594
0.518750
0.503166
0.524134
0.487889
0.475028
0.488561
0.478270
0.476177
0.479264
0.491961
0.484367
0.458154
0.476236
0.456588
0.450219
0.448932
0.471274
0.432344
0.452741
0.444366
0.465401
0.453534
0.470311
0.455283
0.438890
0.429464
0.432639
0.419822
0.439062
0.441765
0.432170
0.421298
0.422177
0.416962
0.428476
0.444027
0.405671
0.426304
0.411015
0.405058
0.386034
0.414626
0.381935
0.386966
0.399770
0.399307
0.387934
0.379474
0.363904
0.368679
0.380170
0.374819
0.378407
0.345262
0.358602
0.358483
0.352621
0.367000
0.348617
0.349180
0.339605
0.371610
0.343572
0.340124
0.354458
0.336629
0.328982
0.331422
0.332914
0.318712
0.320327
0.325711
0.336857
0.331194
0.303684
0.319496
0.325158
0.322876
0.319364
0.310772
0.311460
0.313542
0.303036
0.297127
0.296694
0.292194
0.305006
0.300489
0.286988
0.289690
0.272214
0.286794
0.290980
0.272639
0.280384
0.272138
0.282379
0.267996
0.273898
0.256347
0.262167
0.274248
0.260558
0.261118
0.266755
0.262348
0.249815
0.245464
0.245542
0.250052
0.248909
0.248188
0.245323
0.238893
0.240701
0.241200
0.240126
0.228441
0.225896
0.228493
0.221811
0.220904
0.226228
0.226720
0.210543
0.210873
0.223902
0.214707
0.207743
0.216019
0.212034
0.219572
0.221972
0.202362
0.204436
0.198545
0.207036
0.205332
0.191445
0.198495
0.195514
0.194235
0.200013
0.190311
0.181725
0.186627
0.185786
0.190191
0.177315
0.171597
0.178124
0.174733
0.174115
0.164895
0.166098
0.160134
0.167955
0.164363
0.160906
0.158970
0.168212
0.159203
0.156762
0.160791
0.157786
0.152041
0.156140
0.152247
0.149930
0.149875
0.147428
0.140729
0.139466
0.146982
0.135017
0.131158
0.138341
0.135791
0.132760
0.134673
0.132462
0.129838
0.126867
0.126077
0.128882
0.124711
0.125654
0.126079
0.121674
0.113305
0.113938
0.115158
0.112893
0.112587
0.107466
0.111158
0.110801
0.108305
0.107664
0.105287
0.102281
0.103095
0.105959
0.098299
0.101080
0.099201
0.098243
0.096889
0.090815
0.093731
0.094189
0.092471
0.085566
0.082788
0.089153
0.086053
0.084361
0.083928
0.081711
0.082224
0.084483
0.079039
0.079509
0.076276
0.078013
0.073439
0.070580
0.074677
0.071542
0.067341
0.066034
0.068851
0.066283
0.067018
0.063708
0.062006
0.065107
0.061637
0.060597
0.060769
0.059086
0.056534
0.058805
0.055741
0.054575
0.055462
0.052355
0.052976
0.051286
0.051327
0.047265
0.046682
0.047366
0.045181
0.043793
0.043477
0.044038
0.042239
0.040185
0.040838
0.038570
0.038222
0.038398
0.037114
0.036296
0.034644
0.035138
0.033809
0.031763
0.030825
0.030544
0.028548
0.029125
0.026961
0.027390
0.024059
0.024082
0.024042
0.022388
0.022014
0.020872
0.019390
0.018630
0.018603
0.017916
0.016076
0.016360
0.014445
0.013211
0.012732
0.011346
0.010313
0.009145
0.008075
0.006593
0.004619
0.000000
0.004344
0.006079
0.007745
0.008719
0.009921
0.010717
0.011046
0.012084
0.012963
0.013729
0.014324
0.014877
0.015487
0.015422
0.017445
0.017009
0.017957
0.017430
0.018307
0.018591
0.019024
0.019484
0.020216
0.020049
0.020381
0.021595
0.021122
0.022532
0.022087
0.023121
0.022598
0.023008
0.023904
0.023228
0.023357
0.024454
0.024619
0.024341
0.024254
0.025090
0.025624
0.025706
0.024883
0.025344
0.025066
0.025879
0.026972
0.027453
0.027226
0.027308
0.026293
0.027789
0.028630
0.027396
0.028758
0.028768
0.027735
0.027883
0.027310
0.028701
0.028553
0.028510
0.027309
0.028919
0.029463
0.028613
0.029013
0.028313
0.031061
0.029965
0.028646
0.028686
0.030628
0.030546
0.030988
0.029981
0.029801
0.029792
0.030553
0.030828
0.029902
0.030796
0.030759
0.030077
0.031024
0.031678
0.030581
0.031214
0.031429
0.031051
0.031441
0.031358
0.032535
0.031972
0.030094
0.030753
0.032457
0.030586
0.031839
0.031777
0.031150
0.031139
0.030926
0.031345
0.030879
0.030946
0.031387
0.031596
0.029967
0.032248
0.032372
0.030596
0.031540
0.031863
0.031282
0.031843
0.030189
0.032042
0.030361
0.030190
0.030993
0.029918
0.030080
0.029933
0.029414
0.030861
0.029784
0.031597
0.030198
0.030051
0.030154
0.031153
0.029843
0.029713
0.029096
0.028435
0.029557
0.029322
0.029073
0.029397
0.027788
0.027957
0.029085
0.027796
0.027571
0.027120
0.026878
0.026557
0.027978
0.027559
0.027267
0.027271
0.025533
0.026990
0.025362
0.025321
0.025315
0.025446
0.025012
0.024985
0.024351
0.024279
0.024066
0.023174
0.024711
0.023839
0.023004
0.023985
0.023022
0.022862
0.022228
0.021408
0.021677
0.021001
0.021203
0.020831
0.020681
0.019425
0.019245
0.018530
0.018939
0.018834
0.017593
0.017610
0.016208
0.015950
0.016053
0.014982
0.014638
0.013922
0.013435
0.012381
0.011713
0.010929
0.009948
0.008612
0.007621
0.006528
0.005157
0.002795
0.005057
0.007025
0.007953
0.009223
0.010632
0.011501
0.013262
0.013677
0.015130
0.016242
0.017167
0.017269
0.019133
0.019527
0.020912
0.021088
0.022334
0.023506
0.024448
0.025304
0.025909
0.026889
0.026986
0.029351
0.030654
0.030200
0.031386
0.032670
0.035379
0.034373
0.035839
0.035627
0.037518
0.037468
0.037583
0.039293
0.042085
0.041798
0.043261
0.042497
0.043745
0.044514
0.044457
0.045529
0.049901
0.047567
0.050532
0.051367
0.053907
0.053663
0.053571
0.056325
0.055747
0.058069
0.055337
0.057655
0.059683
0.060016
0.061489
0.062500
0.066105
0.065972
0.065924
0.068337
0.070634
0.069252
0.071547
0.070418
0.074518
0.073392
0.074613
0.076055
0.082752
0.079970
0.084383
0.081170
0.081385
0.083293
0.085717
0.087283
0.087723
0.086037
0.088785
0.090984
0.091825
0.095368
0.095639
0.099113
0.094582
0.099379
0.103251
0.100028
0.105374
0.107079
0.104559
0.102061
0.108046
0.106467
0.110600
0.106865
0.112571
0.116831
0.117275
0.118714
0.115830
0.118610
0.117601
0.122871
0.120672
0.123553
0.124689
0.125378
0.127614
0.131191
0.131860
0.136603
0.144374
0.140725
0.137576
0.145976
0.141926
0.145401
0.138974
0.147007
0.148090
0.149647
0.144737
0.146789
0.156474
0.154337
0.154536
0.152517
0.155971
0.157806
0.157563
0.158687
0.163106
0.163223
0.162019
0.175385
0.164212
0.169058
0.176370
0.180255
0.178323
0.176341
0.189226
0.180480
0.182190
0.186840
0.194353
0.185512
0.194193
0.190033
0.198826
0.188112
0.197857
0.198454
0.196767
0.210960
0.209727
0.209257
0.202872
0.211205
0.202314
0.207662
0.220185
0.224128
0.219175
0.232645
0.230879
0.224281
0.226160
0.233715
0.225134
0.241211
0.234974
0.232020
0.235195
0.239805
0.229006
0.246553
0.234959
0.250162
0.244076
0.259729
0.255697
0.255733
0.257127
0.246621
0.261829
0.261368
0.260501
0.267492
0.265221
0.271520
0.261788
0.272388
0.264867
0.276920
0.283139
0.273093
0.301226
0.289068
0.292811
0.297521
0.308388
0.284369
0.286271
0.276278
0.303976
0.293433
0.309803
0.293246
0.308908
0.306328
0.309664
0.312419
0.313761
0.327985
0.329980
0.314966
0.339079
0.321670
0.318100
0.337246
0.338302
0.321560
0.360726
0.341989
0.344458
0.345232
0.360233
0.344468
0.373809
0.353947
0.377264
0.353498
0.370506
0.374466
0.357454
0.372153
0.365523
0.371809
0.408065
0.404369
0.373883
0.399861
0.387547
0.390927
0.397344
0.385395
0.365739
0.438464
0.413420
0.446179
0.391980
0.400404
0.419997
0.420913
0.423467
0.420473
0.421413
0.438507
0.433254
0.441650
0.463061
0.438682
0.431790
0.437297
0.433411
0.458360
0.459977
0.443309
0.456530
0.445487
0.465012
0.490192
0.495363
0.485327
0.499355
0.463625
0.465592
0.470429
0.486469
0.480038
0.477035
0.503079
0.525369
0.504747
0.519467
0.494015
0.511478
0.514255
0.526108
0.526549
0.527401
0.522694
0.558300
0.502607
