0.335641
0.348801
0.339469
0.349255
0.334203
0.344673
0.341848
0.349688
0.338580
0.331836
0.326873
0.330350
0.324306
0.328591
0.321675
0.337614
0.315855
0.321554
0.327384
0.313935
0.317907
0.304541
0.325299
0.310013
0.320158
0.306026
0.302250
0.309374
0.292078
0.290448
0.290347
0.292171
0.295721
0.308217
0.308504
0.303018
0.296489
0.268461
0.297711
0.285742
0.280592
0.278126
0.276565
0.267576
0.273913
0.272364
0.263719
0.268598
0.269797
0.259207
0.264957
0.262743
0.258499
0.264458
0.255038
0.255410
0.250063
0.246902
0.249671
0.246015
0.243868
0.240778
0.244031
0.243158
0.243982
0.241354
0.239701
0.241276
0.236638
0.231549
0.244386
0.228314
0.239949
0.229676
0.219714
0.228296
0.224904
0.219115
0.222013
0.229331
0.223169
0.213350
0.212052
0.222565
0.207667
0.215109
0.200385
0.207499
0.203263
0.216301
0.215833
0.204015
0.193098
0.200065
0.200384
0.199887
0.200305
0.187670
0.189563
0.192133
0.186744
0.188956
0.187455
0.191316
0.187555
0.183605
0.187103
0.179523
0.179641
0.173993
0.180085
0.174695
0.173159
0.172553
0.179421
0.178083
0.168058
0.167896
0.155988
0.166078
0.163971
0.165293
0.162494
0.159468
0.160480
0.157979
0.158028
0.153678
0.152310
0.147010
0.145525
0.146387
0.144082
0.146442
0.144612
0.147733
0.147148
0.143518
0.144179
0.141946
0.135149
0.143815
0.128639
0.137493
0.129773
0.132426
0.129881
0.136815
0.127144
0.123850
0.124150
0.126398
0.129445
0.126936
0.119035
0.117349
0.120998
0.118001
0.119749
0.115835
0.114698
0.114503
0.112959
0.117026
0.113737
0.112269
0.106723
0.111847
0.111196
0.104240
0.104686
0.105153
0.100839
0.098375
0.100741
0.100295
0.101051
0.098236
0.098335
0.096192
0.092480
0.093183
0.093196
0.093303
0.088046
0.090297
0.089554
0.085808
0.089346
0.087275
0.081322
0.084390
0.082299
0.079233
0.086030
0.080814
0.079067
0.079431
0.076949
0.074126
0.074913
0.074711
0.075182
0.070841
0.072674
0.069540
0.070795
0.071359
0.069204
0.068039
0.068415
0.065300
0.062843
0.063772
0.063285
0.062075
0.063564
0.060617
0.059439
0.058850
0.059493
0.057826
0.060323
0.055941
0.055813
0.055138
0.053175
0.053636
0.053618
0.052943
0.051143
0.049512
0.049606
0.049293
0.049029
0.047727
0.046836
0.043836
0.046330
0.044849
0.044921
0.043977
0.041857
0.041376
0.041524
0.040006
0.038859
0.038155
0.038549
0.036864
0.036470
0.037011
0.034106
0.034092
0.033837
0.033050
0.032538
0.032091
0.031576
0.031201
0.029864
0.027643
0.027965
0.027819
0.026754
0.027484
0.026789
0.025002
0.025045
0.025690
0.023745
0.022079
0.021457
0.021227
0.020928
0.019622
0.019753
0.019265
0.018328
0.017709
0.017294
0.015894
0.015636
0.015208
0.014419
0.013971
0.013187
0.012187
0.011880
0.011232
0.010340
0.009647
0.009103
0.008302
0.007565
0.006409
0.005639
0.004482
0.003165
0.000000
0.003029
0.004418
0.005382
0.006246
0.006596
0.007532
0.008080
0.008848
0.009157
0.009399
0.010067
0.010601
0.010985
0.011497
0.011814
0.012115
0.012644
0.012755
0.013097
0.013304
0.013164
0.013959
0.013388
0.013948
0.014437
0.014936
0.014889
0.015472
0.015932
0.015249
0.015400
0.015583
0.016794
0.016439
0.017369
0.017174
0.018021
0.016963
0.017010
0.017280
0.018015
0.018816
0.017879
0.018899
0.018560
0.018228
0.018814
0.018805
0.019279
0.019218
0.019069
0.019335
0.019208
0.019238
0.019517
0.019672
0.019691
0.020115
0.020534
0.020321
0.020459
0.020262
0.021219
0.020620
0.021247
0.021005
0.020890
0.021960
0.020675
0.021802
0.021752
0.021072
0.021807
0.020597
0.020902
0.021553
0.021870
0.021819
0.021476
0.021719
0.020785
0.021931
0.022189
0.021813
0.022235
0.021431
0.022592
0.022318
0.021652
0.022255
0.021286
0.021937
0.021891
0.023197
0.022453
0.022545
0.022095
0.023030
0.022516
0.021665
0.022906
0.022982
0.021770
0.021901
0.022021
0.021490
0.021534
0.023076
0.021657
0.022299
0.022733
0.021682
0.021983
0.021872
0.022235
0.021500
0.022443
0.021480
0.022315
0.022586
0.021911
0.021148
0.022317
0.021540
0.021717
0.021014
0.021254
0.021599
0.021245
0.021274
0.021169
0.021602
0.021330
0.020499
0.020805
0.020707
0.020812
0.021099
0.020418
0.020552
0.019719
0.019289
0.020701
0.020099
0.019523
0.019948
0.019487
0.019341
0.019285
0.018660
0.018258
0.019225
0.018558
0.018238
0.017541
0.018782
0.018123
0.017628
0.017356
0.017078
0.016696
0.018356
0.017267
0.016791
0.017197
0.016698
0.016453
0.016285
0.015998
0.015605
0.015753
0.014930
0.015396
0.015787
0.014076
0.014667
0.013775
0.013877
0.013106
0.013133
0.013051
0.013146
0.012416
0.011762
0.011098
0.011419
0.011313
0.010705
0.010129
0.009635
0.009327
0.008680
0.007939
0.007657
0.007016
0.005960
0.005311
0.004516
0.003509
0.001385
0.003452
0.004683
0.005415
0.006206
0.007549
0.008352
0.008891
0.009838
0.010482
0.011744
0.011893
0.012491
0.013382
0.014184
0.014490
0.015185
0.016094
0.016415
0.016698
0.018114
0.018773
0.018402
0.019516
0.020454
0.019617
0.022279
0.022179
0.022633
0.023654
0.024660
0.024463
0.025482
0.026503
0.026284
0.026881
0.028671
0.029116
0.030386
0.030439
0.031247
0.032131
0.031814
0.033228
0.033098
0.034227
0.034898
0.035760
0.034859
0.037189
0.037336
0.037290
0.039514
0.039754
0.042172
0.040188
0.041187
0.042186
0.042125
0.044302
0.045506
0.043533
0.046987
0.044700
0.046776
0.049189
0.049078
0.049294
0.051498
0.052103
0.050876
0.053289
0.053447
0.056608
0.055622
0.057559
0.057675
0.058195
0.059614
0.060685
0.058949
0.059123
0.061194
0.064218
0.064298
0.062391
0.063094
0.064696
0.065407
0.065925
0.068789
0.071949
0.072005
0.071934
0.071622
0.072873
0.073058
0.074059
0.075962
0.076655
0.079977
0.079672
0.076466
0.080414
0.080501
0.080121
0.080967
0.085589
0.085640
0.086905
0.088362
0.085857
0.089309
0.087632
0.089967
0.091273
0.091947
0.095168
0.092199
0.100000
0.097925
0.098744
0.097505
0.096876
0.100438
0.101152
0.105452
0.101448
0.101799
0.103443
0.107661
0.105602
0.109984
0.110063
0.111214
0.111922
0.113048
0.115501
0.119600
0.116433
0.118869
0.116460
0.118183
0.122145
0.122199
0.119722
0.122368
0.123847
0.130166
0.124286
0.127855
0.134072
0.131669
0.128436
0.135180
0.138152
0.134905
0.132914
0.139126
0.135978
0.137069
0.137104
0.138621
0.142539
0.141278
0.144802
0.149492
0.148310
0.145765
0.147763
0.146510
0.158565
0.155001
0.155701
0.157771
0.162706
0.164704
0.164580
0.159503
0.162959
0.160698
0.169793
0.163500
0.171777
0.173406
0.170520
0.171168
0.178820
0.173414
0.174235
0.171461
0.180662
0.177994
0.181194
0.187524
0.188740
0.193291
0.185079
0.184274
0.188776
0.186811
0.188024
0.194455
0.199562
0.189925
0.193869
0.208686
0.203697
0.201007
0.200996
0.214399
0.203617
0.200934
0.207996
0.213328
0.212419
0.208144
0.213581
0.218275
0.226403
0.223736
0.232365
0.232856
0.227979
0.228222
0.237410
0.230953
0.231725
0.226907
0.237662
0.238729
0.236686
0.233311
0.240163
0.240600
0.242578
0.244129
0.231619
0.255438
0.245734
0.238975
0.250618
0.247439
0.254130
0.239549
0.267818
0.251346
0.250132
0.270096
0.266675
0.264490
0.260109
0.275859
0.275611
0.270009
0.265106
0.282494
0.293662
0.278256
0.288754
0.286156
0.294432
0.301426
0.282414
0.302102
0.293784
0.294779
0.293253
0.290687
0.301338
0.285395
0.306073
0.306412
0.295407
0.300134
0.319041
0.317326
0.320603
0.309541
0.302927
0.313685
0.320696
0.317885
0.335515
0.339156
0.319960
0.309978
0.308747
0.338877
0.333067
0.333325
0.339291
0.348117
0.344053
0.338342
0.326077
0.358242
0.361831
0.338777
0.344839
0.362575
