0.244588
0.239289
0.241234
0.232597
0.232497
0.238204
0.234805
0.225670
0.223041
0.232266
0.228512
0.229924
0.235513
0.225225
0.222485
0.215920
0.222242
0.227388
0.216007
0.224138
0.223644
0.215956
0.221790
0.216800
0.218627
0.213620
0.210357
0.219890
0.211579
0.208211
0.214189
0.213505
0.206222
0.209115
0.216474
0.197078
0.199810
0.202364
0.197183
0.194449
0.188945
0.198161
0.195199
0.194646
0.197236
0.195626
0.188836
0.182083
0.186042
0.182146
0.183135
0.186412
0.184732
0.184993
0.175364
0.172885
0.179959
0.177270
0.178942
0.179487
0.165875
0.167429
0.168985
0.169164
0.168430
0.168462
0.166704
0.165284
0.166307
0.160066
0.162570
0.162403
0.163204
0.157477
0.158339
0.159348
0.151311
0.155483
0.156526
0.154199
0.151587
0.149334
0.150313
0.142781
0.147428
0.150540
0.147892
0.148587
0.147891
0.141158
0.141519
0.145242
0.139039
0.138007
0.136550
0.133974
0.137582
0.128379
0.137860
0.134107
0.135387
0.130717
0.134759
0.133128
0.131301
0.128553
0.123566
0.124784
0.123315
0.123790
0.122749
0.125914
0.120390
0.120484
0.122461
0.116645
0.119630
0.116023
0.117266
0.114259
0.117000
0.115512
0.112185
0.112669
0.108534
0.109119
0.107871
0.106837
0.108141
0.102788
0.106176
0.106130
0.098352
0.104025
0.104182
0.103488
0.103185
0.099828
0.100690
0.096517
0.096789
0.096015
0.095485
0.094937
0.094956
0.095531
0.090718
0.094273
0.091577
0.092994
0.088180
0.085790
0.087461
0.083478
0.088190
0.085181
0.086294
0.083414
0.082699
0.083355
0.080376
0.081666
0.078816
0.080375
0.076128
0.081317
0.075733
0.076431
0.077623
0.074434
0.074347
0.074830
0.071516
0.071447
0.070642
0.072339
0.068921
0.065997
0.066159
0.066787
0.065729
0.066492
0.066429
0.062500
0.063175
0.065738
0.063349
0.064027
0.061562
0.060153
0.059916
0.060335
0.056222
0.055507
0.057936
0.058639
0.057741
0.055540
0.054662
0.056618
0.053364
0.053743
0.051946
0.051458
0.050660
0.052960
0.049296
0.049491
0.049292
0.047925
0.045821
0.045284
0.046279
0.045413
0.045779
0.046471
0.045839
0.044127
0.043206
0.041872
0.041757
0.042056
0.042265
0.038900
0.041138
0.038907
0.037834
0.037156
0.037737
0.036735
0.036298
0.034873
0.035433
0.034283
0.032177
0.033930
0.034575
0.031954
0.031587
0.032366
0.031291
0.029728
0.029686
0.028878
0.028321
0.028944
0.027548
0.027833
0.024941
0.025651
0.025549
0.024969
0.025361
0.024254
0.023786
0.023246
0.023202
0.022097
0.022893
0.021111
0.021329
0.020572
0.019291
0.019106
0.019033
0.018734
0.017596
0.017447
0.018048
0.016766
0.016506
0.015592
0.015949
0.015413
0.014715
0.013950
0.013719
0.013261
0.012540
0.012459
0.011930
0.011596
0.011121
0.010756
0.009983
0.009623
0.009411
0.008465
0.008232
0.008108
0.007246
0.006894
0.006610
0.005722
0.005077
0.004545
0.003918
0.003112
0.002261
0.000000
0.002262
0.003173
0.003591
0.004351
0.004864
0.005429
0.005801
0.006139
0.006514
0.006858
0.007173
0.007272
0.007725
0.007939
0.008215
0.008317
0.008881
0.009132
0.009456
0.009322
0.009605
0.009417
0.009897
0.010159
0.010332
0.010566
0.010523
0.011513
0.010747
0.011363
0.011683
0.011117
0.011386
0.012038
0.011601
0.012090
0.012239
0.012435
0.012572
0.012685
0.012409
0.012722
0.012693
0.013471
0.013042
0.013268
0.013332
0.013335
0.013161
0.013753
0.013511
0.013460
0.013287
0.013582
0.014229
0.014246
0.014050
0.013305
0.014505
0.014435
0.014289
0.015120
0.014594
0.014350
0.015174
0.014908
0.015041
0.014063
0.014816
0.014967
0.014890
0.015422
0.015193
0.014875
0.014975
0.015382
0.015341
0.015696
0.015388
0.015608
0.015618
0.015202
0.015664
0.014819
0.015278
0.015813
0.015070
0.015048
0.016248
0.014612
0.015242
0.016032
0.015679
0.015153
0.015750
0.016219
0.015707
0.015700
0.015164
0.015748
0.015182
0.015765
0.015364
0.015340
0.015559
0.015622
0.016342
0.014861
0.015233
0.015922
0.015306
0.014829
0.016366
0.015886
0.014898
0.015172
0.015333
0.015120
0.015324
0.014851
0.015260
0.015336
0.014793
0.015137
0.014712
0.014814
0.014939
0.014908
0.015333
0.015385
0.014847
0.014397
0.014617
0.014726
0.014348
0.014062
0.014553
0.013655
0.014761
0.014721
0.013839
0.014087
0.013931
0.013889
0.014174
0.014024
0.014021
0.013884
0.013427
0.013595
0.013764
0.013641
0.013635
0.012901
0.012613
0.013088
0.012920
0.013070
0.013021
0.012999
0.011981
0.011867
0.012396
0.011922
0.011812
0.011813
0.011251
0.011555
0.011268
0.010991
0.011449
0.010364
0.010541
0.010474
0.010468
0.010478
0.009880
0.009924
0.009916
0.009284
0.008995
0.008618
0.008561
0.008371
0.008239
0.007873
0.007811
0.007130
0.007085
0.006855
0.006571
0.005845
0.005895
0.005386
0.004903
0.004456
0.003837
0.003219
0.002237
0.000679
0.002247
0.003233
0.004021
0.004662
0.005393
0.005771
0.006458
0.007032
0.007025
0.008031
0.008610
0.008601
0.009062
0.009920
0.009949
0.011038
0.011535
0.011722
0.012438
0.012406
0.013103
0.013609
0.014060
0.014174
0.014881
0.015235
0.015297
0.015888
0.016663
0.017765
0.017742
0.018182
0.018662
0.018957
0.019230
0.019922
0.020373
0.020687
0.021943
0.020929
0.021896
0.021724
0.022981
0.022968
0.023111
0.024596
0.024238
0.024885
0.025916
0.026426
0.026697
0.026517
0.027407
0.028779
0.029346
0.029271
0.031604
0.030248
0.030561
0.030441
0.033019
0.031943
0.033103
0.033635
0.034152
0.035548
0.034098
0.035589
0.037233
0.038055
0.037729
0.037412
0.038723
0.039564
0.038415
0.039457
0.041644
0.041152
0.041725
0.041724
0.042528
0.042572
0.044750
0.045414
0.043803
0.046065
0.046275
0.046373
0.047250
0.047772
0.051454
0.049682
0.050860
0.049409
0.050425
0.051623
0.051375
0.052023
0.054380
0.054905
0.056522
0.054117
0.058094
0.056071
0.057604
0.058781
0.058146
0.061052
0.059679
0.061636
0.061016
0.061226
0.063632
0.063791
0.059994
0.068676
0.067702
0.066788
0.066970
0.068591
0.068736
0.070049
0.070087
0.070333
0.072633
0.071805
0.072090
0.073184
0.073228
0.075021
0.078288
0.079968
0.077804
0.078723
0.076425
0.079884
0.078656
0.077035
0.083152
0.082873
0.083891
0.084599
0.081061
0.082782
0.084171
0.088391
0.087345
0.092365
0.086636
0.089970
0.090186
0.093860
0.091925
0.094720
0.095489
0.093086
0.097880
0.097826
0.096528
0.097234
0.098092
0.103364
0.099361
0.101924
0.104907
0.098732
0.105243
0.107788
0.100310
0.108130
0.108276
0.106671
0.112681
0.108735
0.112243
0.110576
0.112272
0.116950
0.115349
0.116899
0.111789
0.115809
0.118379
0.122345
0.123056
0.121028
0.116895
0.123611
0.121056
0.124820
0.127823
0.127377
0.127370
0.130876
0.128114
0.124234
0.134933
0.133720
0.138534
0.139161
0.133573
0.136731
0.139093
0.142166
0.139330
0.141563
0.141305
0.140972
0.139234
0.140018
0.149078
0.144447
0.147094
0.153665
0.149356
0.154842
0.152011
0.157679
0.156391
0.152189
0.155138
0.158358
0.157055
0.155359
0.158074
0.167344
0.162297
0.160586
0.165600
0.168454
0.166095
0.164736
0.163008
0.171609
0.169755
0.168639
0.171553
0.183278
0.174604
0.176861
0.172684
0.176718
0.178356
0.177413
0.180553
0.180592
0.172222
0.188640
0.187985
0.190853
0.186932
0.191444
0.190760
0.197112
0.193052
0.186402
0.190852
0.203173
0.185634
0.193487
0.196728
0.196461
0.207594
0.206100
0.200117
0.210605
0.208263
0.209073
0.208790
0.210301
0.201548
0.221683
0.215363
0.210965
0.223208
0.210875
0.211763
0.218182
0.222482
0.221920
0.222368
0.226115
0.226540
0.221335
0.229281
0.223614
0.236140
0.230985
0.233068
0.241322
0.229985
0.234680
0.231278
0.245584
0.236185
0.238237
0.246635
0.245220
0.245956
0.249248
