0.172847
0.174437
0.172265
0.174279
0.174390
0.168052
0.170896
0.168135
0.160211
0.165108
0.163840
0.163211
0.166339
0.162986
0.157644
0.150694
0.146097
0.158667
0.153605
0.156271
0.156191
0.144648
0.155387
0.150613
0.153868
0.150822
0.152120
0.146953
0.151040
0.144278
0.147771
0.147258
0.148157
0.145481
0.144169
0.135001
0.142161
0.139703
0.138330
0.134672
0.140634
0.136612
0.139297
0.135129
0.135958
0.131356
0.130427
0.134156
0.134697
0.127934
0.126637
0.127263
0.133519
0.124651
0.129146
0.121731
0.122489
0.124631
0.126107
0.129044
0.120564
0.121903
0.118893
0.115359
0.122071
0.120774
0.115138
0.118278
0.116279
0.115541
0.113988
0.109474
0.110297
0.114554
0.114302
0.110734
0.107303
0.107781
0.110768
0.108902
0.105172
0.105874
0.103972
0.107148
0.102445
0.106276
0.102773
0.103887
0.100987
0.101339
0.098371
0.102139
0.099779
0.097963
0.103703
0.095058
0.097086
0.096674
0.097061
0.098237
0.092704
0.091224
0.092801
0.090403
0.091830
0.088995
0.087847
0.091178
0.089029
0.088868
0.088068
0.084846
0.084743
0.086759
0.085234
0.082676
0.078611
0.080224
0.082114
0.079439
0.080721
0.079084
0.076928
0.077816
0.078614
0.080418
0.075931
0.076899
0.076477
0.075069
0.074112
0.078529
0.075466
0.071830
0.072569
0.072671
0.071743
0.070030
0.068821
0.067118
0.072337
0.068588
0.067248
0.068292
0.066475
0.066083
0.066239
0.067081
0.064989
0.062626
0.065507
0.063167
0.059682
0.061872
0.060710
0.060974
0.060339
0.059039
0.059349
0.058280
0.055362
0.056909
0.055534
0.055840
0.053928
0.055759
0.053977
0.054017
0.056089
0.053017
0.052462
0.051792
0.050242
0.050850
0.049977
0.049200
0.048054
0.047775
0.049437
0.048246
0.046577
0.046203
0.044843
0.045096
0.046762
0.045155
0.044185
0.042162
0.043783
0.043024
0.040119
0.041664
0.042113
0.042079
0.041602
0.040353
0.038686
0.039431
0.040497
0.038961
0.037657
0.036747
0.037649
0.037316
0.035692
0.034905
0.034536
0.034677
0.033953
0.033391
0.033600
0.033360
0.031610
0.031560
0.033218
0.030774
0.031215
0.031063
0.030701
0.029373
0.029192
0.029315
0.028671
0.027487
0.028196
0.027051
0.025350
0.026591
0.025555
0.025249
0.025098
0.025533
0.024906
0.024708
0.023607
0.023282
0.023697
0.022807
0.022560
0.022056
0.020958
0.021973
0.020991
0.021169
0.020250
0.020246
0.019368
0.018865
0.018244
0.018774
0.018737
0.017623
0.018203
0.016859
0.016220
0.016128
0.015817
0.015651
0.015651
0.015080
0.014469
0.014181
0.014122
0.014721
0.013769
0.013258
0.012177
0.012512
0.012417
0.012042
0.011591
0.011784
0.010750
0.010751
0.009908
0.009829
0.009655
0.009732
0.009639
0.008932
0.008390
0.008169
0.007736
0.007771
0.007419
0.006888
0.006618
0.006383
0.005683
0.005671
0.005281
0.004790
0.004554
0.003886
0.003619
0.003364
0.002806
0.002192
0.001562
0.000000
0.001541
0.002213
0.002740
0.003157
0.003381
0.003734
0.004140
0.004321
0.004615
0.004891
0.004877
0.005187
0.005506
0.005650
0.005707
0.005842
0.006219
0.005994
0.006460
0.006791
0.006742
0.007201
0.006740
0.007144
0.007131
0.007540
0.007472
0.007803
0.007986
0.007778
0.008059
0.008021
0.007919
0.008116
0.008633
0.008462
0.008390
0.008850
0.008676
0.009062
0.008862
0.008889
0.008731
0.008887
0.008972
0.008978
0.009074
0.009396
0.009411
0.009704
0.009814
0.009666
0.009338
0.009962
0.009403
0.010318
0.010517
0.010328
0.009754
0.009768
0.010094
0.010134
0.010005
0.010211
0.010384
0.010019
0.010342
0.010306
0.010544
0.010573
0.010347
0.010391
0.010559
0.010464
0.010677
0.010494
0.010929
0.010420
0.010599
0.010777
0.010222
0.010699
0.010927
0.010872
0.010736
0.010742
0.011012
0.010938
0.010680
0.011144
0.010913
0.011152
0.010687
0.011036
0.011380
0.010712
0.011078
0.011004
0.010850
0.011241
0.010762
0.011428
0.011154
0.010939
0.011339
0.011091
0.010971
0.011281
0.011384
0.011285
0.011364
0.011274
0.010766
0.010616
0.010729
0.010858
0.010800
0.011181
0.011004
0.010587
0.010823
0.010994
0.010909
0.010914
0.011005
0.010792
0.010497
0.010285
0.010829
0.010230
0.010588
0.010555
0.010424
0.010309
0.010195
0.010213
0.010422
0.010535
0.010252
0.010135
0.010188
0.010045
0.009838
0.009734
0.009668
0.009461
0.009607
0.009703
0.009877
0.009698
0.009810
0.009640
0.009251
0.009236
0.009336
0.009414
0.009384
0.008808
0.008935
0.008945
0.008602
0.009100
0.008741
0.008737
0.008567
0.008624
0.008324
0.008209
0.008266
0.007786
0.007510
0.008062
0.007398
0.007406
0.007249
0.007225
0.007219
0.006961
0.006991
0.006709
0.006420
0.006134
0.006276
0.006061
0.005986
0.005556
0.005677
0.005149
0.005025
0.004950
0.004570
0.004250
0.004047
0.003679
0.003451
0.003070
0.002701
0.002169
0.001517
0.000349
0.001661
0.002277
0.002873
0.003261
0.003742
0.004227
0.004381
0.004815
0.005150
0.005621
0.005685
0.006398
0.006684
0.006773
0.007445
0.007613
0.007694
0.008312
0.008514
0.008939
0.009177
0.009635
0.009370
0.009883
0.010174
0.010677
0.011088
0.011543
0.011691
0.012169
0.012084
0.013041
0.012637
0.013080
0.013774
0.013808
0.013918
0.014498
0.014400
0.015307
0.014960
0.016410
0.016733
0.016967
0.016913
0.017787
0.017199
0.018551
0.018094
0.018920
0.019307
0.019260
0.019926
0.019966
0.019477
0.019604
0.021083
0.021529
0.021605
0.022863
0.023230
0.023931
0.023018
0.023585
0.023706
0.024157
0.024611
0.025939
0.026322
0.025984
0.026372
0.025894
0.027936
0.026921
0.027784
0.026472
0.028839
0.027666
0.028958
0.029924
0.030513
0.030246
0.031575
0.031672
0.031802
0.032172
0.032659
0.031470
0.033105
0.035495
0.034862
0.034082
0.036186
0.035378
0.035598
0.036476
0.036834
0.037641
0.038535
0.039031
0.038043
0.040360
0.041364
0.041137
0.039847
0.040550
0.042013
0.040836
0.044595
0.043576
0.043894
0.045527
0.044200
0.043891
0.043651
0.045018
0.046196
0.046427
0.046209
0.048812
0.048910
0.049995
0.050421
0.050313
0.050470
0.049402
0.053395
0.051736
0.052685
0.052477
0.053373
0.054447
0.054793
0.055482
0.056036
0.056535
0.055490
0.055568
0.057103
0.055110
0.056912
0.057630
0.059318
0.060639
0.061016
0.059772
0.061329
0.062835
0.064514
0.064925
0.061742
0.065272
0.063239
0.066743
0.067628
0.066539
0.068607
0.063662
0.065467
0.070045
0.069919
0.070601
0.071046
0.071803
0.068926
0.074426
0.073990
0.075564
0.074656
0.077433
0.076209
0.077966
0.077236
0.076270
0.078481
0.078077
0.079499
0.078456
0.080057
0.081436
0.079190
0.083562
0.084729
0.085192
0.081803
0.089060
0.085098
0.083437
0.084579
0.088800
0.087360
0.090564
0.088521
0.089694
0.093284
0.093384
0.095988
0.090816
0.094243
0.094121
0.096824
0.096733
0.093124
0.101252
0.096556
0.098610
0.097585
0.098753
0.103007
0.098986
0.102997
0.098831
0.097385
0.104534
0.102556
0.110094
0.104523
0.103810
0.107813
0.106990
0.111906
0.108442
0.113260
0.113792
0.108398
0.112721
0.115620
0.114738
0.117147
0.118537
0.120592
0.119751
0.117100
0.123697
0.117130
0.119417
0.120327
0.120519
0.118295
0.125257
0.123328
0.125913
0.123744
0.127768
0.124124
0.126169
0.127079
0.126690
0.127834
0.142030
0.130317
0.134543
0.137097
0.132343
0.131742
0.136450
0.135213
0.134790
0.132825
0.135381
0.140454
0.139643
0.148419
0.144965
0.143689
0.150182
0.140016
0.144578
0.153439
0.145081
0.143362
0.151920
0.148711
0.155837
0.152269
0.151891
0.148308
0.148133
0.154968
0.157393
0.153225
0.163885
0.155354
0.158873
0.160857
0.159388
0.155474
0.170145
0.164143
0.161653
0.168484
0.169031
0.171379
0.175517
0.171083
0.171639
0.176258
0.172603
0.180133
0.176340
