4.675178
4.736073
4.938454
5.138108
3.977458
4.997057
4.533490
4.619224
5.580321
4.760361
5.096657
4.842849
5.297533
4.816726
4.728763
5.308763
4.701185
5.199314
5.133258
5.056409
4.146946
5.033746
4.497882
4.801900
5.263630
5.028443
4.692302
5.177369
4.807788
5.527544
4.389857
4.833355
4.977890
4.766446
5.365057
5.590235
4.426263
4.270060
4.846820
4.986200
5.349206
5.597616
5.514949
5.482993
4.220840
3.093003
4.361206
4.297522
3.284190
3.904117
4.090289
3.798590
3.964972
3.724055
3.129032
3.861487
3.373905
3.769686
4.128673
3.909013
3.330832
4.150985
3.493389
3.784778
3.780294
4.371915
4.209112
3.786434
4.059785
3.733341
3.745566
4.313238
3.615197
3.627830
4.373010
3.516835
3.600957
4.268606
3.862484
4.659873
2.693946
2.237067
2.412655
3.037669
2.719861
3.085249
2.996008
3.240933
2.510581
2.286623
2.416798
2.619626
2.932012
3.171045
2.551043
2.741852
2.235648
3.761411
2.831589
3.024855
2.435766
2.663639
2.853603
2.304872
2.697698
2.917193
3.094883
3.208107
2.497827
2.031917
1.910289
2.096536
1.752569
1.708578
1.985483
1.839398
2.840452
1.584938
2.610516
1.869390
2.186595
1.772984
2.182106
2.692575
1.532349
1.596494
1.754035
2.621690
2.003058
1.449020
2.106350
2.128063
1.714829
1.388450
1.124032
1.049542
1.400400
1.373711
1.439945
1.072222
1.419816
1.597499
1.200547
1.603886
0.942132
1.517673
1.610470
1.467741
1.398885
1.718780
1.424676
2.072712
1.611772
1.015048
0.812393
0.958405
0.943195
0.902469
1.334137
1.313183
1.322472
1.456184
0.796758
0.832821
1.385555
0.936346
0.827764
1.326931
1.438384
1.077342
1.005415
0.830019
1.166082
1.258728
0.703172
0.713251
0.690987
0.943233
0.799627
0.661376
1.224848
0.673982
0.769484
0.637369
0.727647
0.618760
0.557824
0.557429
0.591305
0.563173
0.575449
1.107740
0.658143
0.581340
0.573423
0.645359
0.627447
0.560965
0.585372
0.627971
0.554260
0.458399
0.453188
0.464584
0.486258
0.433160
0.472026
0.477083
0.475234
0.441781
0.506532
0.420175
0.458740
0.400841
0.436216
0.425321
0.392378
0.414060
0.395708
0.400676
0.401075
0.393650
0.313268
0.349533
0.368550
0.353527
0.338189
0.321929
0.322550
0.379754
0.376689
0.275162
0.313428
0.325565
0.279618
0.302185
0.302429
0.290334
0.284553
0.311595
0.253574
0.245830
0.244990
0.244082
0.265919
0.236216
0.242292
0.227760
0.217467
0.208579
0.209957
0.209151
0.217609
0.220639
0.179380
0.186087
0.186152
0.185020
0.182815
0.175593
0.152782
0.158212
0.160756
0.157311
0.159744
0.154487
0.143780
0.147299
0.133917
0.141644
0.146232
0.134179
0.125090
0.115854
0.116252
0.115753
0.105949
0.107646
0.096675
0.099264
0.101010
0.089058
0.084880
0.085035
0.087539
0.075394
0.070588
0.069906
0.067770
0.059296
0.055272
0.051730
0.052176
0.045337
0.037937
0.035865
0.030015
0.020010
0.010005
0.000000
0.010005
0.020010
0.030015
0.032099
0.036049
0.042070
0.044434
0.047771
0.050158
0.051470
0.054285
0.057825
0.059917
0.064719
0.067107
0.066873
0.071022
0.069166
0.072687
0.073795
0.075949
0.079592
0.077430
0.079858
0.083140
0.083234
0.083619
0.086394
0.088895
0.087123
0.090960
0.089621
0.090486
0.096214
0.091927
0.093796
0.099055
0.100255
0.099163
0.097867
0.101390
0.101674
0.104609
0.106716
0.104028
0.103728
0.105320
0.110748
0.109097
0.111483
0.106439
0.108447
0.114415
0.112780
0.112155
0.109264
0.109742
0.116837
0.116012
0.114193
0.116303
0.121916
0.117207
0.117829
0.121125
0.112253
0.114205
0.122156
0.122798
0.119336
0.118970
0.123045
0.119099
0.120403
0.126179
0.117959
0.121046
0.131171
0.117877
0.123728
0.126969
0.122533
0.122284
0.122381
0.126403
0.118814
0.128482
0.120675
0.124363
0.124498
0.125231
0.128306
0.128446
0.117626
0.123410
0.130724
0.125810
0.125908
0.126095
0.125023
0.127187
0.126548
0.132464
0.126204
0.122461
0.127054
0.124284
0.125534
0.120843
0.116897
0.126034
0.123882
0.123006
0.122303
0.125324
0.124176
0.122530
0.129858
0.116923
0.118206
0.129415
0.119865
0.124402
0.127079
0.125939
0.123010
0.120269
0.123231
0.120995
0.122526
0.121151
0.118743
0.123596
0.121569
0.114884
0.115413
0.122737
0.117876
0.115410
0.115033
0.116184
0.122319
0.121866
0.117730
0.111279
0.116729
0.108625
0.111928
0.115431
0.117814
0.108205
0.109658
0.109397
0.103203
0.102281
0.111708
0.104425
0.103774
0.109015
0.101222
0.104314
0.101482
0.100544
0.100176
0.100958
0.091898
0.097333
0.097614
0.093725
0.093492
0.094417
0.085480
0.089177
0.092095
0.092194
0.082410
0.083026
0.084648
0.077767
0.079078
0.082997
0.075219
0.071866
0.073595
0.065445
0.067833
0.074556
0.061465
0.061937
0.068274
0.053247
0.054276
0.056587
0.041764
0.043988
0.049955
0.030333
0.033248
0.037482
0.045620
0.039615
0.035073
0.032280
0.060063
0.057619
0.051104
0.076271
0.074056
0.068336
0.065677
0.094200
0.082667
0.084893
0.081456
0.108667
0.102494
0.106751
0.094597
0.125853
0.121537
0.118709
0.119917
0.122812
0.141756
0.154832
0.146715
0.131646
0.134578
0.162851
0.176230
0.162236
0.163187
0.164669
0.214928
0.194280
0.204462
0.184229
0.174918
0.184443
0.227195
0.226778
0.231035
0.244268
0.215267
0.216096
0.271999
0.262532
0.241844
0.264514
0.265604
0.257845
0.234707
0.312614
0.329379
0.302502
0.302593
0.288469
0.291576
0.293579
0.275792
0.355844
0.359506
0.329358
0.340992
0.347932
0.347717
0.345562
0.347296
0.427824
0.430367
0.422555
0.438829
0.418705
0.404137
0.402244
0.402028
0.520513
0.527643
0.538771
0.507826
0.586613
0.491020
0.527011
0.501982
0.515774
0.484777
0.550729
0.454826
0.807480
0.617831
0.669348
0.579991
0.541326
0.645529
0.567126
0.604175
0.599014
0.622623
0.613037
0.596174
0.710862
0.822312
0.702500
0.929645
0.789385
0.740012
0.701213
0.775133
0.724321
1.307824
0.819612
0.714596
1.702774
1.357492
0.959159
1.043914
0.948277
1.252500
1.110662
0.930965
1.423369
1.025480
1.358307
1.061279
1.003871
0.996117
0.982941
0.940070
1.481296
1.618729
1.350895
1.850377
1.840985
1.614046
1.800850
1.254176
1.711614
1.573586
1.324305
1.793321
1.803121
1.502538
1.061145
1.690571
1.636827
1.320971
2.097161
1.423786
1.500256
1.958956
2.453378
2.426176
2.223706
2.103426
2.100013
1.899545
1.870013
2.468582
1.318003
1.554946
1.756952
1.753958
2.425940
2.239610
2.314958
1.885537
3.084884
2.981471
2.411659
2.751977
3.013962
2.545052
2.628701
2.888579
2.572524
2.381352
3.186815
2.479210
2.296753
2.977266
2.482986
2.521462
2.726422
2.949556
2.583149
2.520717
2.851639
2.476327
2.161940
2.484074
3.995936
4.141202
4.764637
4.203071
4.377092
3.994298
3.535899
3.385628
4.392681
3.667302
3.529902
2.856669
3.389962
2.865917
3.742500
3.551998
4.512742
3.553825
3.518837
3.956647
3.498708
4.059919
3.702606
3.764089
4.264615
3.642227
2.798342
3.610476
4.047101
3.958359
5.382479
3.883431
4.862707
4.319856
4.805128
5.038907
5.187302
5.570770
5.038373
5.558198
5.012664
5.410964
4.409402
5.239371
4.823828
4.550439
4.589722
4.376595
4.851442
4.758416
4.559866
4.283284
5.493100
5.005875
5.434636
4.897985
5.360392
4.612864
4.745494
4.451690
4.443267
4.008104
5.147538
4.560964
4.850271
6.185054
6.738450
6.602702
6.288095
6.391595
5.901751
6.368886
5.461679
5.822393
5.773114
6.058892
6.089430
5.827571
6.389936
6.088736
6.482581
6.395389
6.817028
5.827741
6.508768
6.056314
5.854865
6.240857
6.079139
5.605528
6.381313
6.049937
6.926072
6.231947
6.493103
6.574642
6.043669
5.876160
5.644194
6.611299
6.382054
6.174708
6.131895
6.264663
5.313009
5.717650
5.607467
6.165837
6.288332
6.213912
