2.517799
3.010723
3.909927
4.614139
3.966463
2.485244
4.603547
2.478059
4.239681
3.206339
3.188080
3.003466
3.114999
2.482854
3.509090
4.082923
4.066705
4.022065
2.413902
4.365055
2.674788
2.238709
4.151469
3.130826
2.255165
2.250169
1.977542
1.819361
2.801595
3.345276
2.557928
2.561048
2.367031
2.842581
1.605834
2.596866
2.279584
2.023332
2.067528
4.214518
3.359477
2.510313
1.660573
2.604096
2.389470
1.535996
2.129424
1.682855
1.608054
3.247394
1.706319
1.969393
1.752438
1.667756
1.811656
1.859521
2.789397
1.522158
2.007740
2.623112
1.703117
2.777990
1.763644
1.248980
2.593093
1.702831
1.729211
1.359224
1.552244
1.406369
1.283471
1.923070
1.253042
1.152755
2.517230
1.584572
1.643291
1.282246
1.549020
1.555360
1.495838
1.140404
1.009105
1.509270
2.266730
1.304659
1.060057
1.072205
2.331945
0.934466
1.076570
1.312210
2.177005
1.248296
1.348161
0.853857
1.370861
0.955489
0.962304
1.151728
1.119001
0.971155
1.057587
1.101773
1.457503
0.995708
1.012470
1.041095
1.171326
1.074547
0.839147
0.822050
0.884715
1.174520
0.828543
0.983222
0.866356
0.795470
0.946571
0.930527
0.849054
0.739808
0.765666
0.713633
0.823599
0.771861
0.759415
0.790133
0.697331
0.796147
0.844809
0.746857
0.926207
0.673854
0.643147
0.730097
0.744741
0.655339
0.676328
0.657223
0.688093
0.730410
0.712748
0.679773
0.592155
0.616583
0.628508
0.599441
0.593477
0.588326
0.619287
0.761823
0.679130
0.549198
0.500855
0.584151
0.491331
0.504168
0.563542
0.604040
0.615659
0.560718
0.433232
0.501719
0.598510
0.514623
0.485362
0.514276
0.468545
0.470400
0.477991
0.433454
0.459202
0.459158
0.477227
0.465140
0.518554
0.446432
0.481922
0.425789
0.425708
0.418922
0.462308
0.420733
0.411564
0.404026
0.348317
0.383195
0.379611
0.396942
0.358927
0.362420
0.369994
0.348626
0.345833
0.366889
0.353270
0.380427
0.344637
0.352872
0.319005
0.321722
0.343340
0.322755
0.322084
0.311910
0.273907
0.295740
0.298315
0.300068
0.288323
0.262302
0.270508
0.252450
0.278307
0.269855
0.257651
0.252342
0.253713
0.249972
0.251048
0.258873
0.236387
0.219828
0.242908
0.236600
0.248723
0.209286
0.206900
0.217829
0.229219
0.200586
0.200817
0.203839
0.201043
0.193693
0.194642
0.194281
0.184025
0.179121
0.177108
0.182252
0.169172
0.163802
0.171639
0.172758
0.170243
0.166572
0.155726
0.158885
0.154007
0.141471
0.138628
0.140566
0.133160
0.134816
0.131249
0.128890
0.119172
0.122195
0.117290
0.109296
0.112199
0.116331
0.104333
0.111129
0.100530
0.098016
0.107743
0.094854
0.092602
0.099045
0.088592
0.090522
0.080933
0.080980
0.077363
0.077992
0.075661
0.070740
0.068982
0.063217
0.065703
0.058703
0.058463
0.056752
0.051184
0.048365
0.046910
0.044322
0.039814
0.038621
0.036120
0.031650
0.030652
0.025422
0.021893
0.015874
0.010005
0.000000
0.010005
0.016452
0.020882
0.023758
0.027646
0.028997
0.031025
0.034340
0.035638
0.038206
0.038901
0.040345
0.043853
0.044170
0.046136
0.048137
0.048424
0.051308
0.051729
0.054016
0.054261
0.055973
0.056915
0.058292
0.057717
0.059417
0.060186
0.060558
0.061273
0.061251
0.063699
0.063758
0.063209
0.064177
0.065675
0.071432
0.066535
0.067950
0.071715
0.072224
0.071583
0.069182
0.069146
0.073808
0.075403
0.075024
0.075415
0.075113
0.075597
0.077175
0.078368
0.076811
0.076972
0.080501
0.076139
0.080318
0.080275
0.076939
0.082155
0.081192
0.080250
0.080954
0.082224
0.083140
0.086931
0.085672
0.081586
0.080673
0.084950
0.085197
0.085726
0.083709
0.086958
0.084583
0.085786
0.087344
0.088398
0.086861
0.086063
0.088239
0.086887
0.085169
0.084515
0.086723
0.088103
0.086297
0.086980
0.088131
0.090132
0.086466
0.091233
0.089295
0.090007
0.085333
0.089753
0.093263
0.089337
0.090024
0.088659
0.090720
0.087813
0.089548
0.091460
0.088669
0.092581
0.093490
0.089917
0.086562
0.089072
0.088808
0.091906
0.086535
0.086770
0.089494
0.090634
0.087323
0.088917
0.083877
0.090405
0.088282
0.088820
0.089126
0.086864
0.088626
0.093623
0.083999
0.085035
0.089865
0.087146
0.083606
0.087193
0.085720
0.084559
0.086268
0.084702
0.083386
0.082848
0.081809
0.085711
0.085865
0.083229
0.083372
0.083253
0.077005
0.079010
0.076114
0.076755
0.077872
0.077422
0.079149
0.079895
0.077872
0.076152
0.074689
0.073121
0.075481
0.074666
0.074005
0.072893
0.070177
0.069472
0.070269
0.071840
0.069928
0.065649
0.067015
0.067874
0.067249
0.066520
0.063087
0.060748
0.062224
0.063588
0.060549
0.061560
0.060244
0.054587
0.060980
0.055541
0.053514
0.053253
0.051984
0.048642
0.050757
0.049484
0.044437
0.046167
0.043665
0.046643
0.040694
0.037635
0.041116
0.035595
0.030378
0.032260
0.026605
0.021960
0.025474
0.016302
0.022136
0.017410
0.026150
0.022736
0.031431
0.038964
0.034970
0.045439
0.040783
0.047793
0.046612
0.054681
0.052339
0.057137
0.054064
0.063345
0.063187
0.075994
0.066870
0.076670
0.076250
0.088367
0.080111
0.081242
0.086673
0.088403
0.095796
0.093569
0.093460
0.105391
0.097421
0.115727
0.113230
0.111145
0.112264
0.112779
0.119025
0.128949
0.125644
0.127188
0.135342
0.134644
0.127663
0.145453
0.145493
0.143650
0.154579
0.157416
0.156086
0.166374
0.170585
0.168450
0.178276
0.187686
0.177175
0.179912
0.173024
0.200117
0.191643
0.192780
0.193782
0.205415
0.209556
0.206503
0.191093
0.233459
0.224066
0.229168
0.222018
0.239199
0.242178
0.235270
0.230327
0.267590
0.269258
0.257829
0.270867
0.271046
0.275940
0.272926
0.291142
0.272536
0.285248
0.320364
0.296565
0.307074
0.303842
0.307951
0.301702
0.339193
0.365639
0.334251
0.346193
0.332201
0.381733
0.348318
0.359385
0.345653
0.372584
0.376350
0.341776
0.386778
0.399694
0.384730
0.379811
0.385316
0.363156
0.434725
0.431874
0.385160
0.414800
0.407871
0.400087
0.440049
0.441492
0.474851
0.505794
0.466470
0.465363
0.437385
0.456061
0.523188
0.532508
0.522001
0.459012
0.492828
0.507720
0.508970
0.488934
0.636806
0.600745
0.633772
0.550028
0.565422
0.578870
0.568105
0.675561
0.586003
0.634245
0.626519
0.581881
0.687267
0.627072
0.627386
0.692548
0.638489
0.778001
0.707154
0.698534
0.706324
0.838342
0.727653
0.705555
0.747721
0.631086
0.722867
0.719869
0.790932
0.727554
0.999298
0.798958
0.919880
0.879895
0.813234
0.844696
0.828396
0.787765
0.836679
0.885657
0.919185
2.288526
0.918535
0.965813
0.843868
0.898955
0.967501
0.906719
0.844153
0.869006
1.080824
1.063712
1.006392
1.381990
1.244668
1.078801
1.113583
1.110170
1.066371
1.009253
1.157881
1.335192
1.116963
2.265987
1.097876
1.353283
1.150448
1.149900
1.541759
1.219007
1.233646
1.242213
1.483959
1.236864
1.376280
1.506586
1.382761
1.723346
2.500155
1.728578
1.562457
1.667758
1.794665
1.347704
1.462074
1.491446
1.658706
2.349633
1.563805
1.205098
2.473841
1.359363
1.760055
1.575723
2.568809
1.458918
1.688433
2.842155
2.779778
2.021853
2.840352
2.767446
2.386113
3.205942
2.157062
1.921354
2.443381
2.044662
1.880340
2.183823
2.152032
3.974213
2.180235
1.811050
3.216581
3.521341
2.390434
2.421891
2.604503
3.708122
1.809774
1.925551
2.792150
2.311516
3.567100
3.556604
2.043738
3.227758
2.363981
3.725955
3.782950
3.728042
4.171988
2.733168
4.140472
4.150675
2.900506
4.040903
3.493849
3.110362
3.078595
3.216238
5.859905
4.174643
2.524783
2.352030
3.264342
4.709048
4.819885
3.493890
4.185512
4.168377
5.269131
2.946394
4.624100
3.655173
4.441767
4.009922
3.030283
3.409409
4.086680
3.239784
5.288655
4.509109
3.557060
4.154748
4.598359
4.614772
3.266682
4.999068
5.199879
6.728586
