1.278947
1.249916
1.197537
1.307238
1.245498
1.251568
1.123781
1.198000
1.100174
1.832174
1.384369
1.404578
1.276014
1.101034
1.036044
1.315344
1.074890
1.238637
1.214140
1.138028
1.768910
1.199165
1.341683
1.134634
0.996403
1.061887
1.070543
1.054981
1.061829
1.370157
0.994400
1.152182
0.947437
1.022520
1.010564
0.974343
0.947007
0.946235
1.020721
0.972766
1.107831
0.983300
1.013484
1.069324
0.880644
0.851337
0.963405
0.947721
0.867076
0.895576
0.908634
0.906317
0.849141
0.928080
0.766661
0.795177
0.882799
0.872290
0.924113
0.849487
0.792681
0.845390
0.972805
0.795181
0.786390
0.795858
0.773496
0.769016
0.845903
0.769055
0.767397
0.700058
0.695087
0.750342
0.690823
0.718720
0.759629
0.724681
0.770607
0.719571
0.730251
0.645220
0.770104
0.682242
0.806354
0.661502
0.678396
0.669382
0.647979
0.648380
0.643746
0.642568
0.714853
0.649633
0.670962
0.593036
0.582819
0.658337
0.625932
0.577803
0.584335
0.611515
0.617637
0.582583
0.547960
0.563217
0.590717
0.603989
0.571745
0.546669
0.546393
0.522841
0.547253
0.559254
0.561179
0.534550
0.498034
0.479815
0.505995
0.529675
0.505800
0.482311
0.475168
0.505807
0.499081
0.489110
0.466829
0.474554
0.465525
0.457852
0.459252
0.486346
0.472055
0.415965
0.471999
0.452732
0.451768
0.434013
0.421094
0.423704
0.435351
0.418536
0.431940
0.416877
0.392480
0.380277
0.406980
0.380559
0.409351
0.388734
0.386346
0.399845
0.388115
0.364807
0.383370
0.387671
0.359239
0.367191
0.359140
0.336067
0.345482
0.343623
0.315978
0.326306
0.336028
0.312545
0.345126
0.321662
0.325979
0.308707
0.320582
0.290480
0.310106
0.286015
0.323055
0.297876
0.300744
0.288242
0.287990
0.275790
0.279960
0.263900
0.272690
0.285094
0.275360
0.270835
0.257009
0.253499
0.271742
0.246788
0.253110
0.255164
0.258968
0.229790
0.240881
0.233700
0.217196
0.235991
0.233981
0.252596
0.220128
0.217538
0.222696
0.208176
0.211443
0.209678
0.199471
0.200824
0.196405
0.207448
0.191638
0.194975
0.186109
0.191783
0.182616
0.185872
0.195926
0.171498
0.167843
0.175413
0.163785
0.167594
0.165785
0.165417
0.155772
0.154330
0.158699
0.149524
0.156350
0.144281
0.147421
0.145767
0.145310
0.142500
0.138179
0.131213
0.134137
0.130639
0.130505
0.131187
0.128032
0.119378
0.118932
0.116252
0.116206
0.109433
0.110258
0.106552
0.108782
0.105060
0.108961
0.103388
0.101039
0.100186
0.093874
0.096162
0.091454
0.089112
0.090213
0.087106
0.083680
0.083871
0.083231
0.079511
0.074296
0.073017
0.071917
0.072649
0.068762
0.066735
0.066048
0.066997
0.065065
0.057717
0.060765
0.056575
0.051689
0.055495
0.051779
0.052714
0.048189
0.046297
0.042632
0.042063
0.040369
0.038602
0.037509
0.035569
0.032392
0.031196
0.029545
0.027416
0.025385
0.023392
0.021361
0.018369
0.015385
0.011548
0.008321
0.000000
0.007875
0.011866
0.014932
0.017326
0.018186
0.021619
0.023071
0.024495
0.025453
0.028119
0.028591
0.029400
0.030804
0.031273
0.032299
0.033391
0.035175
0.034240
0.036299
0.037426
0.038491
0.039040
0.040917
0.041139
0.043591
0.041033
0.042029
0.043819
0.043763
0.044720
0.046889
0.046253
0.046745
0.046417
0.047387
0.046988
0.048761
0.049501
0.047353
0.047723
0.050903
0.052980
0.049589
0.052097
0.051463
0.052341
0.051462
0.052946
0.053265
0.053243
0.054542
0.054392
0.053578
0.054323
0.054600
0.057266
0.057889
0.057059
0.056994
0.058893
0.056164
0.058423
0.057112
0.056954
0.058169
0.056320
0.060423
0.058137
0.057623
0.060701
0.059636
0.060867
0.058955
0.058469
0.061380
0.060698
0.061402
0.061680
0.061637
0.061872
0.061511
0.063645
0.059482
0.060865
0.061924
0.063220
0.063475
0.061284
0.061010
0.063074
0.062417
0.061614
0.062869
0.061859
0.060998
0.063568
0.065771
0.065123
0.062879
0.062190
0.061854
0.064308
0.063503
0.064052
0.063815
0.062431
0.062369
0.065347
0.062971
0.060128
0.063129
0.060523
0.062175
0.062092
0.061234
0.062929
0.060811
0.061591
0.061814
0.063153
0.062580
0.059997
0.061311
0.063519
0.059972
0.059837
0.059584
0.058171
0.062505
0.061257
0.057363
0.060789
0.060662
0.058584
0.059180
0.060122
0.058501
0.057081
0.058418
0.056095
0.052859
0.057937
0.057328
0.057476
0.058113
0.055227
0.053823
0.055157
0.054538
0.054517
0.053549
0.053714
0.054885
0.052344
0.052790
0.053783
0.051435
0.049399
0.049913
0.052253
0.048650
0.047157
0.050651
0.048920
0.049132
0.047160
0.046836
0.047290
0.047534
0.044856
0.044431
0.042369
0.042163
0.042883
0.043070
0.041687
0.040540
0.040795
0.037940
0.036738
0.036027
0.038607
0.035483
0.034898
0.034764
0.031679
0.032283
0.031165
0.029629
0.027812
0.026113
0.026489
0.022587
0.021321
0.021132
0.019781
0.015524
0.013668
0.012257
0.011341
0.012417
0.015029
0.017348
0.018799
0.024648
0.025143
0.028082
0.030115
0.030732
0.031211
0.034139
0.036702
0.038594
0.040137
0.043295
0.045190
0.047919
0.047998
0.050940
0.050777
0.057068
0.060250
0.055981
0.057737
0.062633
0.067784
0.065464
0.062649
0.069524
0.071680
0.076353
0.078920
0.073890
0.077435
0.083325
0.082650
0.082705
0.090849
0.083453
0.092377
0.096584
0.092562
0.096903
0.102304
0.096412
0.103973
0.098439
0.102842
0.108421
0.106743
0.113985
0.109601
0.118862
0.117913
0.119314
0.122877
0.129898
0.121831
0.132167
0.133432
0.132121
0.135537
0.137802
0.142010
0.145683
0.146040
0.147554
0.154104
0.161066
0.154312
0.172335
0.164387
0.158951
0.164187
0.171717
0.167190
0.174500
0.184424
0.174016
0.185745
0.192124
0.183767
0.197715
0.191211
0.187771
0.197110
0.204111
0.194421
0.206948
0.194943
0.197170
0.214044
0.207338
0.241833
0.233239
0.224390
0.224869
0.249461
0.232679
0.228559
0.231397
0.239754
0.239097
0.243751
0.259536
0.243161
0.262994
0.256921
0.263592
0.256290
0.277827
0.277175
0.268745
0.286368
0.285118
0.293421
0.288094
0.294276
0.289267
0.280723
0.327056
0.332183
0.326898
0.311379
0.332079
0.329580
0.337670
0.307502
0.338505
0.331488
0.350925
0.335069
0.379708
0.357601
0.342294
0.337645
0.337133
0.401919
0.375916
0.384728
0.372823
0.400927
0.389892
0.377619
0.384743
0.376781
0.423400
0.409578
0.421206
0.396830
0.456195
0.492608
0.412651
0.428655
0.408491
0.418305
0.436713
0.422588
0.455748
0.445924
0.445313
0.478735
0.494778
0.480114
0.446241
0.465801
0.478008
0.493581
0.528334
0.493259
0.500015
0.526828
0.554160
0.541140
0.530539
0.518668
0.528832
0.500787
0.543948
0.561440
0.542441
0.585831
0.593505
0.577537
0.584392
0.588005
0.610782
0.544402
0.624735
0.611690
0.655686
0.640250
0.612669
0.617532
0.602205
0.660781
0.619217
0.711770
0.645138
0.640116
0.657480
0.625116
0.686753
0.630406
0.736068
0.747729
0.727524
0.686373
0.703820
0.703568
0.698628
0.733246
0.726844
0.725988
0.711575
0.748688
0.727865
0.756945
0.734494
0.760207
0.835760
0.856571
0.885385
0.789848
0.772688
0.892205
0.796612
0.790193
0.915985
0.871222
0.845560
0.907693
0.857153
0.843181
1.000237
0.878668
0.975515
1.032891
0.901495
0.919155
0.938317
0.824332
0.913850
1.005027
0.857209
0.988425
1.004813
1.018555
0.930164
1.074559
1.001102
0.967876
0.956434
1.072381
1.027003
1.223104
1.059320
1.172773
1.020780
1.114343
1.114836
1.058956
0.994289
1.149397
1.131582
1.126314
1.291969
1.134626
1.081731
1.160954
1.289349
1.154527
1.118419
1.357186
1.119719
1.158315
1.254605
1.220967
1.212802
1.255621
1.273240
1.281290
1.553496
1.198283
1.219060
1.267204
1.205548
1.361912
1.552114
1.690308
1.559690
1.446723
1.585539
1.428905
1.672508
1.458893
1.317862
1.202278
1.516565
1.546080
