0.801868
0.795321
0.739811
0.784851
0.751787
0.706781
0.690461
0.802850
0.739686
0.773782
0.703625
0.720412
0.694486
0.704360
0.711217
0.699002
0.716199
0.699705
0.621323
0.713423
0.694572
0.652424
0.690501
0.633325
0.672434
0.640325
0.651391
0.727604
0.625665
0.648443
0.695134
0.612436
0.616938
0.635331
0.615136
0.624119
0.620463
0.619473
0.633214
0.596022
0.569735
0.609925
0.580966
0.602014
0.607844
0.602418
0.580062
0.576643
0.584563
0.522925
0.553470
0.586505
0.553436
0.585588
0.556589
0.531256
0.521952
0.542435
0.509434
0.557634
0.517699
0.530907
0.508297
0.521769
0.537931
0.558378
0.478893
0.495684
0.493606
0.518785
0.486256
0.472251
0.478207
0.490463
0.482007
0.455139
0.460940
0.447045
0.468038
0.487969
0.439623
0.467040
0.472803
0.440982
0.431961
0.422302
0.467010
0.411796
0.417675
0.439899
0.428220
0.389976
0.408662
0.454327
0.385938
0.413322
0.417745
0.416094
0.386963
0.406602
0.379898
0.399553
0.390860
0.391684
0.375140
0.363100
0.380034
0.362941
0.382818
0.353949
0.364269
0.369467
0.356668
0.337583
0.366254
0.342598
0.353628
0.360095
0.336931
0.337434
0.341028
0.320599
0.322504
0.312045
0.332812
0.327456
0.327358
0.321267
0.313565
0.323609
0.321235
0.327884
0.303079
0.290390
0.295773
0.298472
0.283606
0.284428
0.306044
0.303036
0.295899
0.282431
0.264846
0.285442
0.280724
0.277548
0.262931
0.275407
0.264939
0.259342
0.264897
0.246043
0.262163
0.256822
0.245484
0.245434
0.237822
0.248869
0.235945
0.243162
0.232793
0.235167
0.229075
0.227136
0.221875
0.224696
0.226054
0.222270
0.223835
0.213716
0.218729
0.212477
0.204048
0.216274
0.217494
0.209618
0.196233
0.192865
0.199401
0.188757
0.187810
0.201171
0.193377
0.186798
0.192646
0.181215
0.177261
0.176911
0.172127
0.187869
0.173777
0.167080
0.184767
0.162507
0.172098
0.163538
0.157482
0.163119
0.150164
0.160837
0.155396
0.153543
0.150507
0.147574
0.144641
0.145121
0.145069
0.142978
0.137970
0.134506
0.130735
0.131660
0.130061
0.127914
0.131335
0.125397
0.122565
0.132488
0.117061
0.118170
0.118446
0.116841
0.113857
0.111566
0.112275
0.108943
0.107339
0.107814
0.107316
0.103746
0.097828
0.098637
0.095522
0.097699
0.092948
0.096184
0.093404
0.085901
0.092067
0.090974
0.083219
0.085568
0.081377
0.086075
0.078659
0.079177
0.077032
0.079958
0.075066
0.074091
0.069320
0.069885
0.069048
0.070450
0.069519
0.067460
0.065373
0.063257
0.061729
0.060981
0.060043
0.057109
0.054579
0.054016
0.052467
0.051642
0.053080
0.050584
0.050062
0.048551
0.047315
0.045533
0.042216
0.042531
0.042090
0.039602
0.037652
0.037622
0.036416
0.035941
0.033319
0.033240
0.032191
0.030154
0.027708
0.027806
0.025524
0.025187
0.023348
0.021943
0.020894
0.019499
0.017423
0.015996
0.015127
0.013173
0.011285
0.009305
0.006112
0.000000
0.005951
0.008792
0.010461
0.012511
0.013827
0.014635
0.016333
0.017281
0.017978
0.019525
0.020065
0.020766
0.021557
0.022205
0.023474
0.023682
0.024513
0.025836
0.026129
0.026936
0.028229
0.027497
0.029479
0.030700
0.029074
0.030320
0.030517
0.030626
0.031102
0.030725
0.031608
0.033980
0.032303
0.032898
0.035440
0.032852
0.033996
0.035907
0.034008
0.035582
0.035759
0.035438
0.036835
0.035933
0.036677
0.037787
0.038130
0.038509
0.038120
0.038014
0.038287
0.039495
0.039483
0.038596
0.039314
0.039876
0.039750
0.039521
0.040815
0.039399
0.039049
0.041479
0.040687
0.041024
0.042667
0.040813
0.040171
0.042649
0.042758
0.042267
0.042588
0.043640
0.043588
0.042765
0.043435
0.044491
0.044940
0.044027
0.043600
0.044997
0.041931
0.042418
0.043108
0.043475
0.042722
0.045893
0.043311
0.044975
0.045119
0.044342
0.045206
0.045289
0.044760
0.044255
0.043147
0.043662
0.044676
0.044710
0.042764
0.045664
0.041524
0.044931
0.043576
0.043792
0.044097
0.044474
0.044349
0.043745
0.042825
0.043558
0.042167
0.042333
0.042742
0.043072
0.043670
0.045880
0.043175
0.042665
0.044195
0.042252
0.041185
0.043427
0.043112
0.042954
0.043388
0.042485
0.042149
0.042050
0.041273
0.041959
0.041390
0.043773
0.041304
0.042895
0.041606
0.041047
0.040650
0.041361
0.040171
0.042043
0.040235
0.040028
0.039306
0.039832
0.038316
0.038204
0.038689
0.039232
0.039128
0.039376
0.038393
0.038473
0.038085
0.038104
0.037256
0.038004
0.036163
0.034911
0.035802
0.034648
0.034583
0.035570
0.035332
0.035567
0.033151
0.034380
0.033419
0.032773
0.031381
0.031405
0.031436
0.029983
0.029724
0.030657
0.029295
0.029213
0.028640
0.027812
0.027819
0.026793
0.026255
0.025635
0.025895
0.022991
0.023919
0.022220
0.022122
0.021311
0.021885
0.018991
0.018859
0.018004
0.017086
0.015829
0.014382
0.013078
0.011401
0.010207
0.007346
0.005668
0.007366
0.010854
0.011957
0.013263
0.015437
0.017578
0.018703
0.019545
0.022976
0.023121
0.023379
0.025423
0.026120
0.028300
0.028254
0.032143
0.032122
0.033845
0.033399
0.036970
0.037962
0.038219
0.039004
0.040948
0.042450
0.042314
0.045371
0.045636
0.048048
0.049364
0.048217
0.052113
0.053170
0.052862
0.055767
0.056383
0.060151
0.058915
0.060857
0.063643
0.064207
0.062279
0.067289
0.068043
0.068015
0.071846
0.071376
0.068844
0.075458
0.075525
0.074747
0.080890
0.078841
0.081384
0.082562
0.083968
0.085172
0.085575
0.087684
0.088976
0.088887
0.095105
0.093447
0.095199
0.097568
0.098897
0.105675
0.103181
0.103668
0.103205
0.105989
0.112057
0.112645
0.107019
0.114454
0.113908
0.117501
0.116011
0.122601
0.117287
0.124963
0.128797
0.125430
0.121898
0.122672
0.135364
0.136051
0.135160
0.137315
0.146094
0.145402
0.144236
0.152028
0.148348
0.147978
0.152766
0.157167
0.157797
0.155978
0.162284
0.167439
0.165776
0.160396
0.165278
0.168439
0.166911
0.179254
0.164675
0.171533
0.190008
0.177779
0.181886
0.182975
0.178301
0.189491
0.194122
0.195474
0.192983
0.196689
0.198879
0.201758
0.208889
0.215768
0.205366
0.217687
0.213313
0.207735
0.221943
0.225428
0.223069
0.235947
0.218340
0.230877
0.236164
0.231246
0.243260
0.235665
0.240113
0.244226
0.241737
0.243307
0.245772
0.253648
0.256648
0.262402
0.262134
0.261321
0.286504
0.275722
0.273512
0.272329
0.271004
0.284890
0.289260
0.282589
0.276849
0.299823
0.289688
0.277131
0.288769
0.313073
0.312145
0.304982
0.315853
0.317530
0.301775
0.302021
0.312063
0.328814
0.324087
0.333764
0.330401
0.335716
0.334384
0.332938
0.340319
0.335259
0.340960
0.349205
0.351329
0.338254
0.357961
0.354648
0.360038
0.369402
0.395427
0.371683
0.400550
0.393961
0.420846
0.401508
0.406527
0.394664
0.371707
0.419233
0.411361
0.392831
0.426756
0.421646
0.406527
0.413183
0.426533
0.393276
0.416132
0.426250
0.424051
0.413929
0.434715
0.464699
0.456139
0.447855
0.474429
0.479875
0.478810
0.455748
0.466312
0.489305
0.502797
0.464494
0.454400
0.483193
0.507731
0.470924
0.466225
0.528937
0.488225
0.485805
0.489269
0.495679
0.518934
0.506432
0.520312
0.553577
0.541501
0.525585
0.544941
0.582242
0.566929
0.582170
0.534636
0.528206
0.593381
0.554378
0.610037
0.549550
0.575660
0.578683
0.615451
0.554425
0.566380
0.656569
0.642079
0.606635
0.561683
0.604045
0.608082
0.611109
0.582838
0.628669
0.651775
0.663767
0.631285
0.672329
0.623903
0.671659
0.634989
0.700684
0.688852
0.679722
0.612111
0.686808
0.692123
0.713076
0.680371
0.709449
0.690418
0.748231
0.746401
0.758555
0.769983
0.712323
0.685145
0.749634
0.737322
0.798334
0.748016
0.758926
0.806852
0.769570
0.761028
0.816186
0.744134
0.745536
0.812481
0.826539
0.769440
0.798184
0.777056
0.788949
0.740876
