-0.002380
0.009888
-0.002136
-0.005554
0.001221
-0.003845
0.002869
-0.004211
-0.004578
-0.002014
0.009338
-0.000183
0.001343
-0.001587
0.001221
0.006897
0.001343
0.008484
-0.005798
0.003479
0.002197
0.001770
0.004395
0.011169
-0.002014
0.009033
0.003113
0.004395
-0.009827
0.010986
-0.002625
-0.003784
-0.005493
0.000549
-0.001831
-0.001465
-0.005737
0.002319
-0.001099
-0.006165
0.008240
-0.008423
-0.002502
0.011597
-0.004517
0.004517
0.005859
0.004883
0.003540
0.003723
-0.005371
-0.001953
0.002625
-0.006042
-0.002930
-0.010925
-0.007019
0.002075
0.003479
0.003357
-0.003235
-0.002380
-0.000183
-0.009521
0.007568
-0.000122
0.002869
-0.002625
-0.000305
0.004456
-0.012024
-0.003235
-0.009949
0.003845
-0.002625
0.001099
0.001526
-0.013123
-0.007751
-0.003601
0.003723
0.001282
-0.000549
0.015503
-0.003113
-0.011841
-0.002747
-0.004150
0.004089
-0.017456
-0.004395
-0.002319
-0.008057
0.006836
-0.005432
0.001160
-0.004089
-0.003357
-0.003296
-0.002686
0.000549
-0.005859
0.003662
-0.000244
0.008423
-0.002014
-0.002686
0.002197
-0.000183
-0.003113
-0.002930
0.004456
-0.005798
-0.002380
-0.008057
0.004578
-0.003601
0.002014
0.000305
-0.002136
-0.007629
-0.000854
-0.003784
-0.002991
0.002014
-0.004150
-0.008179
-0.004272
0.009521
0.015015
0.004517
-0.000244
-0.002563
0.001709
0.007629
-0.001099
0.000549
0.000122
0.002319
-0.001038
-0.005737
0.003967
0.005737
0.000488
-0.008423
-0.010254
-0.008606
0.003540
-0.003601
0.002014
-0.002625
-0.001892
0.003418
0.007385
0.007019
0.003662
0.007019
-0.000183
0.004028
0.000488
0.003113
-0.001892
0.005310
0.006287
0.000244
0.003723
-0.002380
0.011841
-0.003784
0.016663
0.001038
0.009216
0.006958
-0.002075
-0.005005
-0.005371
-0.011780
0.001953
0.001038
-0.010986
0.000427
0.008911
0.005310
0.001221
-0.001648
0.002380
-0.000183
0.004272
-0.006531
-0.003052
-0.000305
0.003540
-0.002319
0.004517
0.001343
0.000610
0.011414
0.002686
0.004395
0.002380
-0.000977
0.006042
0.331055
0.724426
0.622742
0.586853
0.242798
0.145935
-0.000916
0.006165
-0.004578
-0.003967
0.000671
0.005310
-0.007141
-0.000122
-0.005066
-0.000977
-0.007263
-0.000427
0.001465
0.001526
-0.003357
-0.003235
-0.010803
0.003601
-0.002075
0.003601
0.003784
-0.001953
0.867126
0.992126
0.991394
0.992920
0.992737
0.941528
0.773132
0.772766
0.774963
0.769836
0.774902
0.772278
0.773499
0.776978
0.666748
0.208435
-0.006287
-0.010193
0.002808
0.000549
0.006592
0.000427
0.000427
-0.002197
-0.007690
-0.005920
-0.003113
-0.011841
0.250427
0.449646
0.289307
0.439941
0.629272
0.886719
0.992310
0.884277
0.994019
0.992554
0.992126
0.976746
0.896179
0.991699
0.992310
0.546448
-0.005127
0.000000
-0.003479
0.000671
-0.003052
-0.006775
-0.006836
0.007446
-0.012451
-0.005798
-0.002808
0.005676
-0.003418
0.001343
-0.007568
-0.000610
0.000183
0.070679
0.260132
0.047852
0.254395
0.269226
0.264038
0.237000
0.077576
0.920532
0.990662
0.416504
-0.005066
-0.002136
-0.009094
-0.003235
-0.005432
0.001221
-0.005127
0.005554
-0.002502
0.008057
0.005615
0.002441
-0.001953
0.001221
-0.006226
0.003784
0.001099
-0.007202
-0.001526
0.005066
-0.004456
-0.005920
0.005920
-0.005249
0.324585
0.988831
0.816345
0.066895
-0.001587
0.010132
-0.004395
-0.002502
-0.004272
0.004639
-0.002319
0.003052
0.002808
-0.003418
-0.010193
-0.007202
0.015564
-0.005066
-0.002869
-0.003784
0.003723
-0.000732
0.002686
0.002441
-0.009705
0.000061
0.003906
0.078979
0.911560
0.996399
0.329102
-0.000427
0.006165
-0.006531
0.002747
0.001343
0.004944
0.004150
-0.001587
-0.008484
-0.003662
-0.000671
-0.002136
0.004150
-0.000732
0.006958
-0.000854
-0.008484
0.000244
0.003723
-0.002686
-0.004761
-0.005676
-0.005432
-0.001831
0.504883
0.992615
0.930115
0.165405
-0.000427
-0.011841
-0.011292
-0.001465
-0.001404
0.009949
-0.005737
0.000305
0.002319
0.001465
-0.002502
0.002258
-0.003479
0.004089
-0.002747
-0.007446
-0.006348
-0.003113
-0.004272
0.004150
0.000793
-0.000366
0.003357
0.232239
0.973816
0.992676
0.240356
0.008301
0.002014
0.011414
-0.001099
0.001038
-0.007751
-0.008301
-0.006592
-0.003784
0.001160
0.000854
-0.001892
0.003296
0.006653
0.012024
0.003845
-0.000671
-0.008057
0.003662
-0.007568
-0.002869
-0.004883
-0.000061
0.007568
0.517151
0.992859
0.726685
0.015930
-0.000610
0.004883
0.006897
0.006226
0.003052
-0.004089
-0.007324
0.014221
0.010498
0.007812
0.000610
-0.004700
-0.003357
0.004639
0.009460
-0.001404
-0.001221
0.008789
-0.007141
0.001770
0.005432
0.002258
-0.000122
0.033936
0.800903
0.969910
0.232056
0.001953
-0.000305
0.014954
-0.010132
0.005249
-0.003601
-0.001465
-0.003540
0.004639
-0.003174
0.001099
-0.002441
0.010437
0.000610
-0.001892
-0.002747
0.000977
0.010193
0.002563
0.003723
-0.001709
0.008301
-0.006531
0.008484
0.487854
0.993530
0.709045
0.010132
-0.008118
0.002625
-0.005066
-0.002197
0.006775
0.004700
0.000610
0.002197
0.009460
-0.000305
0.002319
0.003601
0.000427
0.004578
-0.002319
0.003296
-0.005249
0.000549
-0.009705
0.009155
-0.006714
0.000488
-0.005371
0.293701
0.979431
0.932617
0.227600
-0.000671
0.006226
-0.001465
-0.000488
-0.004395
-0.004395
0.000183
-0.004456
0.010254
0.001770
0.001770
0.007812
0.006714
0.006348
-0.007996
-0.005371
0.002380
0.009949
-0.004333
0.003601
-0.000610
0.008911
-0.001465
0.078430
0.867493
0.992310
0.647278
0.000000
0.002014
0.000488
0.001648
-0.002930
-0.008240
0.008362
0.002625
0.002563
-0.005005
-0.000305
-0.004089
-0.006226
0.001038
0.006348
0.003967
0.005188
-0.001282
0.000122
0.008118
0.008850
0.000366
-0.002991
0.009583
0.790710
0.992126
0.852051
0.135986
0.001221
0.000122
0.006897
0.001770
0.007385
0.005432
-0.007446
-0.005493
-0.000244
0.004456
0.000610
-0.002930
0.011414
0.004150
-0.005920
0.007080
0.004395
-0.005127
-0.003418
-0.000305
0.001099
0.008606
-0.011108
0.149292
0.992981
0.992859
0.301392
0.008545
0.002808
-0.000427
0.007690
-0.001282
-0.002319
0.004883
-0.012207
-0.000793
-0.001709
-0.000977
0.010681
-0.004150
0.000793
-0.004272
0.007568
0.009338
-0.001953
-0.005188
0.005310
-0.005127
-0.008728
0.001160
0.119568
0.873779
0.992798
0.441956
0.013184
-0.007751
0.000366
-0.000122
-0.000122
0.003906
0.000366
-0.001953
-0.000183
-0.007446
0.005249
-0.004456
0.002136
0.003479
0.006165
0.000854
-0.004944
0.002930
-0.004578
-0.009521
0.001648
-0.001648
0.005249
-0.004578
0.524963
0.992310
0.992554
0.202759
0.003967
0.009949
-0.004822
0.000916
-0.000977
0.011963
0.004211
0.003540
0.003052
-0.010864
0.007751
-0.003662
0.001404
0.010254
-0.002808
-0.002686
0.003418
-0.006958
0.000061
0.006165
-0.007141
0.000793
-0.000977
0.237549
0.945923
0.991516
0.991455
0.207886
0.008484
0.007568
-0.010254
0.006348
-0.007690
0.010742
0.001404
-0.006897
-0.000183
0.004578
-0.004333
0.005554
-0.000977
0.001160
-0.002380
0.000671
-0.003113
0.005493
-0.004333
0.004761
-0.002197
-0.019165
-0.002991
0.479309
0.992432
0.992615
0.860046
0.167969
0.001221
0.005676
0.002319
-0.004883
-0.000732
0.010254
0.006409
0.008789
0.004150
-0.006287
0.001038
0.001648
-0.004944
0.003235
-0.000488
-0.001099
-0.005615
0.008728
-0.000427
0.006775
0.008545
0.000732
-0.002563
0.474854
0.993164
0.813110
0.073608
0.006165
-0.009583
-0.008179
0.005432
0.004456
-0.001831
-0.005554
0.007996
0.006042
-0.002869
-0.013306
-0.002014
0.004272
-0.006409
-0.000244
0.009460
-0.005859
0.005066
-0.010925
-0.008057
-0.007812
-0.000427
0.011292
0.002319
-0.009399
0.000366
-0.007141
-0.009277
0.007385
0.001038
-0.006409
0.001099
0.006042
-0.002747
-0.009399
0.003418
-0.000366
-0.005981
-0.005676
0.023193
0.003174
-0.006897
