0.120377
0.170446
0.096051
0.145526
-0.004639
0.040094
0.039581
0.060241
0.048000
0.007019
-0.009338
0.121242
0.027664
0.007263
0.017653
0.148571
0.002197
0.250000
0.180000
0.133659
0.034722
-0.006470
0.098901
0.005554
0.007446
0.115900
-0.008850
-0.007935
0.006678
0.159071
0.127633
0.238903
0.154131
0.039526
-0.005188
0.057734
-0.003113
0.198777
0.213220
0.264151
-0.001282
0.151620
0.010132
-0.002136
0.021713
0.069597
0.020804
0.298507
0.158404
-0.004822
-0.010254
0.034024
0.026398
0.036496
0.023374
0.005249
0.205056
0.001520
0.222535
0.072435
0.185827
0.171472
0.141304
0.106352
0.243902
0.060556
0.088362
0.112593
0.297078
0.002686
0.004578
0.204593
0.034091
0.191935
0.029052
-0.001099
0.202128
0.137681
0.068182
0.001648
0.248577
0.289958
0.086763
0.000488
0.195009
0.034562
0.138699
0.006226
0.000916
0.128467
0.000000
0.094249
0.181356
0.008294
0.083676
0.057637
-0.001221
0.187029
0.103393
0.039216
0.140873
0.055814
0.079063
0.055351
-0.002319
0.059791
-0.001221
0.105721
0.397548
0.032949
0.196231
0.204762
0.010941
0.324207
0.117089
0.028289
0.090764
0.013652
0.127714
0.000366
0.081301
0.001770
0.052279
-0.002930
0.084071
-0.000427
0.169355
-0.002869
-0.007874
0.114241
-0.007751
0.038601
-0.000305
0.000000
0.147303
0.230392
0.004967
0.003235
-0.015930
0.130561
0.114004
0.055980
0.146617
0.269051
0.128778
0.071174
-0.000305
0.000610
0.006958
-0.001953
-0.002563
0.005676
0.010620
0.000854
0.186885
-0.000488
0.073487
0.008347
-0.006836
-0.001404
0.430952
0.114007
0.197292
-0.004944
0.097600
0.001282
0.077121
0.088346
0.006104
0.001038
0.081836
0.132956
0.012931
-0.005798
-0.003113
0.002869
-0.003113
0.003052
0.002686
0.009644
0.005981
0.096886
-0.011902
-0.004944
0.000488
-0.006287
0.001953
0.001343
-0.004456
0.022831
0.000244
0.056575
0.140000
0.214165
0.004089
0.011905
0.014210
0.300435
0.086111
0.187586
0.001404
0.003845
-0.002502
-0.001343
0.002869
-0.005798
-0.000366
-0.001465
-0.006958
-0.002869
0.000244
-0.002380
0.005371
-0.006897
-0.003967
-0.002441
0.003357
-0.000427
0.001648
0.237795
0.182971
0.239203
0.051604
0.141133
0.016696
0.115566
0.005554
0.000671
0.006592
-0.001892
-0.002686
0.004517
0.000427
0.002014
-0.004883
-0.009033
-0.006104
-0.005859
0.005249
0.001709
0.002563
0.003174
-0.002808
-0.001282
-0.006165
-0.010254
0.000854
0.245590
0.046843
0.038770
0.315930
-0.011475
0.006104
0.357058
0.140652
0.325949
0.007751
0.004211
-0.005371
0.006470
0.001587
-0.005066
0.002930
-0.002136
-0.008789
0.003357
-0.002380
0.009583
0.007141
0.006592
0.003357
-0.002869
0.002075
-0.005066
0.002136
0.021212
0.146667
0.029985
-0.004639
0.110553
0.022581
0.055405
0.002837
0.174204
0.004089
-0.006836
-0.005493
-0.008911
-0.007629
0.006714
0.001892
0.002380
0.002136
0.001648
0.006958
0.011658
0.005371
0.001038
0.001831
0.007019
0.004333
-0.003113
-0.004395
-0.002869
0.220588
0.008484
-0.000061
0.030818
0.130841
0.188000
0.050290
0.056106
0.258929
0.005005
-0.003052
-0.007690
0.001160
-0.009888
0.002747
0.005859
0.006348
0.003418
-0.004150
-0.009277
-0.010132
0.012024
-0.006775
-0.007141
0.002625
0.004211
0.001343
0.073504
0.266340
0.189655
0.067416
0.145022
0.192102
0.127559
0.262739
0.375817
0.097598
-0.005005
0.004761
0.156579
0.074020
0.000305
0.144131
0.001709
-0.005005
-0.003174
0.000671
-0.001892
-0.003113
0.009094
-0.006104
-0.000916
0.002563
0.003052
-0.004639
0.330391
0.364937
-0.000854
0.111594
0.128049
0.187571
-0.010254
0.004883
0.208791
0.087719
0.208678
0.102256
0.005396
0.065539
0.010071
0.253870
0.086441
0.187500
0.122857
0.217311
0.010681
0.004150
-0.002747
0.002014
0.002197
-0.000366
-0.002197
0.088583
0.267887
0.158678
0.083467
0.026316
0.235178
0.079477
0.006775
-0.003052
0.183502
0.001404
0.051383
0.079032
0.019787
0.177496
-0.000061
0.033588
-0.008728
0.003357
0.004517
0.000488
0.003784
-0.011902
0.002319
0.004456
0.007690
-0.004089
-0.000977
0.047382
0.210983
0.236486
0.012085
0.133903
0.026210
0.092366
0.008301
0.002136
0.147425
0.381538
0.001343
0.250362
-0.002869
0.021776
0.017991
0.003662
0.001404
-0.002563
0.002915
0.001099
-0.005005
-0.004944
0.001160
-0.000427
-0.007446
0.145714
0.091075
0.021526
0.067708
0.149832
0.099455
-0.001648
0.146368
0.051232
0.009890
-0.003784
0.004405
-0.001526
0.053211
0.116279
0.266026
0.179676
-0.000671
0.060748
0.004089
0.036735
0.182292
-0.001648
-0.002319
-0.002075
-0.006409
0.000183
0.001038
-0.001160
0.005310
0.172632
0.067930
0.028391
0.144068
-0.000122
0.121711
0.100000
0.163504
0.000000
0.116084
0.010076
-0.003052
-0.002869
0.013062
0.311983
-0.001282
0.132399
0.241270
0.002075
0.008850
-0.005920
0.001648
0.011963
0.003357
0.002502
0.001404
0.002808
0.236842
0.003662
0.278846
0.301262
0.250000
0.234286
0.004211
-0.003357
0.153747
-0.003540
0.059130
0.074138
0.187845
0.207339
0.126961
0.001524
-0.002991
0.170833
0.087193
-0.010254
-0.002258
-0.002808
0.002380
-0.000549
0.005005
0.026258
0.157439
0.292196
0.172876
0.098592
0.692488
0.002136
0.061252
0.000610
0.006531
0.248136
-0.007141
0.000244
0.072881
0.000000
-0.002380
0.057391
0.185682
0.004639
-0.000244
0.022581
0.011169
0.003662
0.002380
-0.007324
0.005737
0.003662
0.000549
-0.006775
-0.008911
0.100601
0.114137
0.109281
0.229656
-0.006104
0.075926
-0.006470
-0.009949
0.001980
0.367568
0.005076
0.084527
0.005859
0.223776
0.271739
0.006409
-0.002808
0.203390
0.096724
-0.001404
0.002380
0.004272
0.004456
0.002258
-0.004517
-0.001709
-0.003967
0.382239
0.014107
0.318952
0.005554
-0.003296
0.297391
0.009360
0.203860
0.232271
0.001587
0.129477
0.322896
0.004883
0.224843
0.214754
-0.005188
0.042857
0.051146
0.000366
0.003361
0.002747
-0.002991
0.000732
0.004944
0.007263
0.015015
-0.017151
-0.011658
0.278796
0.006958
0.009409
0.049415
0.001648
0.000000
0.006409
0.062422
0.004883
0.193124
0.128767
-0.009155
0.066583
0.055901
0.113514
0.000305
0.297064
0.210095
-0.011719
-0.003906
0.005798
0.006958
0.007690
0.002014
-0.002625
0.077143
-0.005676
0.124780
0.177384
0.068908
-0.004639
0.249254
0.035503
-0.006287
0.117812
0.007804
0.178821
0.086646
0.012512
0.185321
0.108963
0.203673
0.053746
0.259325
0.012085
-0.009766
0.005076
0.010864
0.004150
0.005798
-0.010376
0.002136
0.018950
0.003235
0.109278
0.003174
0.053743
0.007202
0.162752
0.005096
0.009705
0.050633
0.069307
0.123596
0.167608
0.002930
0.106383
0.000854
0.051969
-0.003113
0.324153
0.072948
-0.007751
0.035162
0.000854
-0.007935
-0.005493
0.001526
0.004822
-0.004578
0.026846
0.088710
-0.005188
0.001613
-0.004333
0.049528
0.129959
0.403101
0.348837
0.002258
0.113419
0.157827
0.110582
0.099404
0.111717
0.032303
0.008911
-0.001465
0.005005
0.116122
0.061224
-0.002502
-0.000732
-0.001648
0.013306
0.000854
0.004700
0.000122
0.004883
-0.010071
0.156015
0.156573
0.000000
0.006531
0.023184
0.219355
-0.001526
0.271484
0.005310
0.116484
0.088488
0.068493
0.117500
-0.003601
0.059611
0.193439
0.171091
0.310178
0.147268
0.003052
0.001831
0.004700
-0.001709
-0.010498
-0.005249
-0.003784
0.017462
0.099237
0.072323
0.006053
0.107527
0.244125
0.272727
-0.000671
0.321205
0.003357
-0.003357
0.282678
0.110076
0.091245
0.019005
0.119048
0.108262
-0.000977
0.164824
0.047337
0.085264
-0.003784
0.007324
0.001282
-0.012939
0.000793
0.000122
-0.001831
0.003052
0.100452
0.000732
0.149787
0.112326
-0.006470
0.025052
-0.000549
-0.000732
0.006470
0.074572
0.049628
0.003113
0.007752
0.013386
0.071349
-0.000427
0.123212
0.004456
0.145332
0.216272
0.106090
0.146474
0.073589
0.046559
0.007322
0.046632
0.001465
0.055556
0.234165
0.095191
0.182213
0.002871
0.089021
0.069792
-0.004822
0.175361
0.112167
-0.001709
0.039889
0.067611
0.004089
0.119435
0.203655
0.175141
0.008606
0.138340
0.045020
0.210199
0.005249
0.015244
0.000122
0.125501
0.256082
0.301273
0.003984
-0.003540
0.010601
-0.007751
0.002075
0.072427
-0.001587
0.077313
0.003357
0.059737
0.050697
0.146862
0.120567
0.024096
0.115178
0.127771
-0.003418
-0.005188
-0.003235
0.104730
0.158850
0.106814
0.041522
0.587137
0.252349
0.217548
0.005615
0.068910
-0.002441
0.030695
0.055944
0.038521
0.199330
0.169106
0.186885
0.098074
0.114379
0.003296
0.147368
0.164103
0.015234
0.084896
0.006836
0.010010
-0.014099
0.001648
0.307692
0.119874
0.170999
-0.008911
0.062678
0.135215
0.425234
0.026987
0.082270
0.021922
0.204117
0.114504
0.001343
0.168739
0.125000
0.011230
-0.005371
-0.000366
0.008423
0.000671
0.234711
0.228654
0.154044
0.009404
0.050265
0.270922
-0.009216
0.347670
0.241975
0.023370
0.240527
0.263554
0.002930
-0.006958
-0.003235
0.095979
0.004395
-0.001770
0.083039
0.114780
0.118976
0.146438
0.144279
-0.001648
0.096429
0.128165
0.116054
0.003479
-0.002808
0.005676
0.101631
0.002869
0.009277
-0.005554
0.237316
0.050571
0.105785
0.131241
0.053114
-0.004395
-0.007446
0.003662
0.005493
0.001221
0.102500
0.010254
-0.002502
0.001282
0.306167
0.097127
0.430736
0.172507
0.061360
0.151757
0.231008
0.090078
0.240343
0.254902
0.001099
0.006409
0.159708
0.033333
0.040000
0.001099
0.061588
0.060311
-0.006287
-0.001343
-0.000732
-0.007385
-0.001465
0.000671
0.005005
-0.004944
0.007263
-0.004211
0.011902
0.008789
-0.005066
-0.001038
0.001099
0.021521
0.386154
-0.002197
0.027190
0.041565
0.039072
0.054029
0.001170
0.203125
0.005798
0.073864
0.003490
0.006042
-0.012573
0.044295
0.136765
0.169271
0.264865
0.262090
0.006104
0.006470
-0.002197
-0.000793
-0.000183
0.001038
0.002502
0.009094
-0.004456
0.004822
0.006012
0.171123
0.003247
0.177531
0.214966
0.006775
0.068367
0.062893
0.062992
-0.001343
-0.000183
-0.002869
-0.001892
0.028417
0.404290
0.826816
0.535608
0.812274
0.915596
0.237074
0.450530
0.392015
0.362193
0.259409
0.118033
0.123978
0.009888
0.114110
0.214403
0.455861
0.037037
0.004761
0.045326
0.173362
0.030663
0.182375
0.002502
0.409836
0.003479
0.002441
0.131617
0.008545
0.658929
1.088496
0.957721
0.854386
0.617021
0.710680
0.429268
0.826087
0.647059
0.287417
0.331361
0.562852
0.338177
0.552674
0.663805
0.321145
0.096014
-0.001404
0.010542
0.188353
0.050051
0.051482
0.095335
0.078003
0.014388
0.000000
0.088496
0.206993
0.324773
0.359621
0.154618
0.292683
0.478182
0.724138
0.434545
0.777011
0.909266
0.692449
0.312169
0.684337
0.656958
0.731231
1.276018
0.145570
0.000916
0.009583
0.123810
-0.006531
0.130926
0.238261
-0.000854
0.077058
-0.003296
0.002789
-0.005188
0.071887
-0.000488
-0.004028
-0.009399
0.388979
0.226124
0.382353
0.071429
0.193126
0.070652
0.002075
0.086849
-0.010193
0.601961
1.304069
0.878425
0.201377
0.177043
0.071637
0.025886
0.180374
-0.006226
0.060960
0.094003
0.013855
0.153046
0.428571
0.053793
-0.001282
0.331210
0.052000
0.127737
0.003967
0.001404
0.065757
-0.003845
-0.003296
-0.009033
0.004761
-0.006104
0.157143
0.838188
1.096875
0.591367
0.000000
0.256250
0.157546
0.081112
0.158922
0.076210
0.061637
0.067542
0.004456
0.249340
0.066474
0.262963
0.106457
0.192647
0.068581
0.258681
0.006653
0.427128
0.279512
-0.002563
-0.008118
0.000671
-0.002014
-0.008423
0.435774
1.325279
0.948763
0.560606
0.111732
0.023184
-0.001099
0.082391
0.211443
0.026801
-0.008728
-0.002075
0.002686
0.040764
0.193050
0.027957
0.207447
0.152566
0.096626
0.098124
0.174583
0.214408
0.335913
0.026667
-0.000977
-0.003662
0.007874
0.485866
0.620199
1.549145
0.427157
0.131837
-0.000732
0.107644
-0.003052
-0.004395
0.083519
0.013032
-0.004761
-0.000366
0.125551
0.011658
0.075885
0.203791
0.001465
0.106259
0.095578
0.253996
0.000244
0.048000
0.004089
0.001404
-0.003113
-0.013000
0.165017
0.379357
0.876999
1.209393
0.145215
0.175824
-0.000549
0.069465
0.107926
0.047776
0.060576
0.040795
0.362451
0.000000
0.337989
0.084337
0.003601
0.269071
0.035162
0.474465
0.248408
0.008850
0.151515
0.070234
-0.003601
-0.000854
0.008423
-0.014648
0.116279
0.922222
0.821300
0.463320
-0.003540
0.200323
0.027190
0.101246
0.030303
-0.010742
0.109375
-0.007019
0.003906
0.045113
-0.004944
-0.008301
0.000000
0.000122
0.119403
-0.006409
0.274627
0.039640
0.006531
0.147727
-0.001038
0.012024
0.008911
0.068627
0.362934
1.396491
0.637978
0.257143
0.254986
-0.001282
0.088663
-0.002747
0.245009
0.156646
0.257407
0.169474
0.194946
0.180220
0.008118
0.013611
-0.009644
0.161744
0.026455
0.079365
0.007507
0.202726
-0.011841
0.008240
0.005066
0.000366
0.010376
0.467714
0.970534
1.581522
0.326418
0.082418
0.059744
-0.004639
0.026901
0.323671
0.130168
0.393471
-0.003296
0.064935
0.039526
0.309524
0.006165
0.134680
0.187029
0.036891
0.128874
0.348837
0.005369
0.008911
-0.000732
0.005005
-0.004578
-0.016785
0.161004
0.429741
1.066197
0.634675
0.254821
0.184453
-0.001770
0.106181
-0.001526
0.033691
0.109541
-0.002380
0.085854
0.125255
0.081352
0.003221
0.281071
0.070485
0.256591
0.072546
0.072702
0.217391
0.161716
0.132997
0.044343
0.001648
-0.000488
0.007812
0.863988
0.924051
1.120661
0.364341
-0.001831
0.032852
0.187683
0.005310
-0.003479
0.029350
0.219653
0.041718
0.056039
0.068323
0.131712
-0.012695
0.006714
0.020548
-0.009644
0.223906
0.004456
0.174118
-0.007202
0.059048
0.009644
0.007629
-0.006531
0.117757
1.321839
0.941828
0.679873
-0.004333
0.135861
0.092800
-0.003906
0.095008
0.089109
0.148936
0.013000
0.054180
0.004883
0.246208
-0.002197
-0.009460
0.247312
-0.005859
0.124579
0.005615
0.000244
0.105546
-0.014526
0.015686
-0.002808
0.007446
0.109267
0.537415
1.138554
0.618290
0.237313
0.001892
0.042735
0.023529
0.043956
0.019152
0.076923
0.216998
0.085366
0.141066
0.061356
0.002014
0.138085
0.170213
0.087848
0.072271
0.196347
0.070015
0.007181
0.005310
0.002075
-0.004578
0.004333
-0.005859
0.507772
0.865116
1.245902
0.047840
0.003049
0.180301
0.116343
0.004578
0.096475
0.171806
0.055182
0.001770
0.198397
0.003967
0.069401
-0.000916
0.152209
0.271331
-0.005737
0.053599
0.165752
0.213523
0.142857
0.014876
0.000244
-0.006775
0.001648
0.340757
1.062397
1.227194
1.072593
0.000000
-0.010864
0.255708
0.041925
0.250352
0.232964
0.169557
0.003896
0.254355
0.008301
-0.002747
0.008646
0.078777
0.004272
0.252931
0.015769
0.146580
0.083728
0.291737
0.001709
-0.002197
-0.009521
-0.001953
0.001038
0.984802
1.179032
0.803523
0.677606
0.317343
0.215074
0.146179
0.240449
0.091760
0.107483
-0.002258
-0.001404
0.010753
0.188350
-0.001404
0.063291
0.021824
0.062678
0.104238
0.285877
-0.004333
0.008240
0.137550
0.221667
0.003174
-0.001465
0.000305
0.218634
0.887626
1.129577
0.734483
0.331461
0.079365
0.001160
0.002563
-0.009399
0.125731
0.085919
-0.006226
0.004761
0.237624
0.073073
0.005353
0.075599
0.073314
-0.000793
0.135076
0.072978
-0.005005
0.024218
0.118627
0.225253
0.001099
0.006470
0.075834
0.206457
0.605469
0.892941
0.522071
0.109628
0.003286
0.021815
0.129328
0.007690
-0.009827
0.143172
0.000000
0.191969
0.136939
0.126725
-0.014343
0.017704
-0.010681
-0.007874
-0.008362
0.043145
0.109049
0.094932
0.030658
0.055762
0.002752
0.140984
0.000427
-0.001282
0.081549
0.100202
0.007650
-0.011475
0.102987
0.068859
0.004272
0.002197
0.005249
-0.000122
0.051376
0.001770
0.116301
0.061000
0.000305
-0.000366
0.006958
0.003067
0.122500
0.141534
0.001953
0.044665
0.171146
0.145078
0.092500
0.192240
0.004089
0.000793
-0.001099
-0.002014
0.040462
0.000000
-0.003174
0.004150
-0.004333
0.009521
0.120411
0.011108
0.089239
-0.005432
0.128388
-0.004150
0.022487
0.007507
0.027149
0.157676
0.000610
0.055156
0.090523
-0.001587
-0.000305
-0.001587
-0.001770
0.000610
0.002808
0.010315
0.003723
0.227915
-0.009460
0.215942
0.103950
-0.002502
0.043053
-0.000793
0.006714
0.198571
0.003418
0.000854
0.113636
0.001465
0.040449
0.029252
0.184549
0.002258
-0.001404
0.008240
0.004639
-0.000732
0.002380
0.003210
-0.005981
0.004822
0.016471
0.006409
0.111864
0.120419
0.170915
0.002686
0.001343
0.128599
-0.004395
0.263158
0.074875
0.071111
-0.002258
0.001953
0.256790
0.009155
0.087692
-0.002441
-0.001831
0.009888
-0.003601
0.006061
0.004317
0.008972
0.049248
0.102421
0.001709
0.156040
-0.000610
0.169154
0.008240
0.215655
0.007507
0.017621
0.204173
-0.002747
-0.002014
0.000427
0.130877
0.001587
-0.006287
0.120397
-0.003662
0.209898
0.061625
0.004639
0.085952
0.051364
0.009888
0.288364
0.167813
0.110048
0.274194
0.151603
0.002563
0.002869
-0.001709
0.001831
0.004272
0.010254
0.000305
-0.001038
0.067682
0.209719
-0.001282
0.021113
0.040293
0.004333
0.010742
0.032558
0.096774
0.007874
0.005798
0.033257
-0.004272
0.010292
0.004272
0.068858
0.317629
0.307820
0.706960
0.498708
0.020319
0.005493
0.029167
0.005920
0.053601
-0.005432
0.000183
0.039861
-0.001587
-0.001038
0.176471
0.049261
0.006689
0.008362
-0.001831
0.001404
0.036620
0.006104
0.223011
0.001770
0.002747
0.022599
0.157670
0.027642
0.142857
0.367314
0.705512
0.558997
0.710784
0.648336
0.686854
0.346021
0.087537
0.267303
0.096241
-0.005737
0.001587
0.031928
0.063717
-0.002563
-0.000122
-0.003479
-0.000244
0.149051
0.061747
0.140533
0.034806
-0.002930
0.001404
0.195592
-0.001343
0.002686
0.055000
0.448951
1.052469
1.252511
1.879545
1.796265
1.623886
1.092166
0.822188
0.713608
0.818560
1.087780
0.758865
0.712857
0.959327
1.097744
0.347197
0.011353
0.192846
0.005615
0.124774
-0.002869
-0.004272
0.094236
0.084326
0.005493
0.138489
0.065134
-0.009033
0.654521
1.212838
0.687163
1.124269
1.610219
1.492913
1.559249
1.689655
1.894118
1.285350
1.729323
1.706452
1.921333
1.643599
1.960630
0.633978
0.305430
0.341030
0.473477
-0.011475
0.377724
0.194293
0.069877
0.020964
0.003967
-0.002075
-0.008606
0.000488
0.237560
0.280415
0.131693
0.556478
0.709677
1.025526
1.333879
0.976316
1.103834
1.323034
1.344737
1.317647
1.410397
1.951060
1.609294
0.835505
0.725702
0.679487
0.298851
-0.002686
0.026239
0.286576
0.008911
0.118026
0.046632
0.002258
0.092352
-0.002258
0.005432
0.017991
0.000671
0.007019
0.131206
0.123324
0.275290
0.657328
0.206790
0.432258
0.358548
0.684524
1.194404
2.076596
0.991429
0.552764
0.624815
0.742394
0.378486
0.367545
0.008545
-0.005005
0.071795
0.069930
0.093443
0.105175
0.019900
0.009766
-0.000671
0.108192
0.242697
-0.006592
0.031686
0.030238
0.084079
0.062264
-0.004028
0.078363
0.328904
0.711475
0.883544
1.153117
0.508318
0.677007
0.860465
0.148199
0.203666
-0.012207
-0.007996
0.062271
-0.002197
0.010681
-0.015381
-0.008362
0.006165
0.005310
0.093617
-0.006531
0.032301
0.149718
0.064403
0.113150
0.282918
0.194051
0.012634
0.286517
0.331148
0.834081
1.039189
0.839683
1.281501
0.608850
0.559687
0.369085
0.006714
0.274704
0.003357
0.005554
0.006165
0.002930
0.184915
0.001221
-0.004883
0.002991
-0.003113
0.011230
0.002747
0.107374
0.051339
0.017517
0.041076
0.280061
-0.000916
0.496599
0.755963
1.401042
0.837209
0.639205
0.495238
0.800000
0.299830
-0.000427
-0.001221
0.054755
0.002380
0.054430
0.090452
0.117302
0.005615
0.065299
0.028701
0.333333
-0.001648
0.003479
0.325301
-0.005493
-0.000061
-0.002441
-0.007324
0.175866
0.248322
0.488764
1.041588
1.030411
1.002024
0.590400
0.711816
0.433071
0.098940
0.002747
0.008972
-0.008972
0.002686
0.044059
0.071285
-0.006348
0.164234
-0.006958
-0.009399
0.077035
0.193651
0.003357
0.000000
0.003540
0.194099
-0.000183
0.001953
0.115629
0.694853
1.046642
0.676796
0.748649
0.519135
0.754753
0.387399
0.139918
0.244533
-0.005981
0.233434
0.056140
0.007812
0.005089
0.084223
0.084172
0.065398
0.008484
0.290419
0.005249
-0.008850
-0.002808
0.002075
0.010925
0.003235
-0.003906
0.011475
0.443623
0.311198
1.071930
0.659011
0.662222
0.393939
0.724843
0.681009
0.132812
-0.001404
0.001343
0.116585
0.043189
-0.006287
-0.009094
0.001160
-0.003967
0.042497
0.003418
0.010681
0.307932
-0.002625
-0.004028
0.109774
0.068522
0.006409
0.017375
0.179530
0.657194
0.770661
0.990975
0.707430
0.485597
0.551948
0.589394
0.562396
0.334559
0.021978
0.074485
0.118624
0.005217
0.214651
-0.005188
0.006790
0.005859
-0.004395
0.009094
0.000061
0.003418
-0.004822
0.007080
-0.007141
-0.004272
0.159350
0.194643
0.496377
0.466583
1.185741
0.837472
0.983137
0.516535
0.801382
0.478261
0.052192
0.212737
0.210428
0.189586
0.000916
-0.002563
0.072333
0.138781
0.013550
0.005310
0.108462
0.013986
0.103314
0.005981
-0.008301
0.087912
0.003479
0.120359
0.031593
0.287554
0.479167
0.913580
1.030357
0.840547
0.700000
0.463291
0.976127
0.258716
0.252229
0.256148
-0.008545
0.034146
0.003711
0.035032
0.075581
0.045455
0.005313
0.120493
0.036058
0.000977
-0.000916
0.042802
0.000061
0.203526
0.008850
-0.004517
0.107095
0.501689
1.033898
1.149057
0.881793
0.496606
0.885362
0.558333
0.137153
0.000244
0.006409
0.006104
-0.005920
-0.010986
0.004883
0.060976
0.165187
0.000000
-0.002136
0.016505
0.005111
0.207880
0.073713
0.171386
-0.010620
0.003662
-0.005737
0.257457
0.093604
0.725632
1.124046
0.957576
0.561181
0.317889
0.578595
0.072581
0.166667
0.328197
0.000610
-0.002014
-0.004700
0.307820
-0.007141
0.000305
0.196646
0.102332
0.012634
0.030918
0.151665
-0.004272
0.184906
0.008423
-0.008423
-0.004700
0.163851
0.197802
0.874016
1.833333
1.213802
1.122914
0.594737
0.572505
0.181967
0.137546
0.150909
0.003418
0.050136
0.102007
0.060897
-0.006958
0.007507
-0.001892
0.084135
0.052519
-0.002197
-0.008301
0.004333
0.170431
0.002075
0.063140
0.106383
0.229592
-0.001160
0.193151
0.602442
1.582231
1.426343
1.079070
1.222222
0.563734
0.937943
-0.001282
-0.002563
0.002319
-0.005188
0.248148
-0.004639
0.038321
-0.001038
0.155200
0.049100
0.122590
0.056928
-0.003845
0.003540
0.038576
-0.004456
0.124611
-0.011108
0.132901
0.163347
0.286842
0.956912
0.878873
1.409247
1.212914
1.000000
0.771390
0.544423
0.003876
0.017214
0.365217
-0.001648
0.128358
0.205357
0.164659
-0.004211
0.014160
0.007263
0.002686
-0.000366
0.041009
0.023330
-0.005493
0.005737
-0.000671
0.056452
0.008911
0.036405
0.191933
0.542683
1.037992
1.251196
1.156576
0.952381
0.403763
0.166443
0.003174
-0.000366
0.254875
-0.005188
0.149533
0.001221
-0.002563
-0.004089
0.002574
0.008972
-0.000549
0.038207
0.009766
0.005737
-0.002747
0.001221
-0.005310
-0.006592
0.122989
0.085859
0.045558
0.290729
0.597390
0.637778
0.589820
0.336088
0.361842
0.096066
0.010476
-0.008728
0.122694
0.042345
0.000061
-0.000122
0.032648
-0.002441
-0.015320
0.198617
0.052910
-0.013611
-0.000366
0.011841
0.013320
-0.007812
0.059940
0.002869
0.061844
0.030033
0.063366
0.168636
0.146497
0.029652
0.017812
0.018653
0.086331
0.088734
0.041822
0.005742
0.067907
-0.014099
0.047106
0.014130
0.189455
0.075962
0.165839
0.100870
0.001770
0.014094
0.062157
0.060950
0.123206
-0.000427
0.055263
0.003113
0.097643
0.098972
0.213729
0.092308
0.005920
0.118280
0.043175
0.004578
0.025199
0.002747
0.031553
0.003052
0.014888
0.138225
-0.005249
0.070913
0.005798
0.000854
-0.005066
-0.001038
-0.007385
0.020059
-0.001465
-0.002686
-0.009216
-0.002258
0.118156
-0.003479
0.024055
0.029654
-0.002258
0.189895
0.240683
0.027285
-0.000061
0.010498
0.002014
0.004785
0.005066
0.097152
0.140173
0.091331
0.240204
-0.003906
0.125182
-0.007080
0.080944
0.020772
0.152144
0.241769
0.099517
0.080119
0.198887
0.124601
0.096916
-0.009644
0.135174
0.000427
0.136725
0.029973
0.007446
-0.005066
0.009460
-0.001465
0.000000
0.164076
0.004028
-0.001648
0.005371
-0.004883
0.102533
-0.004761
0.140673
0.129771
-0.008850
0.211082
0.044811
0.021563
0.002014
0.006287
0.153846
-0.008179
0.242017
-0.009827
0.076033
0.001980
0.017751
-0.009399
0.004639
0.107551
0.278283
-0.001587
0.188006
-0.003540
0.005066
0.011706
0.162939
0.245470
-0.006165
0.080134
0.028610
0.004211
-0.006104
0.000366
0.044883
0.059487
0.091658
0.192865
0.012573
0.001099
0.120556
0.388090
0.124590
0.225243
-0.003235
0.349515
0.041411
0.161765
0.025678
0.071304
0.106157
0.126241
-0.006714
0.102919
0.015172
0.004944
0.086257
-0.002808
0.066236
0.005066
0.245669
0.110070
0.006470
0.006287
0.038462
0.001709
0.000183
0.002563
0.306294
0.649916
0.881657
0.691790
0.667864
0.302391
0.245253
0.148936
0.404800
0.567388
0.379471
0.324873
0.413265
0.660269
0.098007
0.104704
0.022095
0.044143
0.177239
0.001160
0.057866
0.006536
0.097724
0.182234
0.186047
0.003296
0.102122
0.064583
0.371681
0.581646
0.994452
1.565875
1.030361
1.229825
0.828221
0.788580
0.881667
0.606987
0.787167
0.678322
0.496454
0.615385
0.788462
0.622609
0.108949
0.006104
-0.002014
0.020472
0.002563
0.174522
0.003479
0.089151
0.209821
0.240786
0.088534
-0.008118
0.250000
0.924162
1.107362
1.212406
1.141558
1.370732
1.168263
1.195775
1.192647
1.377327
1.284974
1.617761
1.207921
1.655702
1.333828
1.423954
0.527607
0.194074
-0.005188
0.117647
0.000244
0.128205
0.173820
0.079051
0.077797
0.074830
0.172519
0.453763
0.220930
0.592025
1.046632
0.824047
0.780457
0.799743
1.614314
0.935241
1.170554
1.400000
1.302945
1.500000
0.854714
1.670549
1.651335
1.666667
0.785897
0.244186
0.000671
0.001038
-0.004028
0.005920
0.150507
0.005859
0.082912
0.001526
0.098007
0.199673
0.000732
0.293130
0.599369
0.814737
0.425267
0.221719
0.822884
1.182482
0.878882
0.935636
0.593366
0.569322
1.417495
1.154717
2.003373
1.126543
0.542453
0.001099
0.148021
0.146819
-0.000488
0.171154
0.141542
-0.007874
0.168058
0.006337
0.053068
0.008728
0.004089
0.162757
0.448133
-0.001099
0.282432
0.061308
0.306228
0.274929
0.273056
0.022489
0.572165
0.257391
1.136525
1.731935
1.412983
1.389590
0.242991
0.010432
-0.000305
0.109195
0.149091
-0.000183
0.000244
0.049505
0.009155
0.013550
0.008237
0.208247
0.128326
0.008240
0.073069
-0.001526
0.047407
0.094435
0.188976
0.230887
0.108753
0.014160
0.162602
0.513274
0.981424
1.447059
1.557880
0.858108
0.477465
0.002258
0.003479
0.008118
0.016750
0.053963
0.238854
0.024390
0.035105
0.004517
0.000244
0.081633
0.004438
0.146429
0.041667
0.058282
0.090580
0.141844
-0.001465
-0.003784
-0.002319
0.106569
0.135068
0.644404
1.501786
1.512064
1.560062
0.725253
0.209540
0.001160
-0.003540
0.004944
0.059308
-0.000793
0.002258
0.084615
0.156977
-0.007812
0.138177
0.146036
0.001038
0.000061
-0.003113
0.004333
-0.006592
-0.006897
-0.006042
0.093949
0.243421
0.090278
0.585987
0.789326
2.451820
1.391850
0.939968
0.343461
0.007117
-0.002930
0.014388
-0.005371
0.004456
0.001404
0.001221
-0.000916
-0.007751
0.171613
0.007935
0.006836
0.012097
0.220339
0.004211
0.114543
0.011696
-0.004578
0.012987
0.241015
0.263309
0.105051
0.428808
1.808989
1.670043
1.286754
0.243655
0.039724
0.007385
0.002258
0.004399
0.202572
0.020588
0.139800
0.078456
0.039394
0.118020
-0.002625
0.309707
0.002563
0.054015
0.036278
0.055409
0.101933
-0.001648
-0.015320
-0.002014
-0.006287
0.014458
0.451883
0.762602
2.140873
1.438031
0.623377
0.266355
0.003479
-0.001343
0.140753
0.088889
0.023810
0.005005
0.006104
0.000000
0.055740
0.195415
0.021711
0.358844
0.102888
-0.000793
0.251473
0.006279
-0.007324
-0.003662
0.002258
0.089783
0.054908
0.250000
0.800853
1.587127
1.319218
1.524731
0.258503
0.007690
-0.002075
0.002991
0.006226
0.110429
-0.001587
0.057402
0.099502
-0.004517
0.072743
0.039378
0.003593
0.210660
0.003906
0.107206
-0.006348
0.032258
0.178967
0.183724
0.234848
0.087989
0.211594
0.934901
1.366501
1.848077
1.931481
1.201439
0.115057
0.000244
0.062626
0.207254
0.086022
0.000732
-0.000671
-0.001099
0.015544
0.001038
0.047198
0.002808
0.068004
0.009509
0.228916
0.135436
0.201005
0.002930
-0.004700
-0.003296
0.003540
0.260081
0.753398
1.069530
1.183333
1.539051
1.145570
0.577220
0.062315
0.185383
-0.001953
0.298456
-0.010315
0.053977
-0.000854
0.005249
0.064236
0.135838
0.055743
0.000000
0.046893
0.096192
-0.001343
0.058920
0.105464
0.128978
0.025719
0.212121
0.171786
0.247989
0.679775
1.531418
1.575362
1.711359
0.878327
-0.008362
0.039695
-0.000610
-0.001282
0.139474
0.037607
0.069738
-0.009399
0.044444
0.322870
0.002075
0.023983
0.055354
0.149808
-0.001831
0.006897
0.001160
0.079104
0.100379
0.097134
0.002808
0.049020
0.841981
1.260000
1.690936
1.365609
0.847267
0.521825
0.002686
-0.000671
-0.003723
0.107692
0.216518
0.108025
0.073244
0.011719
0.007324
-0.002136
0.286946
0.070938
0.054248
0.006165
0.087075
0.000000
-0.006470
-0.007568
-0.001343
0.259328
0.348409
0.265403
1.218121
1.477064
1.738170
1.440620
0.342550
-0.010803
0.007446
0.000305
0.003296
0.304498
0.000916
0.108824
0.134228
0.032059
0.007385
0.087452
0.316911
0.008484
0.000000
0.064364
0.001555
-0.000610
-0.006592
0.008850
-0.001221
0.002441
0.171761
0.738267
1.273734
2.289655
1.679767
1.143328
0.156573
0.004578
0.000061
0.001099
0.168493
0.231884
0.078729
0.004456
-0.002686
0.036129
0.002258
0.068515
0.003296
-0.001221
0.002896
0.001587
0.299029
0.064378
0.043317
0.341549
-0.009766
-0.008179
0.953995
0.966292
1.638484
2.518092
1.600946
0.793037
-0.003723
-0.006042
-0.006226
0.005859
0.070866
-0.012573
0.006536
0.209302
0.003350
0.089231
0.305761
0.118012
0.099684
-0.002197
0.044049
0.003296
0.157047
0.046651
-0.002686
-0.002258
0.133992
0.103825
0.300000
0.912583
2.817352
1.605590
1.534056
0.695187
0.034562
-0.001404
0.226528
0.007690
0.007273
0.039548
0.043478
0.000122
0.162162
0.002075
0.007202
0.146252
0.178363
0.048283
-0.005127
0.132955
0.140329
0.069645
0.110353
0.264487
0.189533
-0.008057
0.125155
0.595005
1.219394
1.179874
0.627473
0.416465
0.001343
-0.003479
0.002869
0.094017
0.074935
-0.001282
-0.004761
-0.009644
0.067620
-0.001160
0.228863
0.035413
0.104052
-0.003845
0.052432
-0.005127
0.125628
0.049011
0.004292
0.006775
0.138528
0.149592
0.148674
0.483268
0.864389
0.688910
0.280335
0.001160
0.003906
-0.009888
0.000000
-0.003235
0.044061
0.044734
0.146491
0.051483
-0.000854
0.008457
0.003845
-0.001160
-0.001648
0.092640
0.179426
0.023116
0.134213
0.059331
0.095964
0.015060
0.175485
0.123810
0.028497
0.110397
0.081384
0.094298
0.038538
0.007141
0.077487
0.000366
-0.003906
0.188078
0.239659
0.100885
0.081172
-0.008118
0.137335
0.205703
0.142176
0.000854
0.098074
0.041507
0.230074
0.096230
0.005554
0.061947
0.100248
0.111582
0.025940
0.166120
0.055624
0.002563
0.202607
0.120661
0.367663
-0.005554
0.021148
0.036585
0.241199
0.004456
0.040595
0.189511
0.034632
-0.004272
0.056537
0.221739
0.191111
0.148368
-0.000000
0.105730
0.104126
0.034810
0.119748
0.224401
0.276817
0.007507
0.071327
-0.003174
0.127854
-0.010498
0.004028
0.075188
0.005931
0.028450
0.200361
0.034043
0.010254
0.097328
0.188988
0.373156
0.002747
0.000000
0.004761
0.095624
0.000549
0.038298
0.112941
0.111498
0.027264
0.057537
0.220963
0.163265
-0.000366
0.006958
0.135747
0.105118
0.000000
0.070661
0.126050
0.279809
0.161525
0.004578
0.110783
0.041667
0.055659
0.215292
-0.004944
0.050435
-0.002991
0.315024
0.078712
0.004578
0.096203
0.048013
0.262187
0.134766
0.130928
0.189189
0.057061
0.000244
0.147472
0.006531
0.057407
0.109306
0.044733
0.072100
0.002319
0.147297
0.008746
0.001892
-0.002075
0.001343
-0.002258
0.004211
0.267760
0.088353
0.157459
0.193388
-0.004456
0.065123
0.229231
0.240773
0.247012
0.153051
0.009206
0.117284
0.034553
0.124816
0.065217
0.030686
0.006348
0.006104
-0.005005
-0.004883
0.000000
0.005425
-0.001343
0.253906
0.188347
0.007507
0.441253
-0.004395
0.005676
-0.000183
0.077944
0.381605
-0.000854
-0.001221
0.099274
-0.001099
0.364462
0.006287
0.073961
0.072072
0.212425
0.285959
0.141823
-0.004089
-0.004150
-0.008240
0.009399
0.004028
0.006653
-0.001099
-0.003845
0.006958
-0.005676
0.006165
-0.009766
-0.004944
0.017687
-0.012939
0.001404
0.178624
0.148499
0.158921
0.000549
0.210714
0.041714
0.112712
-0.005859
0.072409
0.071974
0.001160
0.011108
-0.011414
-0.000671
-0.011963
0.172881
0.562745
0.127660
0.005798
0.006714
-0.000671
-0.003601
0.002319
-0.000610
-0.000427
-0.004700
0.002686
-0.009766
0.122653
0.121508
0.137500
0.029973
0.362348
0.009399
0.134995
-0.010620
0.095368
0.020202
0.323383
-0.000427
0.005554
-0.000122
0.266258
0.996743
0.645793
0.617486
0.408078
0.270455
0.325744
0.616071
0.139013
0.142367
0.507716
0.421394
0.272590
0.319277
0.583231
0.552846
0.005859
0.167630
-0.006348
0.159236
0.182682
0.004410
0.182390
0.159722
0.107084
0.329806
0.451807
0.913265
0.963534
1.351248
1.051200
1.053286
0.931553
1.220907
0.870757
1.037099
0.815029
1.390071
0.905138
0.425844
0.344361
0.736842
1.543943
0.798438
0.557239
-0.008301
0.635036
-0.005432
0.090452
0.004730
0.262470
0.155660
0.251613
0.416801
0.380319
0.659134
0.687919
1.296460
0.847920
1.493204
1.215847
1.243346
1.127937
1.735729
1.448980
1.208010
1.114630
0.830247
0.611408
1.156604
2.136564
0.860502
0.555556
0.005615
0.006667
0.062169
0.013570
-0.002380
0.005800
-0.003967
0.005188
0.001343
0.288136
0.055394
0.170088
0.496667
0.733017
0.631148
0.833608
0.442649
0.985321
0.857812
0.964164
1.233660
0.382876
0.244807
0.965875
1.442040
1.261669
0.983713
0.185811
0.110204
0.005310
0.216749
0.101373
0.046029
-0.004639
0.014728
0.017176
0.273622
0.033951
0.013865
0.033088
0.044017
0.305668
0.077225
0.095238
0.333333
0.208517
0.267925
0.395095
-0.004822
0.002136
0.298033
1.084977
1.253333
1.082192
0.674157
0.051402
0.052555
0.059545
0.085482
0.075821
-0.005859
0.072215
0.002197
0.036918
0.079063
0.114638
0.299848
0.296520
-0.000854
0.040559
0.191131
0.037855
0.269865
0.005272
0.209023
-0.001831
-0.000732
0.000549
0.550889
1.388106
1.753223
0.628331
0.325980
0.248722
0.142091
0.118846
0.095613
0.081888
0.046238
0.397989
0.089457
0.123656
-0.004761
0.110937
0.029126
0.060140
0.027559
0.161404
-0.011292
0.105882
0.595789
0.004333
0.060914
-0.005005
-0.000122
0.399046
1.324493
2.003976
0.971034
0.202454
-0.002686
0.098009
0.064182
0.365796
0.007141
0.094118
0.103518
0.183471
0.246696
0.047458
0.176634
0.164615
0.311709
0.187688
0.035473
0.369565
-0.001709
0.022693
0.154529
0.231222
0.105932
-0.001465
0.000305
0.856913
2.595687
1.186633
0.671620
0.193069
0.120325
0.184502
0.049051
0.079855
0.052562
0.005240
0.060000
-0.000549
0.001433
0.044248
-0.004456
0.243655
0.113323
0.186782
0.191131
0.199620
0.173214
0.000366
0.258741
0.089333
0.000916
-0.004822
0.172468
0.607551
1.630017
1.102750
0.350168
0.196751
0.047112
0.246175
-0.002563
0.005737
0.001343
0.064730
0.084448
0.162818
0.240711
0.090523
0.245487
-0.000854
-0.004578
-0.001709
0.240000
0.251613
0.156442
0.148515
0.160126
-0.001343
-0.001526
-0.006470
1.035019
1.465789
1.231132
0.615903
0.252632
0.194847
0.136571
0.257391
0.157712
0.215548
0.003589
0.125688
0.005127
0.117647
-0.003235
-0.000610
0.239095
-0.001160
0.209340
-0.000366
-0.006470
0.280627
0.216570
0.005615
-0.001648
-0.001526
-0.010559
0.452915
0.980132
1.815652
1.086486
0.422879
0.003601
0.000671
0.220339
0.009705
0.090586
0.001282
0.160241
0.260338
0.143908
0.002625
0.170096
0.002890
0.006042
0.006104
0.001404
0.249245
-0.001160
0.221184
-0.006775
0.108392
0.004150
-0.001282
0.201377
0.771208
1.741710
1.067010
0.902022
0.224771
0.149007
0.030259
0.256757
0.090461
0.093604
-0.002991
0.046189
0.004761
0.136166
0.021438
0.002258
0.050370
0.190153
0.308000
0.215873
0.273666
-0.007385
0.035562
-0.004883
0.011475
0.000122
-0.004944
0.917957
1.939509
1.247593
0.828571
0.307359
0.298397
0.090747
0.270270
0.127095
0.007385
0.135225
0.139752
0.032787
0.088008
0.012318
0.074679
0.231598
0.033126
0.229437
0.087928
-0.001587
0.081989
0.145028
-0.005615
0.021038
-0.004272
0.002808
0.389474
1.582593
1.656530
1.096910
0.604938
0.154459
-0.003845
0.262626
0.045134
0.098884
0.097770
-0.005493
0.390551
0.161629
0.000061
0.163583
0.123206
0.260805
0.052559
0.247104
0.102601
-0.003052
-0.005127
0.196246
-0.005127
-0.001770
-0.006226
0.187581
1.348131
1.130612
1.600000
0.610795
0.581126
-0.002258
0.307427
0.008982
0.142438
-0.004639
0.059783
0.415061
0.137552
0.000977
0.073477
0.002890
0.122072
0.009766
0.242991
0.024931
0.367376
-0.006531
-0.004639
0.456693
0.017595
0.006836
0.007935
0.362816
1.490334
1.342541
0.883166
0.251874
0.133333
0.226624
0.015198
0.196242
0.104046
-0.007324
0.070144
0.292379
0.204429
0.199147
0.079418
0.048387
0.066914
0.006775
0.006348
0.021180
0.017857
0.085366
0.217252
0.005859
0.012939
0.005615
0.075188
0.967846
1.322981
1.596694
0.871069
0.437097
0.112219
0.236508
-0.001404
0.126471
0.073806
0.002686
0.136799
0.307692
-0.000793
0.117128
0.001747
0.000854
0.306056
0.004211
0.004822
0.009077
0.156667
-0.001648
0.002441
0.013468
0.214137
0.009294
1.279446
1.511730
1.845754
1.496491
0.668342
0.093750
0.038405
-0.003296
0.004028
0.325800
0.087751
0.384899
0.115964
0.000732
0.040123
0.170861
0.078089
0.211510
0.175801
0.237668
0.133676
0.070474
-0.002869
0.057185
0.109325
0.215078
0.166446
0.791420
1.641326
1.789474
1.468712
0.842890
0.311688
-0.003601
0.308227
0.003540
0.069737
-0.005127
-0.001526
0.164238
-0.003540
0.192814
0.025822
0.081864
0.049012
0.036557
0.161845
0.013584
0.056684
0.017021
0.188730
0.024575
0.254065
0.121577
0.543307
0.721585
0.841994
0.952555
0.787402
0.385437
0.186952
-0.003784
0.105216
0.024299
0.108939
0.053691
0.018112
0.225198
0.023188
0.087185
0.000183
0.137021
0.069680
0.066163
0.054154
-0.019104
0.127619
0.011161
-0.002014
0.001648
-0.001099
0.106574
0.199573
0.005188
0.080727
0.006674
0.070718
0.111874
0.170659
-0.005493
0.142077
0.003662
0.081886
0.042017
0.193089
0.057904
-0.015869
0.058657
0.007626
0.001648
0.000658
0.110922
0.002319
0.001953
0.001404
0.116517
-0.009399
0.002075
0.001404
-0.002258
0.061755
0.069051
0.056628
0.044693
-0.004089
0.004211
0.024965
0.079805
0.163611
0.158921
-0.002136
0.049757
-0.012695
-0.006409
0.001221
0.136842
0.106809
0.010071
0.049927
-0.009033
0.034796
0.006165
-0.004395
0.098097
-0.004700
0.200000
0.004272
0.185366
0.403013
0.084570
0.071622
0.154217
0.002258
0.009277
0.098993
0.003407
0.041186
-0.002380
0.000549
0.004395
0.161085
0.208255
0.002563
-0.012573
0.000793
0.132212
0.006653
0.214425
0.021164
0.016978
0.099130
0.145110
0.283489
0.128814
0.174775
0.002136
-0.000977
-0.001038
-0.013611
0.024453
0.210959
-0.004028
0.024712
0.002686
0.134551
0.101246
0.328273
-0.001709
0.006359
0.142379
-0.007568
0.096405
0.006452
0.131435
0.002075
0.058716
0.118644
-0.005371
0.228471
0.312849
0.005920
0.175904
-0.001831
0.001343
-0.000061
0.132244
0.002808
0.027732
0.073438
-0.000977
0.241830
-0.003540
0.011902
0.040441
-0.002258
0.000366
0.008179
0.020067
0.040241
-0.001892
-0.000122
0.093750
0.162791
0.084572
-0.004578
0.098446
0.138376
-0.002441
-0.004395
0.005188
-0.003723
-0.000610
-0.001953
-0.008362
0.005005
0.002380
0.002136
0.246180
0.114286
-0.003845
0.232472
0.046178
-0.004517
0.200765
-0.001892
-0.009033
0.000183
0.107191
0.196944
0.003052
-0.009399
0.003906
0.090196
0.002625
-0.004700
0.070000
0.001648
0.004272
-0.000793
0.001221
-0.000366
0.002563
-0.004089
0.003174
-0.000427
-0.000916
0.004089
-0.006897
0.003662
-0.000671
0.005981
-0.012451
0.004028
0.005493
-0.004333
-0.003418
-0.005554
-0.001526
0.004456
0.199659
0.001587
-0.005188
0.243972
0.447950
-0.006042
0.005737
0.225080
0.000000
0.000000
0.009216
-0.002197
-0.000183
0.001648
0.001160
-0.000183
0.002991
0.004333
0.001831
0.014648
0.006409
0.002686
-0.006592
0.009459
0.001529
0.082090
-0.003174
0.027685
0.165020
0.072289
-0.003784
0.003662
0.411043
0.876744
0.699704
1.144026
1.731959
0.877612
0.686486
0.534113
0.769231
0.301435
0.615023
0.209104
0.389474
0.475000
0.105469
-0.006714
0.003235
0.005737
0.002625
0.006592
0.301435
0.002258
-0.002136
-0.003601
0.008850
-0.010681
0.233618
0.254457
0.209459
0.591102
0.681199
0.904594
0.671338
1.498925
1.503745
1.019324
1.225649
1.391586
1.321627
1.726079
1.677966
1.414953
0.932203
0.288035
0.326656
0.242378
0.066955
0.039076
0.034328
-0.002808
-0.000366
0.066667
0.012146
0.071527
0.156295
0.015544
0.000305
0.265781
0.005188
0.201811
0.000000
0.275116
0.530670
0.306195
0.665041
0.637584
0.782753
0.714286
0.487445
0.647147
0.560345
0.342007
0.492908
0.021779
-0.007935
0.002808
0.157186
0.129927
0.098494
0.046296
0.063008
-0.005676
-0.006287
0.042105
0.003205
0.119349
-0.000122
0.111296
-0.001648
-0.003479
0.115894
-0.002441
0.001831
0.000916
0.001160
-0.002930
0.006287
-0.002686
0.063158
0.082111
0.023184
-0.002441
0.005310
0.074447
0.202756
0.000000
0.096639
-0.004517
0.036585
0.000366
0.265677
-0.003174
0.109091
0.050467
0.077441
-0.000977
0.135252
0.000854
0.119086
0.007080
-0.002808
-0.004211
-0.001587
-0.001648
0.012346
-0.004944
0.457407
0.297087
0.098784
0.085890
0.019048
0.101365
0.000061
0.001709
0.056180
0.061842
0.102564
0.045147
-0.004578
0.038400
-0.000977
-0.008118
0.011841
0.285464
-0.009521
-0.001038
0.003967
-0.004944
0.155906
0.181818
0.199640
0.006803
0.425272
0.384393
0.386087
0.180328
0.051237
0.135095
-0.003418
0.049459
0.003113
0.000122
-0.006531
0.009949
0.146893
-0.002686
0.035656
0.169631
-0.002197
-0.003662
0.002441
-0.000427
0.065789
0.059776
0.005920
0.266212
0.000854
0.139717
0.051320
0.005188
0.270754
0.347107
0.235294
0.095506
0.025873
0.151274
0.017375
0.005615
0.007751
0.371473
-0.002869
0.011682
0.049689
0.205630
0.002258
0.520677
0.000977
-0.006592
0.005432
0.001953
0.080386
-0.001953
0.005554
0.246479
0.009600
0.053272
0.216319
0.476744
0.185401
0.238806
-0.001526
0.158516
0.016296
-0.002869
0.085517
0.002258
0.048114
0.060261
0.004089
0.004761
0.088372
-0.002808
0.001648
-0.001587
-0.000305
-0.000610
0.071287
0.003738
0.001709
-0.000061
0.054146
0.005602
-0.000732
-0.002930
0.135182
0.182946
0.558140
0.301560
0.430686
0.033577
0.033566
0.303502
0.094535
0.004395
-0.009033
0.001465
0.012615
-0.000793
0.003174
0.104664
-0.002502
0.166031
0.082927
0.015808
0.234146
0.129794
0.002441
-0.000854
0.007568
0.226300
0.032468
0.003479
0.193989
0.141289
0.375770
0.004639
-0.007874
0.301818
0.082061
0.008606
0.004578
0.044271
0.091324
-0.002991
0.265092
0.102233
0.003113
0.000671
0.250903
-0.004883
0.006592
-0.011841
0.226164
0.168385
0.112717
0.003662
-0.004456
0.022767
-0.000610
0.117103
0.118397
0.389718
0.164179
0.215254
-0.006958
0.060302
0.005242
0.084171
-0.004517
0.174834
0.005310
0.002197
0.092233
0.119811
0.056956
0.023161
0.102071
0.001099
0.000854
0.023656
0.086556
0.005493
0.125490
0.185590
0.119048
0.195122
0.141270
0.124000
0.579545
0.506977
0.361549
0.132353
0.096085
0.012694
0.004761
0.188590
0.032123
0.013477
0.016949
-0.005127
0.090446
0.043744
-0.000427
0.185049
0.148515
0.037481
-0.006165
-0.000305
0.008789
0.027211
0.002563
0.159946
0.052786
0.016194
0.305317
0.190407
0.864463
0.346705
0.549839
0.033079
0.000854
-0.003174
0.234234
0.000610
0.004150
-0.001160
0.007568
0.102339
0.016667
-0.003113
0.000964
0.136778
0.099349
-0.000244
0.053537
0.002441
0.007143
0.012730
0.079470
0.138356
-0.002197
0.084034
0.308743
0.900178
0.188073
0.335494
0.077477
0.005371
0.000610
-0.003296
0.000977
0.190630
0.002197
-0.003357
-0.001221
0.066874
0.007141
0.071563
0.079840
0.001264
-0.003479
0.003723
0.089810
0.018321
0.002808
-0.007202
0.000061
0.233974
0.088235
0.296786
0.193548
0.481366
-0.005005
0.176136
0.012563
-0.012756
0.002869
0.002747
0.031204
0.071023
-0.004700
0.125186
0.116352
0.003418
0.099754
-0.012939
0.086079
0.047980
0.168657
-0.000244
0.061039
0.072243
0.004028
0.001465
0.036309
0.430723
0.146771
0.492007
0.001953
0.124555
0.284926
0.001465
-0.001831
0.269231
0.008972
-0.010559
-0.003845
0.260323
0.005450
0.177924
0.006667
-0.002808
0.083227
0.070463
0.045245
0.098485
0.121396
0.187279
0.050654
0.099533
-0.008301
0.116037
0.265625
0.290944
0.592982
0.356364
0.377273
0.004517
0.280961
0.001892
0.165669
0.131955
0.055313
0.000916
-0.000610
-0.002808
-0.000244
0.095057
-0.006287
0.082474
0.012329
0.004089
0.251096
0.009460
0.096491
0.001709
0.199593
0.029795
-0.002319
0.132780
0.438700
0.497797
0.689424
1.044248
0.767287
0.696911
0.265597
-0.001343
0.234795
-0.001343
0.346377
0.262887
0.000000
0.156156
0.048027
0.225847
0.001465
0.122862
0.018065
0.192464
0.047270
0.054769
-0.009033
0.037849
0.143928
0.186321
0.003628
0.056146
0.220570
0.617722
0.769231
0.678218
0.360676
0.134815
0.081683
0.153946
0.105575
0.059016
0.001709
-0.007080
0.005127
-0.002869
-0.003235
-0.008057
0.007568
0.093902
0.001648
0.002132
0.030651
0.057377
0.034375
0.060336
0.000854
0.069668
-0.002686
-0.007202
0.171403
0.389275
0.379213
0.214945
0.076050
-0.006287
0.009141
0.005920
0.133649
0.002014
0.029126
0.016865
0.088443
0.063931
0.035448
0.004089
0.089595
0.001465
0.059971
0.080977
