-0.102966
-0.034790
-0.190552
-0.210938
-0.132568
-0.002869
-0.036682
-0.009399
-0.175659
-0.076965
-0.073975
-0.204102
0.028259
-0.200195
-0.208435
0.153625
-0.174988
0.011719
-0.080688
-0.064636
-0.018616
-0.196533
-0.147583
-0.011963
-0.069580
-0.052124
0.221802
-0.002319
0.016663
-0.076172
0.357544
0.199463
-0.023865
0.147339
-0.167603
0.308350
-0.053833
0.094788
-0.092957
-0.080627
0.164246
-0.016052
0.079895
0.027893
0.003662
-0.122192
-0.073853
-0.265015
0.007202
-0.182922
0.139526
-0.074707
0.086426
-0.053711
0.009094
0.224487
0.063904
0.324036
0.349731
0.202332
0.198364
0.102661
0.257751
0.186035
0.010681
0.075073
-0.168701
-0.102661
0.210754
0.157715
-0.091370
-0.230957
0.070068
0.106140
0.184998
-0.250305
0.062561
0.013184
0.209839
0.109009
-0.009033
-0.054565
0.171570
0.297729
0.075378
0.147400
0.141052
0.012207
0.264038
0.232666
-0.247314
0.042603
0.276794
0.147400
0.355713
0.059387
-0.155823
0.150696
0.096680
0.171326
0.168152
0.066833
0.227905
0.222961
0.121033
0.031921
0.299561
0.025940
0.085388
0.194336
0.368713
0.251404
0.070496
-0.029785
-0.155884
0.096802
0.173218
-0.161804
-0.157043
0.027832
-0.030518
-0.087158
-0.149353
-0.268921
0.041504
-0.150391
-0.014465
-0.059998
-0.047424
-0.004456
0.198792
-0.006287
0.182434
0.151062
0.282104
0.023987
0.035217
0.158386
0.273926
0.146790
-0.096008
0.181824
-0.058228
-0.185486
0.155273
0.017578
-0.296082
-0.086914
-0.275635
0.009216
