0.170446
0.238903
0.154131
0.060241
0.198777
0.264151
0.151620
0.148571
0.250000
0.298507
0.158404
0.098901
0.115900
0.023374
0.205056
0.222535
0.185827
0.141304
0.243902
0.112593
0.297078
0.204593
0.191935
0.079063
0.202128
0.105721
0.397548
0.204762
0.324207
0.269051
0.128778
0.127714
0.081301
0.052279
0.084071
0.186885
0.114241
0.038601
0.430952
0.230392
0.097600
0.130561
0.300435
0.187586
0.012931
0.002869
0.003052
0.009644
0.096886
0.000244
0.005371
0.001953
0.022831
0.237795
0.239203
0.141133
0.357058
0.325949
0.007751
0.006470
0.002014
0.002930
0.003357
0.009583
0.007141
0.003357
0.002075
0.245590
0.146667
0.315930
0.188000
0.174204
0.258929
-0.003052
0.006714
0.005859
0.006348
0.011658
0.012024
0.007019
0.004333
0.073504
0.266340
0.145022
0.192102
0.375817
0.208678
0.156579
0.074020
0.253870
0.187500
0.217311
0.009094
0.002197
0.003052
0.330391
0.364937
0.235178
0.092366
0.183502
0.381538
0.250362
0.177496
0.033588
0.004517
0.003784
0.002319
0.007690
0.145714
0.210983
0.236486
0.146368
0.163504
0.116084
0.053211
0.266026
0.311983
0.241270
0.182292
0.001648
0.011963
0.002502
0.236842
0.278846
0.301262
0.234286
0.248136
0.072881
0.187845
0.207339
0.004639
0.170833
0.003662
0.005737
0.005005
0.157439
0.292196
0.692488
0.075926
0.006531
0.367568
0.322896
0.224843
0.271739
0.203390
0.096724
0.004272
0.007263
0.015015
0.382239
0.318952
0.049415
0.297391
0.232271
0.193124
0.185321
0.203673
0.297064
0.210095
0.010864
0.007690
0.018950
0.109278
0.177384
0.162752
0.249254
0.117812
0.178821
0.111717
0.051969
0.324153
0.116122
0.035162
0.013306
0.004822
0.026846
0.156015
0.156573
0.129959
0.403101
0.271484
0.157827
0.117500
0.119048
0.193439
0.310178
0.007324
0.004700
0.000793
0.017462
0.100452
0.149787
0.272727
0.321205
0.074572
0.282678
0.119435
0.203655
0.138340
0.216272
0.146474
0.125501
0.301273
0.055556
0.234165
0.182213
0.089021
0.175361
0.146862
0.120567
0.127771
0.001648
0.307692
0.170999
0.587137
0.425234
0.082270
0.204117
0.168739
0.199330
0.186885
0.114379
0.234711
0.154044
0.270922
0.347670
0.241975
0.263554
0.003662
0.095979
0.102500
0.114780
0.306167
0.430736
0.151757
0.231008
0.254902
0.101631
0.203125
0.073864
0.061588
0.044295
0.169271
0.264865
0.006470
0.007263
0.011902
0.009094
0.021521
0.386154
0.177531
0.214966
0.182375
0.409836
0.003479
0.131617
1.088496
0.957721
0.915596
0.826087
0.647059
0.562852
0.552674
0.663805
0.096014
0.188353
0.238261
0.095335
0.014388
0.206993
0.359621
0.388979
0.724138
0.777011
0.909266
0.684337
1.304069
1.276018
0.177043
0.180374
0.076210
0.094003
0.428571
0.262963
0.331210
0.258681
0.427128
-0.002563
0.004761
0.435774
1.325279
0.591367
0.256250
0.211443
0.026801
0.125551
0.193050
0.207447
0.152566
0.253996
0.335913
0.026667
0.165017
0.876999
1.549145
0.175824
0.107926
0.083519
0.362451
0.337989
0.084337
0.269071
0.474465
0.151515
0.147727
0.012024
0.362934
1.396491
0.463320
0.200323
0.245009
0.257407
0.194946
0.309524
0.187029
0.161744
0.348837
0.202726
0.008240
0.161004
1.066197
1.581522
0.184453
0.106181
0.323671
0.393471
0.131712
0.281071
0.256591
0.223906
0.217391
0.132997
0.007629
1.321839
1.120661
0.364341
0.187683
0.095008
0.219653
0.056039
0.246208
0.247312
0.196347
0.070015
0.105546
0.015686
0.507772
1.245902
0.618290
0.180301
0.096475
0.171806
0.216998
0.141066
0.152209
0.271331
0.165752
0.291737
0.014876
0.001648
1.179032
1.227194
0.317343
0.255708
0.250352
0.169557
0.254355
0.063291
0.073314
0.285877
0.024218
0.225253
0.006470
0.218634
1.129577
0.734483
0.079365
0.129328
0.143172
0.191969
0.237624
0.075599
0.006958
0.141534
0.109049
0.171146
0.192240
0.004089
0.100202
0.040462
0.102987
0.009521
0.120411
0.089239
0.128388
0.022487
0.184549
0.055156
0.090523
0.003210
0.004822
0.016471
0.227915
0.215942
0.128599
0.263158
0.198571
0.003418
0.256790
0.087692
0.085952
0.288364
0.167813
0.274194
0.156040
0.169154
0.215655
0.017621
0.209719
0.021113
0.130877
0.120397
0.209898
0.061625
0.022599
0.157670
0.367314
0.706960
0.710784
0.686854
0.267303
0.096241
0.031928
0.176471
0.008362
0.149051
0.140533
0.223011
0.195592
0.138489
0.654521
1.252511
1.879545
1.623886
1.894118
1.729323
1.921333
1.960630
0.633978
0.473477
0.377724
0.194293
0.118026
0.092352
0.237560
0.280415
0.709677
1.333879
1.103834
1.344737
1.410397
2.076596
0.835505
0.742394
0.367545
0.286576
0.093443
0.105175
0.093617
0.242697
0.149718
0.282918
0.194051
0.331148
1.039189
1.281501
0.860465
0.369085
0.274704
0.062271
0.184915
0.065299
0.333333
0.325301
0.107374
0.041076
0.280061
1.041588
1.401042
0.711816
0.800000
0.008972
0.054755
0.090452
0.164234
0.290419
0.193651
0.003357
0.194099
0.011475
0.694853
1.071930
0.748649
0.754753
0.244533
0.233434
0.056140
0.084223
0.042497
0.010681
0.307932
0.109774
0.159350
0.496377
1.185741
0.990975
0.801382
0.589394
0.334559
0.189586
0.214651
0.138781
0.120493
0.103314
0.042802
0.203526
0.120359
1.033898
1.149057
0.885362
0.976127
0.258716
0.256148
0.034146
0.165187
0.045455
0.151665
0.207880
0.171386
0.163851
0.874016
1.833333
1.122914
0.578595
0.166667
0.328197
0.102007
0.307820
0.196646
0.102332
0.004333
0.170431
0.124611
0.229592
0.956912
1.582231
1.222222
0.937943
0.017214
0.365217
0.248148
0.164659
0.155200
0.122590
0.041009
0.005737
0.056452
0.122989
0.542683
1.251196
1.156576
0.403763
0.010476
0.254875
0.149533
0.032648
0.198617
0.052910
0.062157
0.123206
0.059940
0.098972
0.213729
0.146497
0.043175
0.088734
0.041822
0.138225
0.070913
0.189455
0.165839
0.020059
0.099517
0.198887
0.118156
0.135174
0.189895
0.240683
0.010498
0.164076
0.097152
0.140173
0.240204
0.140673
0.211082
0.241769
0.192865
0.153846
0.388090
0.225243
0.349515
0.161765
0.278283
0.188006
0.102919
0.245470
0.086257
0.066236
0.245669
0.059487
0.186047
0.102122
0.649916
1.565875
1.229825
0.828221
0.881667
0.787167
0.660269
0.788462
0.108949
0.177239
0.174522
0.182234
0.240786
0.453763
0.924162
1.212406
1.370732
1.614314
1.400000
1.617761
1.670549
1.666667
0.785897
0.117647
0.128205
0.173820
0.168058
0.199673
0.293130
0.814737
0.425267
1.182482
0.935636
0.593366
1.731935
2.003373
0.542453
0.148021
0.171154
0.141542
0.035105
0.208247
0.146429
0.073069
0.141844
0.230887
0.108753
0.644404
1.512064
1.560062
0.477465
0.008118
0.059308
0.238854
0.171613
0.146036
0.220339
0.114543
0.011696
0.241015
0.263309
1.808989
2.451820
0.939968
0.007385
0.202572
0.139800
0.078456
0.195415
0.358844
0.251473
0.101933
0.002258
0.089783
0.800853
2.140873
1.524731
0.266355
0.140753
0.110429
0.099502
0.072743
0.068004
0.228916
0.201005
0.178967
0.234848
0.753398
1.366501
1.931481
1.201439
0.185383
0.298456
0.053977
0.064236
0.135838
0.149808
0.096192
0.105464
0.128978
0.212121
1.260000
1.690936
1.711359
0.039695
0.107692
0.216518
0.073244
0.322870
0.286946
0.064364
0.087075
0.008850
0.259328
0.738267
2.289655
1.738170
0.342550
0.007446
0.304498
0.108824
0.134228
0.087452
0.316911
0.044049
0.299029
0.341549
0.133992
0.966292
2.817352
1.600946
0.034562
0.226528
0.070866
0.209302
0.162162
0.305761
0.178363
0.132955
0.140329
0.264487
0.189533
0.595005
1.219394
0.627473
0.003906
0.094017
0.074935
0.146491
0.067620
0.228863
0.104052
0.230074
0.134213
0.111582
0.175485
0.110397
0.202607
0.367663
0.077487
0.241199
0.239659
0.081172
0.221739
0.191111
0.105730
0.104126
0.224401
0.276817
0.135747
0.127854
0.279809
0.161525
0.200361
0.215292
0.373156
0.315024
0.095624
0.096203
0.262187
0.189189
0.124816
0.147472
0.109306
0.072100
0.147297
0.253906
0.188347
0.441253
0.267760
0.381605
0.065123
0.240773
0.364462
0.073961
0.285959
0.141823
-0.000671
0.562745
0.127660
0.006958
0.006165
-0.000427
0.017687
0.178624
0.158921
0.362348
0.134995
0.182390
0.323383
0.451807
0.963534
1.351248
1.053286
1.220907
1.037099
1.390071
0.425844
1.543943
0.798438
0.635036
0.182682
0.262470
0.251613
0.416801
0.687919
1.296460
1.493204
1.243346
1.735729
1.233660
0.965875
2.136564
0.983713
0.110204
0.216749
0.072215
0.036918
0.273622
0.299848
0.305668
0.191131
0.333333
0.395095
0.002136
1.388106
1.753223
0.674157
0.142091
0.095613
0.397989
0.246696
0.176634
0.311709
0.369565
0.105882
0.595789
0.105932
0.856913
2.595687
0.971034
0.184502
0.365796
0.094118
0.162818
0.240711
0.245487
0.186782
0.251613
0.173214
0.258741
0.000916
1.465789
1.630017
0.350168
0.257391
0.215548
0.125688
0.143908
0.170096
0.239095
0.249245
0.280627
0.216570
0.004150
0.771208
1.815652
1.086486
0.149007
0.256757
0.093604
0.260338
0.136166
0.231598
0.308000
0.273666
0.145028
0.021038
0.389474
1.939509
1.247593
0.307359
0.270270
0.127095
0.390551
0.161629
0.163583
0.260805
0.367376
-0.003052
0.456693
0.007935
1.490334
1.600000
0.610795
0.307427
0.196242
0.070144
0.415061
0.199147
0.306056
0.006775
0.156667
0.217252
0.214137
1.279446
1.845754
1.596694
0.437097
0.236508
0.325800
0.384899
0.307692
0.170861
0.211510
0.237668
0.188730
0.254065
0.543307
1.641326
1.789474
0.842890
0.308227
0.108939
0.053691
0.225198
0.192814
0.137021
0.110922
0.127619
0.116517
0.002075
0.199573
0.080727
0.070718
0.170659
0.163611
0.158921
0.193089
0.057904
0.136842
0.049927
0.214425
0.099130
0.283489
0.200000
0.403013
0.084570
0.210959
0.098993
0.134551
0.328273
0.161085
0.208255
0.096405
0.132212
0.118644
0.228471
0.312849
0.175904
0.001343
0.132244
0.073438
0.246180
0.232472
0.046178
0.200765
0.040241
0.196944
0.162791
0.199659
0.243972
0.447950
0.225080
0.001221
0.009216
0.003174
0.004089
0.004333
0.014648
0.006409
0.009459
0.082090
0.027685
0.165020
0.254457
0.876744
1.144026
1.731959
1.503745
1.391586
1.726079
1.677966
0.932203
0.326656
0.066955
0.301435
0.066667
0.071527
0.156295
0.265781
0.201811
0.275116
0.530670
0.665041
0.782753
0.647147
0.560345
0.492908
0.074447
0.202756
0.098494
0.102564
0.265677
0.109091
0.285464
0.135252
0.119086
0.181818
0.199640
0.425272
0.457407
0.135095
0.101365
0.003113
0.061842
0.205630
0.520677
0.000977
0.005432
0.080386
0.266212
0.139717
0.476744
0.347107
0.235294
0.151274
0.085517
0.371473
0.011682
0.104664
0.166031
0.082927
0.234146
0.002441
0.226300
0.032468
0.193989
0.558140
0.430686
0.303502
0.094535
0.091324
0.265092
0.056956
0.250903
0.023656
0.226164
0.185590
0.195122
0.141270
0.579545
0.361549
0.096085
0.188590
0.174834
0.016949
0.119811
0.185049
0.148515
0.053537
0.027211
0.159946
0.084034
0.900178
0.864463
0.549839
0.000854
0.234234
0.004150
0.102339
0.071563
0.086079
0.168657
0.089810
0.004028
0.430723
0.492007
0.481366
0.284926
0.269231
0.008972
0.260323
0.177924
0.116352
0.099754
0.251096
0.187279
0.199593
0.132780
0.497797
1.044248
0.767287
0.280961
0.234795
0.346377
0.156156
0.225847
0.122862
0.192464
0.057377
0.060336
0.186321
0.056146
0.617722
0.769231
0.360676
0.153946
0.133649
0.029126
0.088443
0.035448
0.093902
0.080977
