0.005310
-0.000854
0.037736
0.001099
1.989011
1.119048
-0.008179
-0.000916
0.892857
0.245455
0.976744
1.000000
-0.004761
0.002625
-0.001709
0.003479
0.738095
0.003723
1.307692
1.205128
0.837209
0.093333
0.012207
0.005371
3.387097
-0.004822
0.004517
1.228571
0.406780
0.408451
0.007385
0.391304
0.002686
29.000000
0.028986
1.000000
0.313433
1.669355
0.000793
-0.002991
2.812500
0.011047
-0.010864
1.163462
6.714286
1.298246
1.071429
0.002197
0.003845
1.191011
1.951220
0.000427
0.942029
0.840000
0.710145
1.346154
0.008972
0.670588
0.001587
0.953125
0.000671
0.746479
-0.006531
0.002319
0.885714
0.001709
1.100000
1.574074
0.250000
4.407407
-0.003723
-0.002869
-0.009644
0.007629
-0.003052
-0.000854
0.529851
0.005066
0.680851
0.001587
1.104651
3.000000
0.001953
0.408840
-0.003601
-0.004639
0.009949
-0.000854
-0.006470
1.583333
0.002686
0.207407
0.003052
-0.001709
-0.004578
0.015152
0.941176
0.400000
0.517007
0.780000
0.011475
0.001221
0.000305
3.264706
-0.000488
0.003052
-0.003357
0.170732
0.007385
0.098901
0.000061
-0.001160
3.774194
2.083333
0.002563
-0.007080
0.003723
0.010620
0.926471
2.653846
0.001465
0.002625
14.000000
0.003052
0.663677
-0.005188
0.006226
2.105263
0.078947
0.193548
0.479675
3.200000
2.569231
0.152174
-0.000427
0.005188
-0.001953
0.272727
0.882353
0.000427
-0.008118
1.300000
0.335165
0.714286
0.375000
1.283333
2.210526
0.862069
-0.008545
0.304721
0.003235
0.002563
0.001770
-0.007507
0.275510
3.750000
-0.002258
6.500000
1.136986
0.074074
0.361345
0.000732
0.029268
0.006836
0.047059
0.002502
3.375000
-0.001587
-0.002075
-0.006287
-0.008179
1.906250
6.400000
1.769231
0.245902
0.013855
0.375000
0.242424
0.002197
-0.002136
0.006409
0.007019
3.608696
-0.007202
0.006592
0.880000
0.000488
3.821429
25.000000
0.469697
0.002319
-0.007019
-0.007874
0.000061
0.640625
1.894737
-0.000183
0.134615
0.159091
0.243243
0.010559
2.909091
0.007874
40.500000
1.954545
-0.004639
12.833333
0.005981
0.007446
1.000000
0.006287
-0.001465
0.964602
0.431579
-0.000427
0.003113
-0.002808
0.508475
-0.004700
0.441989
0.010193
-0.010132
0.004944
0.546875
2.742857
2.469697
0.009583
-0.004150
-0.004395
-0.006226
0.205607
1.204678
0.051095
0.185022
0.541284
0.006226
1.053435
0.006897
2.531915
0.326923
0.483871
0.000671
0.001221
1.500000
-0.002075
1.114943
0.002502
0.000610
0.002441
12.705882
0.304348
0.830769
0.377358
1.132231
-0.001526
0.004456
1.085106
0.004883
0.000732
0.039409
4.000000
0.002930
2.250000
0.002075
0.008057
-0.002319
3.875000
0.001526
2.300000
-0.000305
0.741573
2.048780
0.681818
-0.000610
-0.003296
4.706897
22.600000
1.693548
0.005188
0.004211
0.772727
-0.001099
6.294118
-0.002869
2.409091
4.000000
2.411765
-0.001160
0.741935
0.006775
0.913793
0.076923
-0.003296
5.913043
0.696970
0.002136
-0.009338
0.000732
0.917647
2.659574
0.003479
-0.008423
0.007935
0.950000
0.105769
-0.004761
-0.000366
0.006042
0.010010
-0.004211
1.344828
0.005005
0.013889
-0.009338
0.005676
0.001770
-0.004822
0.006165
-0.006470
0.000244
0.355140
2.285714
1.000000
0.001343
0.356322
3.812500
2.045455
0.418803
0.000793
-0.017029
0.617886
0.282609
-0.009827
1.166667
0.785714
0.622951
0.492958
-0.003174
-0.000122
0.008057
0.002930
1.054795
0.004028
0.559633
0.373494
-0.000427
5.333333
0.003906
0.001282
1.078947
-0.006592
1.275862
1.683544
1.629630
0.899225
0.481132
0.003845
2.174603
0.950820
0.773810
0.001160
0.578947
0.006165
0.302083
0.002075
0.003967
10.800000
0.000793
21.000000
-0.006226
0.001770
0.571429
0.008850
-0.000549
-0.006104
5.708333
-0.010254
-0.007385
0.049383
0.001282
0.536842
0.277108
2.000000
0.000793
0.300000
1.440678
0.277228
0.002747
-0.002197
0.000427
35.500000
0.003296
0.007996
-0.003418
-0.009521
2.212121
0.392157
7.230769
10.000000
9.750000
2.700000
0.002625
0.393939
2.845238
-0.001709
22.750000
0.369048
0.004211
0.831858
0.005188
0.000000
2.142857
1.608696
0.012634
1.411458
-0.007141
-0.001770
2.500000
0.216981
0.381579
-0.000610
0.004333
1.722772
-0.004639
0.494505
0.000305
0.018868
-0.006409
43.666667
0.191781
-0.003174
0.006592
0.266667
2.135135
0.001892
4.106383
0.006104
0.007385
0.391304
-0.010498
-0.004272
1.296296
0.006531
0.117021
-0.011719
0.067416
0.638889
0.002319
0.004272
7.380952
0.340426
0.010071
6.875000
0.598039
-0.004456
3.647059
0.986667
-0.006287
0.212454
1.619048
-0.003784
-0.001099
1.062500
9.000000
-0.003906
4.525000
0.000977
0.006042
0.204545
0.691176
-0.004395
0.005615
-0.000488
0.666667
-0.000061
-0.004089
12.000000
0.012695
-0.000854
0.149425
0.397436
-0.007690
0.002502
0.012085
6.636364
0.002563
2.594059
30.000000
0.327160
6.684211
0.735849
0.525773
0.500000
9.100000
0.002563
0.001099
0.002747
0.159091
0.678571
-0.003540
-0.000854
0.055814
1.972603
0.003052
0.943396
0.890805
0.000000
-0.000549
0.609756
0.120000
-0.006409
-0.003235
0.973154
-0.003357
2.100000
1.314286
-0.002136
2.500000
0.977273
0.004578
2.772727
0.003601
0.144068
-0.011658
-0.000610
-0.001526
-0.013550
0.002197
0.010193
0.010315
0.005005
1.800000
-0.012939
-0.007996
-0.002502
0.223684
20.000000
1.453488
0.827586
61.000000
0.516556
-0.009216
-0.000977
0.005676
-0.007141
21.000000
1.538462
3.000000
0.902439
0.314286
-0.009216
0.000061
-0.005066
0.420635
0.270588
0.004883
0.024390
0.008850
1.120000
-0.000671
-0.000854
0.655172
0.001221
0.260870
-0.010132
-0.005005
0.002991
3.630435
0.327869
0.000854
1.769231
3.157895
0.893443
0.315789
0.002014
-0.000305
1.666667
1.079208
0.002869
0.714286
9.133333
0.177778
1.827586
1.142857
-0.007324
0.052632
-0.007629
0.004089
-0.008240
-0.009216
0.135338
2.369048
-0.001099
0.845361
0.843750
2.526316
0.132075
0.002808
7.454545
-0.004883
7.000000
0.218487
0.442105
1.136691
-0.009033
-0.001892
0.001892
-0.005920
0.005676
0.291667
0.006592
-0.005127
2.039216
0.169231
-0.005188
10.923077
0.020833
1.275000
0.001831
2.800000
0.001587
0.010437
1.900000
-0.007568
-0.010437
-0.008484
-0.002869
0.125874
0.010498
0.002991
0.333333
0.176471
41.400000
1.100000
0.000977
-0.002747
1.450980
0.002319
32.000000
-0.003174
0.388889
1.692308
0.619883
0.536585
0.008621
0.915254
0.010010
17.400000
1.923077
-0.001282
0.163793
2.457143
-0.001892
1.186335
-0.004883
0.365854
0.016949
0.136842
-0.002563
0.001587
21.400000
0.721311
0.000366
4.545455
-0.009216
2.394737
1.545455
0.357143
0.342593
-0.005920
2.809524
0.004883
1.916667
-0.003601
0.000000
0.004272
5.208333
0.029907
-0.001038
0.528000
-0.006531
0.069767
1.525862
0.007690
1.552632
0.006409
1.322034
0.064000
1.469565
-0.001404
-0.001099
2.241379
0.451613
1.626506
2.303030
0.265306
0.005676
6.722222
6.529412
0.756219
1.854545
0.299401
0.400000
-0.000061
0.473684
0.588235
1.095238
0.005127
0.407767
0.302857
0.001282
0.835526
0.003784
0.002197
-0.000732
-0.007874
-0.008728
6.600000
-0.004456
1.550000
1.027027
0.315789
0.014706
0.539877
-0.003174
0.552239
-0.002258
0.003052
0.455357
-0.006653
-0.010376
-0.005981
1.210526
-0.003235
-0.006714
-0.001099
0.005188
0.002869
0.640625
0.197368
2.657143
-0.004456
0.516129
2.289474
0.000366
0.083333
-0.001770
6.000000
0.005432
0.002319
1.175000
0.358025
0.007690
0.002502
0.080882
11.615385
2.042553
-0.000732
0.277778
1.342857
1.253012
0.248756
0.741667
-0.006653
3.750000
12.533333
0.674603
0.001587
-0.004822
-0.000732
0.170854
6.814815
0.080745
0.192308
1.333333
0.004639
0.440367
0.093220
-0.003357
0.007996
0.003479
-0.000793
2.877551
3.785714
1.129412
0.002258
0.002136
0.395973
0.001282
0.000916
0.512195
1.333333
0.005371
8.500000
-0.001831
0.171875
21.142857
0.002380
1.319444
0.009705
-0.002380
0.001038
0.000488
-0.004028
0.009583
2.491803
0.004150
0.825000
-0.009033
0.005005
-0.000061
3.666667
0.000732
10.000000
9.840000
0.011780
1.761905
-0.000671
0.862069
0.580645
-0.009338
0.046243
0.008545
3.285714
0.004761
0.004700
-0.003479
0.345455
-0.000916
0.002930
0.003845
2.954545
0.490909
-0.004517
-0.004944
0.011536
0.007385
-0.002380
0.016174
0.001099
3.625000
0.000916
1.522727
-0.003357
0.040000
2.363636
-0.000244
0.302817
0.548872
-0.001953
0.005981
48.000000
-0.001038
-0.004028
1.000000
0.275862
0.800000
1.750000
0.005005
-0.006165
0.000854
0.021583
-0.002136
4.000000
0.207547
0.003296
0.009644
0.036585
1.435897
0.460784
0.008057
0.004211
-0.013550
0.000671
-0.007507
0.418033
-0.002014
0.666667
1.405405
-0.001160
0.001038
2.853659
7.333333
0.312849
0.002197
0.001160
0.003357
1.258065
1.761194
0.001221
0.322314
2.606557
0.000854
0.004395
2.049180
0.471591
-0.004578
1.232558
-0.003235
0.047619
0.001770
0.000977
0.656489
0.018982
-0.006348
0.241379
0.002686
0.659259
0.540000
25.000000
-0.007141
0.009705
-0.002563
-0.004028
0.872549
-0.003418
0.800000
0.010742
-0.000854
5.888889
1.645833
0.002441
-0.008118
0.380368
4.595745
0.000549
23.333333
0.134615
-0.003906
0.011780
2.184211
0.000244
2.888889
-0.007568
-0.000610
0.333333
0.005798
-0.004700
0.000488
0.083799
0.000488
0.553571
2.277778
-0.004456
-0.001221
16.200000
0.010986
0.181818
0.622951
0.169014
0.005066
-0.008545
0.402985
-0.001770
1.453488
0.250000
0.006653
0.002991
0.001892
-0.006165
0.000488
0.070175
0.150943
0.485981
0.000122
2.030303
-0.003418
0.600000
0.001404
-0.005676
0.230769
0.084337
3.342105
0.005737
0.013123
0.001343
6.000000
2.173077
1.848485
0.352273
0.006287
-0.013977
0.543478
0.816667
0.004333
1.903226
0.971014
0.002869
-0.000183
1.227273
0.001648
-0.012573
0.003967
0.001099
1.011111
3.282051
0.449074
0.009033
0.327869
1.615385
2.569231
-0.002136
0.004150
0.750000
-0.000610
0.385246
-0.004944
9.166667
16.500000
0.003113
0.002380
0.750000
1.241379
-0.005127
0.002014
-0.004272
-0.001526
0.004456
1.112360
0.027027
0.050000
0.009155
0.018634
11.714286
-0.001343
0.627119
0.352941
-0.007080
0.003052
3.666667
0.844444
9.333333
0.503937
0.368852
0.254237
0.632000
2.800000
-0.007507
5.000000
0.002991
0.002625
2.233766
-0.010864
0.005554
1.781818
0.003052
0.003296
0.006897
16.857143
-0.011108
0.005737
7.857143
9.555556
0.005981
0.007324
-0.000854
0.003601
-0.001770
0.423529
0.005066
-0.006592
0.021739
-0.001831
3.196429
1.577465
-0.010986
1.459459
87.000000
-0.002197
5.095238
0.003662
21.000000
4.000000
1.214286
0.862069
41.000000
-0.001160
1.428571
0.005920
10.565217
8.000000
0.670000
0.005737
12.600000
0.229508
0.003174
-0.002502
0.009827
0.724359
0.189873
0.941176
0.059322
-0.000793
1.085106
0.385542
-0.000000
-0.000977
0.493671
0.000916
2.333333
-0.002563
0.003479
-0.003967
2.200000
0.006836
-0.002808
0.826087
1.846154
0.658537
-0.000977
2.593750
1.372093
0.257576
-0.007019
0.001465
0.003601
-0.001282
0.003357
-0.008484
0.301887
0.078125
0.330357
8.500000
2.255814
0.002747
-0.005737
-0.002563
0.001099
0.348485
0.004089
-0.003845
3.307692
0.984127
0.118644
1.777778
-0.008667
5.777778
-0.009888
-0.003906
0.222222
0.010254
0.002014
5.208333
2.625000
19.750000
0.882353
0.012756
2.055556
9.312500
1.939759
-0.013123
1.987654
0.679012
0.427350
0.454545
-0.004639
0.004089
0.608108
0.013611
0.900000
0.002808
-0.004028
-0.000732
-0.002808
0.006897
0.003357
0.415179
0.007874
0.964286
-0.000366
-0.000916
-0.004517
-0.001221
1.754098
-0.001892
-0.004822
0.298246
0.147541
2.157895
0.003601
0.009094
0.003906
0.007446
0.262500
0.003296
0.000793
-0.005310
0.003540
2.066667
1.261468
0.000854
-0.002563
0.001770
-0.003540
-0.005127
0.877551
-0.009827
3.470588
-0.007996
2.115385
0.183784
10.500000
0.003662
4.133333
-0.004700
1.238095
1.346939
0.141026
0.543103
0.791667
0.087591
-0.002319
1.200000
-0.007141
0.004639
0.003235
0.004761
0.002441
1.741573
0.030534
-0.006348
0.035398
0.003235
1.000000
-0.000366
3.703704
0.007629
0.327068
2.863636
6.136364
0.137931
0.003662
2.666667
0.723577
1.051282
0.007690
0.417722
0.003113
-0.001892
0.957746
0.804878
0.002808
2.960000
0.004395
1.820513
3.326531
0.596491
34.600000
-0.003052
-0.000671
0.000671
1.140845
1.396226
1.395349
0.001770
-0.000000
2.061538
-0.003784
0.005432
0.001221
0.002441
0.011169
-0.003723
0.660870
-0.005310
-0.012268
0.002258
7.500000
0.005371
0.941176
23.333333
0.500000
0.965517
-0.005249
0.002441
-0.009949
-0.000854
0.000732
-0.005981
0.003540
-0.009705
0.002014
0.005127
-0.001709
0.002502
-0.002563
3.317073
0.307087
-0.007019
1.223881
0.006042
2.208333
0.706522
0.001648
5.250000
1.084507
0.215517
1.910714
0.005432
-0.006592
1.418182
81.000000
-0.006775
16.200000
0.094118
0.462963
0.276923
0.360248
2.846154
2.909091
15.400000
-0.013794
5.684211
0.149425
0.580645
0.283582
-0.004456
-0.005005
0.004028
-0.002136
0.005615
7.850000
1.546875
-0.000488
0.004883
0.416149
2.264706
-0.003967
0.006104
2.966102
0.707692
-0.003296
-0.006409
0.979167
0.505051
0.250000
2.701754
0.008362
0.224490
-0.001099
55.000000
1.250000
0.000427
0.009033
0.194595
1.857143
8.333333
0.279070
-0.003845
0.000610
0.008667
0.021277
0.005188
0.005554
11.142857
1.500000
-0.004150
-0.008362
-0.006958
2.619048
-0.005188
0.180451
0.002625
0.005798
-0.013306
-0.001587
0.688679
-0.008972
0.115385
0.004944
-0.001282
0.598802
1.350000
0.008240
0.004272
2.684211
0.001343
2.285714
0.154930
-0.005127
1.464286
2.761905
-0.005066
0.007141
0.002563
0.337662
1.933333
2.607595
0.245614
-0.003906
1.166667
0.126214
1.118881
0.571429
3.105263
-0.006165
0.912500
-0.007141
-0.000549
0.001221
0.000854
-0.010864
0.008972
0.845070
0.008484
-0.005066
-0.005310
-0.002563
0.142857
0.003479
-0.008728
0.423077
0.651685
2.583333
0.008301
-0.003113
-0.001526
-0.007141
3.816901
1.022989
2.736842
-0.007141
0.764706
0.072727
0.000549
1.138889
-0.001221
0.000366
12.333333
-0.007751
0.001221
0.518519
0.870370
-0.003662
0.000183
2.411765
0.002991
-0.006287
0.193182
0.724551
0.008301
0.165680
0.003662
-0.000000
1.138889
0.000244
0.635593
0.005615
-0.005127
2.183333
0.045455
0.465116
-0.002380
-0.004700
0.008118
-0.002075
0.004822
2.948276
-0.000244
0.345745
0.595745
0.571429
0.513333
1.388889
0.009583
0.002808
3.550725
2.509091
0.001038
-0.001892
-0.004272
0.118056
-0.009827
0.008972
0.115556
-0.005920
0.173333
0.001831
-0.008362
1.000000
0.511905
0.521277
-0.004089
2.500000
1.578947
3.696970
0.071429
0.005371
0.908333
0.004150
0.005798
0.005615
-0.008057
-0.001648
-0.001282
0.666667
-0.001099
31.428571
-0.001099
0.000549
-0.006653
2.174419
18.571429
0.640000
-0.007690
1.545455
-0.001953
0.670103
0.574879
0.001892
0.020942
0.004028
0.003357
-0.005737
-0.004578
3.200000
1.615385
0.003296
-0.007202
0.000732
0.473684
-0.001953
0.300000
1.189655
0.109589
0.003113
0.463415
0.290323
2.846154
1.438356
-0.001892
-0.003662
0.000122
-0.000366
0.733333
0.002258
0.003296
0.581395
-0.005676
0.001160
0.661538
0.001099
2.916667
0.009705
0.566265
0.003235
-0.000061
0.431507
0.921569
2.164384
1.287805
34.333333
0.002686
2.184783
0.001526
0.372881
0.001099
0.300752
2.392857
1.256410
-0.002197
0.873016
0.009277
11.727273
-0.003601
-0.002258
-0.002258
0.400000
0.283582
1.141593
-0.004700
4.404255
0.004211
0.001770
-0.011108
-0.004089
0.003601
1.454545
0.004700
0.099415
0.835616
2.173913
-0.009338
1.546667
0.001831
2.333333
-0.007446
0.200000
1.044444
0.001953
0.005859
-0.001892
0.003235
-0.006104
0.986486
1.563380
0.002197
0.206751
0.076190
1.916667
