1.000000
0.037736
1.989011
0.738095
1.307692
0.837209
29.000000
3.387097
1.669355
0.408451
2.812500
1.163462
6.714286
1.071429
1.191011
0.746479
0.007629
0.885714
1.574074
4.407407
3.000000
0.408840
0.015152
0.941176
1.583333
0.011475
3.774194
0.003052
0.170732
2.653846
3.200000
14.000000
0.663677
2.105263
0.882353
1.300000
0.714286
3.750000
6.500000
1.136986
1.906250
6.400000
0.245902
3.375000
0.002197
0.007019
3.608696
1.894737
3.821429
25.000000
2.909091
40.500000
1.954545
12.833333
1.000000
1.204678
0.546875
2.742857
1.053435
2.531915
0.830769
1.500000
1.114943
1.085106
12.705882
4.000000
2.250000
4.706897
22.600000
2.300000
0.913793
6.294118
4.000000
2.411765
2.659574
1.344828
0.950000
0.105769
0.006165
0.010010
2.285714
1.166667
3.812500
2.045455
0.008057
1.275862
1.683544
0.899225
5.333333
1.078947
0.578947
0.302083
5.708333
10.800000
21.000000
35.500000
2.000000
2.212121
7.230769
10.000000
2.700000
2.845238
22.750000
2.500000
0.831858
0.006592
2.135135
4.106383
0.018868
43.666667
1.296296
6.875000
3.647059
0.986667
7.380952
0.005615
9.000000
4.525000
12.000000
0.691176
0.735849
9.100000
6.636364
30.000000
6.684211
0.055814
1.972603
2.100000
2.500000
0.977273
2.772727
0.144068
0.223684
20.000000
61.000000
0.516556
0.420635
21.000000
3.000000
1.120000
3.157895
0.893443
0.002014
3.630435
0.714286
9.133333
1.827586
2.526316
0.132075
7.454545
7.000000
2.039216
10.923077
1.275000
2.800000
0.333333
41.400000
0.000977
1.450980
32.000000
2.457143
1.186335
0.915254
17.400000
1.923077
21.400000
4.545455
2.394737
5.208333
0.528000
2.241379
1.626506
2.303030
6.722222
6.529412
1.854545
0.400000
0.588235
6.600000
1.550000
1.027027
1.210526
0.552239
0.005188
0.640625
2.657143
2.289474
11.615385
6.000000
1.342857
6.814815
0.741667
12.533333
0.674603
0.007996
1.333333
8.500000
1.129412
21.142857
1.319444
3.666667
10.000000
9.840000
1.761905
0.862069
2.954545
3.285714
0.011536
0.345455
0.016174
48.000000
1.522727
2.363636
1.750000
0.548872
0.021583
4.000000
0.418033
0.666667
1.435897
2.853659
7.333333
2.049180
1.258065
1.761194
0.009705
0.656489
0.872549
0.800000
25.000000
2.184211
2.888889
4.595745
23.333333
0.083799
0.553571
2.277778
16.200000
0.181818
0.622951
0.230769
3.342105
2.030303
6.000000
1.848485
0.006287
0.816667
3.282051
0.971014
1.615385
2.569231
1.241379
0.385246
9.166667
16.500000
9.333333
11.714286
0.632000
2.800000
5.000000
7.857143
9.555556
1.781818
0.006897
16.857143
21.000000
4.000000
41.000000
87.000000
10.565217
8.000000
12.600000
0.385542
0.493671
2.333333
2.593750
2.200000
0.006836
1.846154
0.658537
3.307692
8.500000
1.777778
5.777778
0.348485
1.987654
5.208333
19.750000
2.055556
9.312500
0.002808
1.754098
0.006897
0.415179
2.157895
0.009094
0.262500
0.877551
3.470588
2.115385
10.500000
4.133333
1.238095
1.346939
1.741573
0.137931
2.666667
3.703704
0.417722
6.136364
1.140845
2.960000
3.326531
34.600000
0.005432
23.333333
0.965517
0.002441
7.500000
0.941176
2.208333
0.706522
5.250000
3.317073
1.223881
81.000000
16.200000
0.580645
0.360248
2.909091
7.850000
1.546875
0.505051
2.701754
2.966102
55.000000
0.009033
11.142857
8.333333
2.619048
0.598802
1.350000
2.684211
2.285714
0.154930
2.761905
1.118881
3.105263
2.607595
0.245614
0.423077
2.583333
0.008484
-0.001526
3.816901
2.736842
0.870370
2.411765
0.002991
12.333333
0.465116
0.003662
1.138889
2.948276
2.183333
0.595745
1.388889
0.115556
3.550725
1.000000
0.521277
2.500000
3.696970
31.428571
0.908333
2.174419
18.571429
3.200000
1.615385
0.574879
0.473684
1.189655
0.733333
0.581395
2.846154
34.333333
2.916667
0.566265
0.431507
2.392857
4.404255
11.727273
-0.002258
1.454545
1.141593
2.173913
1.546667
2.333333
0.206751
1.916667
