-0.053345
-0.088196
0.037048
-0.035156
-0.006592
0.072754
-0.005920
0.007385
0.064758
0.052490
0.054504
-0.095398
-0.070740
-0.026123
0.030579
0.013733
-0.086182
0.090759
-0.071716
0.040894
0.078247
-0.000854
0.100891
0.031555
0.049683
-0.021729
-0.034607
-0.082764
0.015686
-0.041382
-0.092712
0.057861
-0.055481
0.084412
0.107056
-0.088501
-0.134399
-0.001221
0.051697
0.017151
-0.154846
-0.058411
0.032043
0.018860
-0.130371
0.031128
0.078003
0.117126
0.052307
-0.151062
-0.017090
-0.058960
-0.064026
-0.054199
-0.088013
-0.080017
0.048218
0.097229
0.036682
0.081421
0.005188
0.106079
0.103333
-0.098694
-0.071594
0.017517
0.046204
0.031189
0.006226
-0.186462
-0.040039
0.014221
0.027588
-0.053528
-0.143005
-0.043640
0.009827
0.055786
0.101318
-0.040771
-0.094177
-0.029297
0.033875
-0.012085
-0.042419
-0.011169
0.054932
-0.015442
-0.017883
-0.092896
0.089905
0.179871
0.044739
-0.079041
-0.123413
0.019653
0.174255
-0.121887
-0.149109
-0.097168
-0.112000
-0.056458
-0.152405
-0.051819
0.010010
-0.078491
-0.172546
0.023010
0.091309
0.053528
-0.142456
-0.097046
0.119507
0.032898
-0.079041
-0.111267
-0.016907
0.055664
0.132263
-0.171265
-0.170471
0.113586
0.024780
-0.082153
-0.152710
-0.078369
-0.054016
0.003052
0.019348
-0.024658
-0.060791
0.037842
0.000732
-0.049866
-0.026733
-0.014160
-0.094055
0.049500
-0.058411
0.033020
-0.036560
0.024292
-0.038330
-0.129150
0.023438
0.087402
-0.065491
0.048157
-0.126831
-0.060791
0.023804
-0.022522
-0.071472
-0.009460
0.022522
0.056274
-0.097290
-0.070984
-0.101013
-0.091370
0.022461
-0.076904
-0.135132
-0.015564
-0.129211
-0.123047
-0.016357
-0.058716
-0.119019
0.003784
-0.027222
0.020142
-0.122375
-0.043884
-0.125793
0.016846
-0.062561
0.015320
-0.057678
-0.110901
0.046448
0.077026
-0.060547
-0.137451
-0.016541
-0.051086
0.009216
0.069763
0.083496
-0.030029
0.036133
-0.036133
0.050537
0.086853
-0.010681
0.087524
-0.022888
-0.034546
0.060425
-0.028442
0.006775
-0.073792
-0.061523
-0.030334
0.077271
-0.079468
-0.041077
-0.003845
-0.071350
0.049438
0.073669
0.010254
-0.052979
-0.055969
-0.021118
0.107727
0.179749
0.138977
0.148682
-0.084229
0.069458
0.123535
0.090027
-0.112976
-0.061829
-0.111328
-0.077576
-0.119934
0.025330
0.007812
-0.016357
-0.185486
-0.006653
0.085144
0.063965
-0.001648
0.029541
-0.063293
-0.034241
0.043457
0.031738
0.110535
0.083252
0.050476
-0.007141
-0.171448
-0.180725
-0.090393
-0.004822
-0.144531
-0.035461
0.005798
0.100647
-0.068359
-0.023987
0.070374
-0.084534
-0.172180
-0.161682
-0.015381
-0.033875
-0.105530
-0.126404
-0.008545
0.145508
0.099365
0.058838
0.101440
0.134949
0.059875
0.050537
0.089417
-0.100037
-0.013977
-0.120728
0.094910
0.070740
-0.035156
-0.028076
0.056335
-0.063599
-0.046082
0.041382
0.009216
0.054260
-0.104248
0.065002
0.104431
0.036255
0.071533
0.169739
0.140503
0.055237
0.088196
-0.064880
-0.035095
0.115662
0.091553
-0.033508
0.082214
-0.130859
-0.087708
-0.039124
0.062561
-0.077087
0.035583
-0.067322
0.028320
-0.111816
0.066772
-0.017639
0.010620
-0.093140
0.050110
0.062317
-0.018860
-0.097595
0.033936
0.004333
-0.005920
0.035339
0.012756
0.088867
-0.062134
0.093750
0.028381
0.019287
0.086609
-0.049072
-0.040527
0.017944
-0.108459
-0.088318
-0.114868
0.060303
0.085327
-0.052185
0.057678
0.085266
-0.014221
-0.063660
0.057190
0.033691
0.056396
0.088867
-0.070374
-0.051392
-0.166626
-0.095276
-0.037048
-0.110901
-0.032654
-0.094360
0.032715
-0.129578
0.015625
-0.085876
-0.145996
0.041260
-0.068115
-0.027161
0.133728
0.181152
0.089539
0.190002
0.128479
0.007385
0.103943
-0.049744
-0.013367
-0.100403
-0.204590
-0.190369
-0.079285
-0.075684
0.052856
-0.010864
-0.050659
-0.067322
-0.148560
0.090393
-0.012146
0.070740
-0.117188
-0.010254
-0.021484
0.079651
0.089050
0.128601
0.037598
-0.020630
-0.015198
-0.159973
0.014893
0.050293
-0.230103
-0.095825
-0.187378
0.049255
-0.015930
-0.009888
-0.004700
-0.015137
-0.000061
-0.077942
-0.005188
0.054565
-0.137207
-0.024841
-0.088196
-0.030273
-0.018005
0.080933
0.141357
0.106445
0.099915
-0.011230
0.153931
0.030334
0.001221
-0.033936
-0.034546
-0.152832
-0.173035
0.038208
-0.052185
-0.007263
-0.116028
0.037354
-0.006836
-0.044189
-0.047180
-0.036377
-0.005188
-0.101562
0.117798
0.165894
0.158142
0.150696
0.189392
0.130005
0.012817
0.081787
-0.046875
0.003479
-0.039185
-0.131409
-0.107544
-0.071106
-0.110474
-0.022949
0.099854
0.089905
-0.022949
-0.015930
-0.054260
-0.056580
0.066528
-0.070435
0.061340
0.028320
0.047302
-0.088623
0.029785
-0.083923
0.010742
-0.053772
-0.012390
0.022888
-0.098755
0.126038
0.045654
-0.017212
-0.051331
-0.086365
-0.085693
-0.083862
0.043762
-0.017029
0.011536
-0.009766
-0.045959
-0.053284
-0.040588
-0.066772
0.059143
0.047974
-0.068604
0.102539
-0.074097
-0.097107
-0.051819
0.009583
-0.093994
0.047119
-0.105957
0.008545
-0.063477
-0.097961
-0.100891
0.012390
0.041077
-0.000061
0.028015
-0.060730
-0.042419
-0.059570
0.149841
0.142578
0.090942
0.096985
-0.026978
0.114685
0.181335
0.097961
-0.131653
-0.145264
-0.128235
0.068970
0.177856
-0.032593
-0.104980
-0.023499
-0.082642
-0.068481
-0.010498
-0.009216
0.072876
-0.050720
-0.032349
0.128235
0.027100
0.070801
0.163818
-0.021057
0.037048
0.032288
-0.037109
0.189331
0.124023
-0.142639
-0.151733
-0.158813
0.025085
0.076660
-0.043579
-0.086975
-0.202698
-0.150940
-0.046387
-0.022095
0.031799
-0.033569
0.039917
0.077148
0.065674
-0.048462
-0.073120
-0.102295
0.085144
-0.043152
-0.026733
-0.013733
0.070435
0.001526
-0.060303
-0.103821
0.033813
0.065308
-0.083618
-0.110168
-0.136963
-0.049988
-0.104309
-0.055725
0.071533
-0.117371
-0.025513
-0.063416
0.032043
-0.068604
0.111877
-0.034973
0.029907
0.009583
0.059570
-0.060425
0.014160
0.038818
0.051147
-0.005554
0.002014
-0.092773
0.023926
0.171875
0.044983
-0.052429
0.030518
-0.036072
-0.035156
-0.066589
-0.010376
0.024841
-0.082642
0.025391
-0.074829
-0.043091
-0.009888
-0.092224
0.019470
0.052429
0.069031
-0.075745
0.042480
-0.082520
0.099976
-0.006287
-0.051208
-0.041077
0.082275
-0.088562
0.008789
0.069458
0.094727
0.018616
0.064575
0.118347
-0.003784
-0.049500
-0.072144
0.083984
0.012573
-0.072693
-0.036560
-0.000549
0.081055
0.038513
0.067993
-0.014587
0.078247
0.015320
-0.087891
-0.047852
0.011230
-0.063843
-0.071655
0.010071
-0.058044
0.097839
-0.049622
0.073547
-0.023499
-0.013428
-0.099915
0.007446
-0.113586
-0.011169
-0.023926
0.066833
0.030518
0.029236
-0.071594
-0.033386
-0.015442
0.060547
0.000061
0.026184
0.005981
0.020813
0.048950
-0.066223
0.078003
0.087708
-0.121826
-0.080322
0.014709
0.050293
-0.064697
-0.026428
-0.086304
-0.100891
-0.125427
-0.071899
0.067505
0.107178
-0.020508
-0.009277
0.024353
-0.005188
0.080872
-0.039551
0.075500
0.092346
-0.087891
-0.060669
-0.021912
0.061829
0.088074
-0.061584
0.001099
0.047363
-0.010742
-0.099121
-0.128052
0.034729
0.008972
-0.104431
-0.052368
-0.019165
0.049744
-0.095886
-0.063477
-0.031189
-0.090088
0.052063
-0.022339
-0.074951
-0.043396
0.133545
-0.093750
-0.053406
0.008850
-0.032166
0.109436
0.031128
0.027039
-0.122070
0.074158
-0.046326
0.070801
0.015198
-0.118896
0.093140
-0.054504
-0.088135
-0.006042
-0.054688
-0.046631
-0.083252
-0.066895
0.016357
-0.080261
0.022156
-0.042786
-0.078369
0.035278
0.079834
0.073547
-0.105225
-0.025635
-0.041992
0.090088
0.012695
-0.117676
-0.005737
0.102234
0.062988
-0.059204
-0.080933
0.010681
-0.051941
0.031128
0.013000
0.020935
0.051880
-0.024475
-0.059937
0.091125
-0.051453
-0.053223
0.009338
-0.104553
-0.067993
-0.058899
-0.066895
-0.064453
-0.072449
-0.044739
0.032532
0.076721
-0.016113
-0.065369
0.045959
0.106079
0.034485
0.046143
-0.092590
0.089294
0.073303
0.034485
0.014465
0.128601
-0.075623
-0.058044
0.072388
-0.077820
0.038513
-0.109985
0.030579
0.102234
-0.018738
0.085999
-0.043213
-0.027893
-0.095886
-0.103271
-0.066162
-0.060242
0.069214
-0.087463
-0.101624
0.069153
0.069214
-0.084656
-0.143921
0.048340
0.003357
0.067139
-0.026001
-0.125732
-0.062683
-0.054749
0.070679
0.083008
0.027588
-0.012817
0.097351
0.067932
-0.045593
0.002808
-0.044739
0.101074
-0.062744
0.014954
-0.087830
-0.047852
0.118591
-0.005920
-0.145203
-0.165039
0.079773
0.050354
-0.077698
0.052795
-0.061096
-0.124268
-0.013672
-0.049316
-0.062134
0.067932
-0.049194
-0.060059
0.053040
0.087219
0.021057
-0.144714
-0.002502
0.031677
0.015076
-0.089233
-0.012024
0.099060
0.090332
0.014648
-0.029724
0.073730
-0.007202
0.083557
-0.069458
-0.131714
0.007935
0.049683
-0.051147
0.094849
0.026733
-0.085449
-0.053040
-0.047852
0.039734
0.082275
-0.079529
-0.083069
0.053223
-0.035522
-0.027222
0.110107
0.108765
0.053711
0.025818
-0.097595
0.093994
0.000427
-0.048889
0.041565
-0.062439
-0.048157
0.107483
0.008118
0.111206
-0.053528
-0.079224
-0.015503
0.007324
-0.015808
0.058716
0.013977
0.039856
0.080872
-0.007446
0.098572
-0.015015
0.094482
-0.042908
-0.035156
0.088318
0.017395
0.088928
-0.023743
0.039551
-0.042664
-0.060303
-0.025269
0.040222
-0.057312
-0.071655
-0.025085
0.041321
0.007690
0.016663
0.080933
-0.042053
-0.019836
0.012146
-0.052185
0.091370
-0.093872
-0.090881
-0.056213
0.001160
0.044922
0.056763
0.110168
0.057312
-0.080383
-0.068359
0.056580
-0.031006
0.049194
0.031250
-0.010803
-0.026062
0.062744
-0.087769
-0.102234
-0.030640
-0.100281
-0.076782
-0.001465
0.059998
-0.084717
-0.048401
0.065063
-0.060303
0.102417
-0.082336
-0.034485
-0.025757
0.054871
-0.017822
0.030273
-0.100525
0.034302
-0.012024
-0.051453
-0.023743
0.081055
-0.071655
-0.083008
-0.048767
-0.023376
0.037354
-0.039124
-0.051147
-0.013489
0.009949
0.002563
0.065552
0.061646
-0.068115
0.005371
-0.010315
0.019470
-0.015076
0.008545
-0.021240
-0.015076
-0.069580
0.024841
-0.079468
0.083618
-0.027893
0.052795
-0.021851
0.092468
-0.052979
-0.002991
-0.019897
-0.040344
-0.081238
-0.052734
-0.044495
-0.026001
-0.054626
-0.013794
0.093628
-0.102539
-0.043884
-0.043579
0.087219
0.111938
0.056580
-0.097107
0.059387
-0.031250
0.053711
-0.090393
-0.077637
0.048767
0.031677
0.047729
-0.008240
-0.055359
-0.002991
-0.101440
0.061707
-0.097839
0.081848
-0.041870
-0.025024
0.006531
-0.067566
0.011230
0.083313
0.028625
0.025818
0.079468
0.028503
0.100403
0.105408
0.092346
0.080261
-0.065979
-0.059753
-0.090759
0.058350
-0.004211
-0.005371
-0.066101
0.070618
0.031616
-0.035461
0.013672
-0.104553
-0.077576
0.045776
-0.102661
-0.116272
-0.005554
-0.043274
0.046448
-0.028564
0.051025
-0.011597
0.030273
0.013306
0.042175
0.012634
0.043884
-0.081421
0.097717
0.009155
-0.031555
0.042175
0.050720
0.063965
-0.105469
0.010071
-0.021240
-0.121826
-0.078552
-0.008484
0.028809
0.061890
0.035095
-0.103455
0.046631
-0.093811
-0.094421
0.021973
-0.070679
-0.103699
-0.139099
-0.009094
-0.088501
-0.093994
0.016785
-0.016113
-0.113525
-0.122803
-0.078857
-0.087891
0.089722
0.070923
-0.117798
-0.067444
0.046692
0.069153
0.095459
0.115173
0.064819
-0.002197
0.004028
0.108032
0.151184
0.043579
-0.014587
-0.097351
0.085205
-0.072327
0.024414
-0.106445
-0.113586
-0.090881
-0.057617
0.033325
-0.009705
0.115417
0.080627
-0.146912
-0.172424
-0.093323
0.109619
-0.025269
0.034729
-0.014465
-0.035278
0.068481
0.146851
-0.004395
0.018616
-0.028503
-0.059814
-0.125610
0.047485
0.043579
-0.051270
0.054382
-0.049744
0.017029
-0.087341
-0.009766
0.000366
-0.021179
-0.125793
-0.130981
0.113953
0.115967
-0.033691
-0.154846
-0.009277
0.042603
0.047180
0.069641
-0.003235
0.037781
0.003418
0.062805
-0.018188
0.063416
-0.081726
0.023804
0.063354
-0.056213
-0.103027
0.037598
0.047363
-0.005493
-0.086731
0.011414
-0.090454
0.063477
0.017395
0.073914
-0.046143
0.004883
0.043091
0.070312
0.072388
0.003845
-0.057251
-0.031982
0.040955
-0.031067
0.056641
0.079224
-0.034119
0.000854
-0.059326
-0.056091
0.024475
-0.000916
-0.053162
0.113037
-0.020752
0.095276
0.040588
0.130798
0.022644
-0.025940
-0.057312
0.089050
0.070923
0.072937
-0.113464
-0.083435
-0.078918
0.092163
-0.013733
-0.019958
-0.018433
-0.069031
0.061890
-0.073853
0.040222
-0.078613
0.097229
0.014648
0.040710
-0.099426
-0.060486
0.071716
0.009155
-0.119873
0.084106
0.051636
-0.020325
-0.076416
-0.100220
0.034424
0.142212
0.033997
-0.028503
0.030640
-0.055237
0.173218
-0.054199
-0.033264
-0.092224
-0.026794
-0.093689
-0.051758
-0.089905
-0.134216
-0.071411
-0.007324
-0.020630
-0.026917
-0.143433
-0.093140
-0.112000
-0.039429
-0.055786
0.030212
-0.067078
-0.004456
0.092163
-0.063049
0.094116
0.021912
0.068176
0.067627
0.083923
-0.130615
-0.157837
0.071533
0.014343
-0.149170
-0.061890
-0.079956
0.082642
-0.065918
-0.035156
0.098572
0.059509
0.016052
-0.164551
0.043945
-0.020386
0.087463
-0.019714
-0.033630
0.086792
0.004456
0.120300
0.039612
-0.019592
0.123230
-0.071411
0.100891
0.043274
0.062378
0.033386
-0.025513
-0.005615
-0.092468
-0.067749
0.009155
0.010315
-0.093384
-0.041504
0.065674
-0.116760
0.025269
-0.026917
0.155701
-0.014771
0.000122
-0.000122
0.063416
0.146545
-0.023376
0.029297
-0.087646
-0.061340
-0.062500
-0.041199
-0.041260
-0.106628
0.008911
0.065247
-0.033325
-0.023438
-0.080505
-0.047546
-0.065918
-0.112915
-0.082886
-0.028992
0.108337
-0.042114
-0.085205
0.105042
-0.043945
0.094604
-0.021240
-0.015808
0.051941
0.032349
-0.036011
-0.004456
-0.047302
-0.073975
0.057800
0.099548
-0.042664
-0.023010
0.087830
0.094055
0.078796
0.099670
0.086731
0.096130
0.018188
0.101318
0.023743
0.041260
0.136108
-0.003479
0.024902
0.031128
0.110657
0.029297
0.076599
0.031860
0.028931
0.028625
-0.123169
-0.098816
0.060425
0.026489
0.002258
0.068726
-0.042786
-0.101501
-0.003906
0.050720
-0.064270
-0.084351
-0.013306
-0.091797
-0.009583
-0.058044
-0.083801
-0.062744
0.012939
-0.005066
-0.107849
0.056763
-0.105530
-0.106445
-0.000305
-0.059387
0.026917
-0.041870
-0.017700
0.047241
-0.098328
0.007935
-0.111816
-0.049622
0.039062
-0.004639
0.037231
0.001526
0.034485
-0.057556
-0.030334
-0.052734
-0.049500
-0.077515
0.047180
0.054749
-0.025940
0.026367
-0.047180
0.033630
-0.054382
-0.069519
-0.069702
-0.005615
-0.046204
0.089111
0.015320
0.085388
0.063782
-0.100281
-0.093445
-0.006592
-0.073486
0.054993
-0.029175
-0.030457
-0.078125
-0.001404
0.083130
0.099365
0.059509
-0.079407
-0.105225
0.063843
0.025696
-0.118164
-0.052185
0.088074
0.001709
-0.091492
-0.043457
-0.050293
-0.032898
-0.079407
0.053345
-0.082397
-0.075134
0.065552
-0.012329
0.031799
0.032776
-0.082153
-0.017029
0.045715
-0.004395
-0.102295
0.008545
0.092346
-0.010498
0.008972
0.001709
0.080444
0.087524
0.049255
-0.069641
-0.025330
-0.032043
-0.033447
0.081543
-0.045349
-0.086670
-0.067566
-0.024475
-0.022888
0.012573
-0.013550
-0.008728
-0.063538
-0.034241
0.095886
0.037048
0.040894
0.065002
-0.109314
-0.020935
0.008545
0.114136
0.004272
0.007202
-0.075989
-0.047302
0.034363
-0.011536
0.050171
-0.048096
-0.021484
0.041260
0.083679
0.030518
-0.022339
-0.030090
0.109558
-0.015381
0.135498
-0.010010
-0.008545
0.067017
-0.079102
0.064270
0.003906
0.011475
-0.149048
-0.107971
0.019836
-0.015442
0.100708
0.040894
0.068176
0.014404
-0.086365
-0.018127
-0.091675
-0.010681
-0.020630
-0.039917
0.072083
0.097900
0.168579
-0.009277
0.014893
-0.123718
0.005737
-0.058716
-0.071838
-0.013611
-0.013428
-0.052856
-0.132019
-0.151428
0.120056
-0.081726
-0.109131
-0.054932
-0.002930
-0.064514
0.088867
0.035339
0.090149
0.065613
0.077026
-0.097839
0.003662
0.105835
0.118958
-0.107788
-0.027710
0.006775
-0.095398
-0.081238
0.049683
-0.058716
-0.146484
-0.129639
-0.037659
0.039246
0.005554
-0.037354
-0.004822
-0.058838
0.052551
0.102905
-0.075684
0.070435
-0.022278
0.080017
-0.065125
0.031982
0.105591
0.127197
-0.079346
0.090698
-0.011963
0.002502
0.112122
-0.072815
-0.044128
-0.033997
-0.082886
-0.105530
0.014465
-0.083069
0.049011
-0.025879
-0.078125
0.064514
0.007263
0.093750
0.050903
-0.003418
0.076233
0.107239
-0.012939
0.062866
0.079590
0.009460
-0.072449
-0.080322
0.121033
0.026367
-0.067566
-0.093567
-0.079529
-0.118408
-0.070923
-0.034912
-0.066345
-0.030640
-0.011353
0.094055
0.074646
-0.053467
-0.097595
0.012024
-0.075317
0.065247
-0.077942
-0.071228
-0.045471
-0.043579
-0.087402
0.012146
0.011841
-0.026123
-0.019958
-0.000610
-0.027039
-0.041260
-0.094116
0.038879
-0.034790
-0.075378
-0.020142
-0.050110
-0.049561
0.053284
0.018738
0.029785
0.002075
-0.005432
0.095520
-0.080383
-0.077942
-0.030823
0.038635
-0.087585
0.067078
-0.044434
-0.074768
0.043884
0.102600
-0.056458
-0.065552
-0.027649
0.095581
-0.009155
0.018738
0.004700
-0.067505
-0.027039
-0.034607
-0.004150
0.053284
-0.000183
0.000977
-0.057373
-0.052795
0.005554
-0.063721
-0.020569
-0.053833
0.017212
-0.093872
0.002869
0.044434
-0.005432
0.049866
-0.085327
0.047058
0.016479
0.013000
-0.065247
-0.095398
0.004272
-0.078491
0.024475
0.066406
-0.034485
-0.041809
0.053650
-0.086731
0.098206
-0.049500
0.002563
0.085510
0.026917
0.042358
0.004089
-0.013550
0.092712
0.022156
-0.058167
-0.075134
0.063660
0.034668
-0.041382
-0.002258
0.062866
-0.023499
-0.018066
-0.058716
-0.018982
0.078613
-0.019043
0.086975
-0.033447
-0.083008
-0.070190
-0.086609
-0.085632
0.075867
0.059387
-0.066772
0.006470
-0.037537
0.100403
0.055298
-0.099609
0.069397
-0.003601
0.098267
-0.095459
0.006042
-0.056274
0.083252
-0.006531
-0.106445
0.038696
0.044373
-0.028748
0.012268
0.047791
0.071716
0.047241
0.090759
0.008362
-0.070923
-0.054565
-0.055908
-0.042236
-0.084412
0.023315
0.080261
-0.042053
0.034546
0.073242
0.088013
-0.076416
-0.084534
-0.088745
-0.062256
0.049011
-0.086609
-0.007812
-0.085022
0.068420
-0.081360
-0.039612
-0.029297
0.065247
0.023010
0.047058
-0.104248
0.021667
0.002197
0.087402
-0.061218
0.047119
-0.124634
-0.032227
0.047974
0.026245
-0.030273
0.020203
0.041931
0.053406
-0.031006
-0.080933
-0.100830
0.074768
-0.087158
-0.018677
0.013306
-0.063416
-0.059204
0.062561
-0.064636
0.061646
0.079590
-0.000610
0.083923
-0.101868
-0.089844
0.131287
0.047546
-0.006287
-0.028137
-0.002319
0.110535
0.065613
-0.000793
-0.133179
-0.008301
0.145325
0.061584
-0.024109
0.076904
0.126221
0.060974
0.049683
-0.109253
0.119080
0.118958
-0.054504
-0.031738
-0.092224
-0.026123
0.045410
-0.099854
0.037170
-0.134644
0.062256
0.019470
-0.075256
0.030151
0.013672
-0.022278
-0.068176
0.004761
-0.127991
0.012512
-0.038086
-0.006348
-0.068604
-0.065979
-0.062622
0.116089
0.064270
-0.001282
-0.151245
-0.156128
0.117065
0.192932
-0.033020
-0.063538
-0.064453
0.165344
0.014832
-0.003845
-0.174500
-0.121460
0.162170
0.157288
-0.068359
-0.113525
-0.034363
0.013794
-0.107300
-0.009583
0.025330
-0.059814
0.035095
0.028748
0.036316
0.000793
0.033752
-0.084961
-0.152222
0.019043
0.070557
0.065796
-0.133301
-0.003296
0.172180
0.087830
-0.057312
-0.121704
-0.062195
0.129822
-0.068176
-0.030396
-0.016541
0.053955
-0.109436
-0.006653
-0.056763
0.074646
0.031738
0.028137
0.027039
-0.014893
0.116577
-0.014648
-0.079529
-0.027344
-0.099854
-0.084534
-0.044434
-0.079529
-0.028198
0.023804
0.015015
-0.004028
-0.134033
0.001770
0.018494
-0.022034
-0.091736
-0.059875
0.047302
-0.040161
-0.017822
-0.120239
-0.053650
-0.072937
0.005920
-0.032166
0.047791
-0.067017
-0.052124
0.025757
0.053223
-0.042175
-0.107605
-0.054626
-0.067200
0.051392
-0.112183
0.034668
-0.007812
-0.000549
-0.102722
0.053772
-0.102173
-0.088196
-0.092529
-0.097717
0.089844
-0.043274
0.047913
0.013000
0.004333
0.053162
-0.128540
0.060974
-0.077332
-0.002991
0.072388
0.043518
0.007935
0.032898
-0.052673
0.089478
0.101746
0.016357
0.103394
-0.009766
-0.064880
-0.066650
-0.028687
0.089294
-0.049927
-0.058167
0.031128
0.011108
0.029968
0.048950
-0.071899
-0.035461
-0.093567
0.016113
-0.044617
0.129272
0.042358
-0.103149
-0.038635
-0.062134
0.138000
0.092957
0.069397
0.078674
0.014893
-0.057434
-0.006042
0.005554
0.110962
-0.026978
-0.145935
-0.107361
-0.108948
-0.031921
0.041443
-0.069946
0.026978
-0.162476
0.105347
-0.029968
0.038635
-0.042236
0.088440
0.037598
0.031860
0.018311
-0.015686
-0.015015
-0.066956
0.062439
0.037598
-0.051025
-0.001038
0.057861
0.044739
0.034424
0.033325
0.056763
-0.094910
-0.075195
0.037415
-0.076172
0.024902
-0.029114
0.031433
0.041321
-0.146179
-0.055054
0.041748
-0.032410
0.083984
-0.077759
-0.026367
-0.058594
-0.022156
0.068176
-0.013489
0.052185
0.036133
-0.089478
-0.105408
-0.048218
-0.007568
-0.045044
-0.060059
-0.139282
0.045532
0.051697
0.087036
0.105408
0.067017
-0.000244
0.038147
0.039062
0.016418
0.106384
0.037048
-0.000305
-0.056519
0.025696
-0.057983
-0.017639
0.003601
-0.060120
0.039673
0.049805
0.071350
0.047302
0.013245
-0.083496
-0.018066
0.010010
-0.059448
-0.084900
-0.050842
0.001892
-0.044800
-0.116394
-0.083069
-0.014709
-0.060425
-0.032410
0.098145
-0.059021
0.007812
-0.065002
-0.030762
0.048950
0.002747
0.055786
-0.100525
0.055481
0.015564
0.077637
0.023254
0.002014
-0.090759
-0.068542
0.054443
0.063843
0.003296
0.064941
-0.056946
-0.079773
-0.067139
-0.025024
-0.004089
0.073425
-0.026184
0.070862
0.052734
-0.006775
0.129639
0.063721
-0.021118
-0.119385
0.176758
0.088989
0.088623
0.029785
-0.055054
0.102051
0.020020
-0.093689
-0.005005
-0.079224
0.018250
-0.025085
-0.095947
-0.067322
-0.004578
-0.017273
0.022339
0.108032
0.003174
0.032654
0.154785
0.054382
0.061157
-0.105164
-0.085632
0.024048
0.103516
0.078979
-0.096558
0.037048
0.058655
0.158203
-0.130005
-0.103882
-0.000916
0.009888
-0.059631
0.005005
0.117432
0.112366
-0.059204
-0.022583
-0.063232
-0.067505
0.038025
-0.057129
-0.022034
-0.049438
-0.075623
0.015564
-0.053223
-0.128052
-0.033386
-0.009216
-0.041626
0.039429
-0.059814
0.115601
-0.060791
-0.091553
-0.129333
-0.021362
-0.008911
-0.093201
-0.069702
0.006714
-0.027466
-0.059082
-0.065735
-0.037537
0.074219
-0.064209
-0.091919
0.075256
-0.031799
0.145203
-0.097839
-0.016357
0.015930
0.036743
0.087158
-0.038635
0.021179
-0.122864
-0.098328
-0.007874
0.082886
-0.029358
-0.071411
0.034851
-0.077515
0.003296
0.007507
-0.042358
-0.001343
0.069702
-0.051208
0.073486
-0.116577
0.072815
-0.050110
-0.033508
0.072510
-0.045898
-0.037903
0.084717
0.047485
0.051208
-0.042664
0.008911
-0.040222
0.027405
0.015686
-0.006897
-0.104309
-0.014038
0.059143
-0.026794
-0.085938
-0.073242
0.045471
-0.001892
-0.088928
-0.104004
0.077515
0.064697
0.035950
-0.052490
-0.060608
0.062805
-0.032043
0.061890
0.046326
-0.026367
-0.021301
-0.119263
-0.072449
-0.027832
0.039246
0.006348
-0.009399
0.018005
0.014465
0.117798
0.027100
0.012451
0.087585
-0.037048
0.067688
-0.100952
-0.075745
-0.047546
-0.035461
-0.081604
0.007324
-0.120728
0.065796
-0.083130
0.022217
-0.026428
0.063660
0.018677
-0.069641
0.023376
-0.023987
-0.067932
0.009766
0.028137
0.000000
0.114197
0.013367
-0.056335
0.036255
-0.102661
-0.106873
-0.135498
-0.077576
-0.124939
-0.001953
-0.136536
0.000183
0.131958
0.048645
-0.125854
-0.064209
-0.006897
0.108337
-0.099976
0.053650
-0.002930
0.032776
0.072876
-0.097473
-0.077087
0.145264
0.105652
0.067078
-0.088562
0.015869
-0.031250
0.002869
-0.108032
-0.046204
0.061157
-0.028320
-0.126038
-0.059204
0.086243
-0.022766
-0.108093
0.024109
-0.010986
-0.042603
-0.071106
0.002380
0.015991
0.022766
-0.076294
0.077271
-0.071533
0.051514
0.019348
0.080933
-0.023499
-0.054688
0.010864
-0.108704
-0.067932
0.065613
-0.073486
-0.076660
0.051941
0.084839
-0.080688
0.055115
0.071899
0.068176
0.078918
-0.001465
-0.039490
0.006714
0.048157
