3.741935
0.001404
0.001465
0.003845
0.001160
0.586957
-0.004456
0.001465
-0.000793
7.500000
-0.003967
0.001160
4.360000
0.148352
3.000000
2.395833
1.347826
0.293103
0.709302
1.920635
0.554545
-0.020935
-0.001892
0.005249
1.967742
0.002686
-0.005615
2.276596
-0.000549
0.008118
0.000000
0.972973
-0.002563
0.006653
3.142857
0.007141
1.604938
0.137931
-0.001343
0.000793
2.333333
1.888889
-0.003479
1.322581
0.168831
0.319588
0.001038
-0.001160
0.268041
2.371429
-0.001953
0.157895
-0.000916
0.302326
1.526316
0.567901
2.615385
1.147541
0.008850
0.005981
0.061538
0.600000
1.723404
0.500000
-0.000793
0.630435
-0.004211
0.002625
-0.004517
-0.001343
0.077670
0.409524
0.001587
0.411765
5.000000
-0.008301
0.357143
0.920000
0.096000
0.706522
-0.003601
0.409756
12.363636
1.152542
0.113821
0.214286
0.000183
-0.002319
-0.004456
1.517241
2.692308
0.472527
1.820513
0.274194
0.001831
0.065000
2.402778
0.010193
2.447368
4.205882
0.049180
0.004089
0.005005
-0.000061
0.181818
2.958333
0.133333
0.548780
0.549296
1.257576
10.090909
-0.000610
-0.001099
-0.001709
0.045455
1.708333
0.691176
1.757576
0.006897
1.030769
