-0.199402
0.170471
-0.137268
0.106445
-0.076599
-0.158997
-0.238770
0.093262
-0.253967
-0.233826
0.109070
0.142883
0.001343
-0.182007
0.092712
0.279846
-0.131226
-0.161499
-0.133850
0.164368
0.149353
-0.099548
0.136719
-0.245972
0.139832
0.178955
-0.167664
0.125366
0.000916
0.077515
-0.176270
0.219177
-0.111450
0.040100
-0.151428
0.076233
-0.021301
0.122803
-0.093140
0.060730
0.004639
0.148071
0.198059
0.093384
-0.160950
-0.020142
-0.186096
-0.107788
-0.121338
-0.105713
-0.058960
-0.028870
-0.017090
0.209045
-0.190918
-0.047913
0.003540
0.137573
0.148193
0.122070
-0.088501
-0.162170
-0.153564
0.125183
-0.094238
0.109497
0.088379
-0.093079
-0.206909
0.193787
0.128418
-0.106018
-0.042969
0.032288
-0.071960
0.218567
0.200928
0.002625
-0.075134
-0.016541
0.129944
0.131226
0.174438
-0.079163
-0.190674
0.076660
-0.148438
-0.028015
-0.018311
0.053955
0.124573
0.183105
0.126770
0.185425
0.166138
-0.107788
-0.192444
-0.163086
-0.150940
-0.056519
-0.056580
-0.158264
0.125854
-0.021790
0.111450
-0.157959
-0.119446
0.180542
0.047729
-0.171387
-0.010193
0.164551
0.171570
0.034607
-0.068909
-0.023682
0.171143
-0.246521
0.137451
-0.154968
0.105408
-0.164307
-0.216675
0.015259
0.217712
-0.173828
0.136047
0.076721
-0.141296
0.229797
-0.026611
-0.022827
0.087952
-0.037842
0.169373
-0.208923
-0.046326
0.045227
-0.043152
-0.164001
-0.201965
-0.157410
0.202454
-0.126343
0.266541
-0.213318
-0.015259
-0.029907
-0.038330
0.163208
0.127808
-0.003357
-0.090820
0.186340
0.171204
-0.116821
-0.096191
0.084106
-0.138000
-0.013245
0.225891
-0.126038
0.172668
-0.030579
-0.193420
0.066528
0.020142
-0.100952
-0.165283
-0.116882
-0.098022
-0.069153
0.184692
-0.187927
0.091187
-0.223389
-0.174194
0.177612
0.127686
-0.178650
-0.089233
-0.127930
-0.201233
-0.137817
0.063354
0.065918
0.195129
0.132812
0.137024
0.107300
-0.153748
0.133850
-0.240417
0.054871
0.041809
-0.123047
-0.093262
-0.118347
0.103516
0.109741
0.064453
-0.046326
-0.110413
-0.009827
-0.183838
-0.122131
0.058167
-0.036377
-0.146179
0.174072
0.143433
0.166321
-0.119629
0.163513
-0.059021
0.208679
-0.140991
0.173401
0.156799
-0.065308
-0.197266
0.187317
0.152832
-0.012634
-0.068359
0.067322
-0.161255
0.090637
-0.092712
0.130676
0.048889
0.064270
-0.078064
0.157898
-0.115967
0.086487
0.030396
-0.107727
0.169861
0.002991
0.208801
-0.146667
-0.124451
-0.055115
0.115295
0.227722
0.170166
-0.068176
0.138367
0.120911
0.117981
0.232239
0.076355
-0.049438
0.138916
0.059814
0.281555
0.066650
-0.194641
0.228882
0.145569
-0.082275
0.337708
-0.154602
-0.104004
0.102844
-0.199280
-0.044067
0.123840
0.075928
-0.051575
-0.129761
-0.166077
-0.183044
-0.159851
-0.139343
-0.100037
-0.069092
0.204102
0.062073
-0.011658
-0.083130
-0.113586
0.159790
-0.094238
0.131470
-0.003174
0.209351
0.175110
-0.203552
-0.109680
-0.071350
-0.075195
-0.199158
0.179443
0.221313
0.118042
-0.160583
-0.190491
-0.006775
0.158875
-0.063660
-0.196228
-0.128601
-0.045288
0.098267
0.054504
-0.181458
-0.240051
-0.021912
-0.039612
0.154846
-0.135193
-0.073547
-0.060425
0.081299
0.122498
-0.178101
0.091431
-0.101807
0.197205
-0.119507
-0.166748
0.139709
-0.004395
-0.057251
-0.230774
-0.177490
0.051392
-0.035583
0.122070
0.043030
-0.065186
0.133057
0.071594
-0.157654
-0.194641
0.111450
-0.058411
0.062622
0.134521
0.153625
-0.124878
-0.024597
-0.083557
0.121277
0.162964
-0.206299
-0.195984
-0.193726
-0.021729
-0.108337
-0.062927
-0.156372
0.072815
-0.030701
0.048523
-0.171570
-0.054077
0.037720
-0.127075
-0.028809
-0.043640
0.189026
-0.145813
-0.152100
0.207458
-0.060181
0.099060
0.232178
-0.128723
0.114746
-0.170410
-0.129211
-0.208435
-0.149536
0.068604
-0.211304
0.003845
-0.119934
-0.163208
-0.119629
0.003418
-0.241333
-0.026062
-0.176086
-0.015320
0.108032
0.145508
0.199890
-0.111755
0.177185
-0.036621
-0.186829
-0.093811
0.117188
-0.046082
0.044373
0.008301
-0.197754
0.174866
0.090332
0.088135
-0.178528
0.152222
-0.197937
-0.090393
-0.018250
0.188721
0.040100
-0.218689
0.131165
0.195312
-0.093018
0.004150
-0.196960
-0.214966
0.203369
-0.161621
-0.158875
-0.087646
-0.205627
0.103821
-0.219421
0.272644
-0.086670
0.219482
-0.178101
0.048279
0.051819
0.185181
-0.126526
-0.059570
0.105164
-0.000671
-0.219116
-0.057068
-0.032104
0.005005
-0.068848
-0.037231
0.135559
0.018127
0.145081
0.033813
0.067200
-0.139160
0.120361
-0.078064
0.089600
0.078247
-0.133423
0.090942
-0.084412
-0.108643
0.163208
-0.045105
0.043945
-0.206848
-0.087097
0.037048
0.037964
0.057922
0.057312
0.156799
0.205322
0.037476
-0.048584
-0.143860
0.201843
0.162354
-0.129089
-0.022888
-0.190552
0.238098
-0.203369
-0.092407
0.019348
0.048218
0.075378
0.158936
0.206909
-0.089844
-0.060669
0.049377
0.207153
0.114014
-0.003052
0.032898
0.043701
-0.189453
0.120178
-0.031494
-0.091309
-0.139343
-0.238220
-0.140442
0.028442
-0.000427
-0.065063
-0.180054
-0.211365
-0.239441
0.197693
-0.016785
-0.070984
0.221436
0.030029
0.067261
0.060608
0.080933
0.057129
-0.093018
0.200500
-0.068909
0.016724
-0.029602
0.147827
-0.123230
-0.176453
0.078674
0.277039
-0.196594
-0.167358
-0.188293
0.088074
0.191650
0.143188
0.047852
-0.068787
0.028137
-0.192505
-0.108398
-0.015442
-0.191345
-0.109924
-0.058777
0.058960
0.114746
0.240540
-0.073975
0.224548
-0.061157
0.199524
-0.314819
0.189148
0.154846
0.155273
0.008179
0.096680
0.175659
0.025330
-0.132751
-0.220764
-0.087463
-0.093445
0.070374
0.099792
-0.122864
-0.056396
-0.244324
-0.037170
-0.078857
0.115540
0.193176
0.186707
0.024719
0.124268
-0.053284
0.167603
0.101990
0.120422
-0.270081
-0.042236
-0.111023
0.140320
-0.141174
-0.010376
0.204712
-0.145081
0.095093
0.064453
-0.104126
-0.118408
-0.108276
-0.103821
0.212158
0.179016
0.014404
-0.008484
0.142151
-0.169006
-0.024109
-0.104370
-0.184143
-0.240662
0.177551
0.150452
0.144714
0.069763
0.054871
-0.105225
0.117188
-0.203064
-0.226624
-0.077271
-0.129028
-0.064453
-0.021240
0.121277
-0.147766
0.156189
0.209717
0.204224
-0.200623
-0.149658
0.087524
0.038513
-0.195435
-0.165222
0.069031
0.119080
-0.063782
0.058655
-0.126160
0.019775
-0.171631
0.187622
0.070801
0.171814
-0.133667
0.156799
-0.146667
0.140930
-0.108032
0.262573
-0.015137
-0.021057
-0.118469
0.000305
-0.094177
-0.174377
-0.073730
0.089722
-0.102417
0.210938
0.181641
-0.110718
-0.139587
-0.109680
0.007935
-0.075134
0.040527
-0.068176
-0.122009
-0.205566
0.028992
0.170959
0.126404
0.135315
-0.099731
0.165527
0.226807
0.101013
0.215698
-0.096924
0.058655
-0.102478
0.074402
-0.177063
0.196045
0.107178
0.161316
0.071838
0.196838
0.166077
0.057312
-0.107544
0.113281
-0.177551
-0.181824
0.124878
-0.075378
-0.031494
0.032715
0.192749
-0.231201
-0.184021
-0.196228
0.016846
-0.079590
0.024353
0.236206
-0.082642
-0.197693
-0.019470
0.054199
-0.080261
0.119263
0.002197
-0.189819
0.079163
-0.101562
0.120850
-0.070129
-0.039185
-0.151428
0.177856
0.163086
-0.217896
0.015869
0.137878
0.106628
0.001770
0.009338
0.089661
-0.173340
0.160828
0.120422
-0.064026
-0.112244
-0.209412
-0.102661
-0.089050
0.111938
0.111938
0.162720
0.311646
0.189636
-0.283081
0.001587
-0.070984
0.284424
0.059204
-0.071411
0.010620
0.093750
0.024170
-0.114197
-0.137939
-0.077209
0.042786
-0.208740
0.140991
-0.032166
0.205383
-0.202271
0.013000
-0.062317
0.036743
0.061218
-0.165833
-0.030701
0.044922
0.033020
0.034241
-0.176025
0.005371
-0.005676
-0.021729
0.215576
-0.207458
0.020996
0.065247
-0.149658
-0.122131
-0.076843
-0.179321
0.122925
0.181213
0.028625
0.179871
-0.051086
0.116638
0.168152
0.107117
0.036560
0.189331
-0.111389
0.032776
0.167480
-0.145081
-0.110413
-0.017822
-0.270752
-0.017578
0.147339
0.003174
-0.189697
-0.034546
0.054749
-0.086182
-0.089294
0.092896
0.155701
-0.101196
0.141052
-0.145996
-0.179321
0.120667
0.234131
-0.112854
-0.120850
0.186096
0.212341
0.020874
-0.093872
0.240784
-0.031616
0.109802
-0.146912
0.154541
0.207886
0.009521
-0.114990
-0.054382
0.096375
0.035950
0.161804
-0.012512
0.141602
-0.215576
0.094299
0.210632
-0.054199
0.158386
0.126953
0.001099
0.088196
0.072083
0.128418
0.192566
0.018860
-0.003723
-0.242004
-0.157043
-0.082153
-0.028198
0.257080
0.096558
-0.012451
0.043640
0.145813
0.151978
0.117249
-0.157898
0.105469
0.112122
-0.034729
0.120483
-0.061829
0.011414
0.023987
-0.139038
0.155884
0.159912
-0.112427
0.031250
0.260010
0.267822
-0.018921
-0.157776
-0.119141
0.145691
0.153564
0.137695
-0.037659
0.174805
-0.189331
-0.026611
-0.155762
0.108032
0.197083
-0.088684
-0.146790
0.037659
-0.092407
0.030823
-0.035339
0.064087
-0.046509
-0.144897
-0.054138
0.012634
-0.211975
-0.105774
-0.098450
-0.167053
0.127869
0.076050
0.010193
-0.064331
0.102417
-0.254822
-0.153748
0.268433
-0.273804
0.156677
0.098755
0.071777
-0.125732
0.248962
0.271667
-0.166443
0.212036
-0.007080
-0.207947
-0.186523
0.169312
0.161377
0.193359
-0.147461
-0.198303
-0.094421
-0.149780
0.008179
0.025391
-0.150757
0.129150
-0.179810
-0.166321
-0.237671
0.015137
-0.040894
-0.182434
0.028870
-0.192261
-0.105469
-0.205261
0.151184
-0.030090
0.055054
-0.292847
0.048950
0.199707
-0.056519
-0.162231
0.191345
-0.148193
-0.197327
0.059021
0.096191
0.148499
-0.158875
-0.127441
-0.187744
-0.105530
0.106201
0.172180
0.132690
-0.099854
-0.206970
0.060974
-0.016052
-0.256592
-0.086853
0.167542
0.005859
-0.042297
-0.154541
0.042847
-0.141602
0.025146
-0.226013
0.179016
-0.213379
-0.239563
-0.123657
-0.152039
-0.120483
0.156799
-0.046692
-0.020569
-0.192566
0.019409
-0.200500
-0.071899
-0.142273
0.023438
0.127197
0.070129
-0.177917
0.059692
0.165039
0.220215
0.070740
0.112793
0.006287
0.090088
-0.213013
-0.134338
-0.081665
0.003601
-0.046814
0.147522
-0.220154
-0.125610
0.193237
0.139404
0.112122
0.097717
-0.192566
0.140991
0.056335
-0.129517
0.039978
0.039795
-0.074036
0.164368
-0.164368
-0.145691
0.135193
-0.166138
-0.012390
-0.194397
-0.138062
0.033875
0.019653
0.100769
0.132935
0.025452
-0.132263
0.241516
0.157532
0.221863
-0.013306
-0.046021
0.111206
-0.104431
0.135864
0.079773
0.125366
-0.120544
-0.184631
0.029663
0.132629
0.037354
0.150208
-0.193542
0.163025
0.170471
0.173706
-0.133362
0.163940
0.230042
-0.155334
0.014221
-0.186035
0.194275
0.204773
0.114624
-0.032654
-0.107727
-0.076111
0.134460
-0.100281
0.079163
0.190186
0.157532
0.083191
-0.178589
-0.120300
0.082153
-0.185547
0.179077
-0.070374
0.177002
-0.115784
0.057983
-0.150635
0.015686
-0.001404
-0.190613
-0.179138
0.222168
0.189209
0.130493
0.075256
0.068665
0.176758
0.194763
-0.002258
-0.166992
-0.186279
0.108032
-0.082581
0.057007
0.111877
0.187927
0.076050
0.039673
0.138733
0.110168
-0.174988
0.006653
-0.124878
-0.255554
0.118652
-0.149780
0.108215
-0.143555
0.037537
-0.010742
0.256165
-0.173645
0.116577
0.160034
0.153748
-0.037537
-0.069946
-0.126953
-0.108887
0.159790
-0.160400
-0.122620
0.095154
-0.219727
-0.101562
0.130554
-0.153320
0.189514
0.175171
-0.099060
-0.057739
-0.179260
-0.041748
0.110901
0.118164
-0.172729
0.122986
0.056519
-0.040833
-0.170898
-0.177734
0.077820
0.053406
-0.186523
-0.034363
-0.016968
-0.201355
-0.065735
0.277527
0.273254
-0.014954
-0.040039
0.127380
0.003967
-0.166565
0.174194
-0.067749
0.232300
-0.159180
0.005188
-0.038086
0.209229
0.152161
0.194336
0.240173
0.164551
0.166992
-0.255493
0.024231
-0.015930
-0.003967
-0.280212
0.199219
-0.165161
0.038513
0.143066
0.050171
0.185364
-0.111328
-0.096680
0.018311
-0.145020
0.200500
-0.097656
0.095703
-0.102783
-0.136597
0.203491
0.118347
-0.087708
-0.070007
0.200562
0.136841
0.130188
0.095520
0.052368
-0.182983
-0.203430
-0.191833
0.105652
-0.190613
0.026611
-0.152527
-0.058350
-0.110229
-0.048584
0.212219
