0.611465
1.163265
0.610390
0.761905
0.720000
0.744186
0.172727
4.000000
0.826087
0.731959
0.495652
0.454545
0.127273
0.462585
1.523810
0.650000
0.616279
0.237410
0.456897
0.732143
4.625000
0.481481
0.455357
0.208791
0.486111
0.391304
0.111111
0.540000
0.278689
1.451613
0.267857
0.830508
1.210526
0.333333
0.150000
0.263158
0.323810
0.736111
0.506024
0.118644
0.018066
0.538462
0.488722
1.583333
0.260417
0.004883
0.003906
0.091954
0.018555
0.001465
12.166667
0.187500
0.062500
0.045455
0.428571
0.528302
0.224299
0.019043
0.056152
0.009766
0.101695
0.011719
0.033333
0.000977
0.428571
0.021484
0.106557
1.613636
1.757576
0.441558
0.226415
0.979592
0.263636
0.342466
6.222222
0.007324
0.026855
0.014160
0.018555
0.007324
0.005859
0.460526
1.064103
0.452830
0.931818
0.391304
0.760000
0.567568
0.880597
0.381679
0.193548
0.016113
0.017090
0.006348
2.071429
0.317460
1.021053
0.340909
0.398438
0.377049
3.923077
0.176471
1.807692
0.587500
0.376238
0.011230
0.019043
0.343750
0.438202
0.275591
0.509259
0.646552
0.015625
0.426230
7.400000
0.358209
1.750000
0.116667
0.333333
0.014160
0.028320
0.214286
0.215190
0.291667
1.571429
0.555556
0.782178
0.380952
0.457143
0.037037
1.500000
0.192982
0.001953
0.023926
0.006836
1.529412
0.960784
0.129412
0.212963
0.672897
0.442857
0.818182
0.194444
1.277778
2.000000
1.395833
0.008789
-0.007812
0.010742
0.630769
0.710000
0.272727
0.430233
0.314815
0.571429
0.486957
0.160000
0.476562
1.088235
0.022461
-0.002930
0.030273
0.217391
0.621212
0.568182
7.000000
7.230769
0.133333
0.561404
0.173333
1.125000
0.500000
0.187500
0.027344
-0.002441
0.655914
0.020996
0.765625
0.500000
0.460000
0.738095
0.302326
0.335135
0.377358
0.531250
0.576087
0.238938
0.007324
0.053333
0.162791
0.331658
1.192308
0.233766
0.250000
0.641026
0.211823
0.295775
0.504000
0.567568
0.222973
0.618182
0.577320
0.344156
0.227273
0.311475
0.776596
0.666667
0.568807
0.890909
0.203947
2.250000
0.732143
0.152000
0.536232
0.063158
1.476190
1.267606
0.472222
0.186667
0.514851
0.187500
0.609195
0.375000
0.705882
0.411348
0.096386
0.695122
0.361702
0.007324
0.666667
0.524590
0.166667
1.260000
0.724138
0.721519
0.650000
0.378049
0.600000
0.072368
0.363636
0.016113
0.587500
0.810127
0.031250
0.032967
0.131579
0.023926
0.066667
0.016602
0.658537
0.500000
0.761194
0.092437
0.200000
1.254237
0.011719
4.057143
1.096154
0.555556
0.782178
0.878049
2.085714
0.887850
4.100000
1.480000
0.161538
0.312925
0.183099
0.225000
0.077778
1.145455
0.265306
0.765432
0.756757
0.546875
0.652778
1.581818
1.700000
0.011719
0.298246
0.556818
0.100000
1.575000
0.578947
0.411765
0.611650
0.103774
0.064516
0.612500
1.063830
1.022727
0.857143
0.113924
0.198529
0.851064
0.018066
0.286822
0.351351
0.111111
0.107692
1.000000
0.897959
0.568182
2.589041
1.609375
0.390244
-0.003906
0.457627
0.704225
0.681159
0.454545
2.255814
0.785714
1.214286
0.012207
0.012695
0.474576
7.000000
1.212121
0.559322
1.306452
0.096154
0.200000
0.149254
0.676471
0.583333
0.484848
0.716667
0.027778
1.068966
0.952381
1.215909
0.730769
0.565217
0.232759
0.294118
0.555556
0.973684
0.366667
0.604938
0.635135
0.288136
0.326923
0.882883
12.875000
1.547619
0.085366
0.474576
0.162500
0.160494
0.507692
0.207792
0.325843
0.471698
0.370370
0.004395
0.200000
4.071429
0.580000
0.705882
0.500000
2.233333
0.406250
0.800000
0.487805
0.291667
3.615385
0.750000
0.058824
0.074380
1.860759
1.444444
0.344262
0.225352
1.647059
0.060000
0.400000
0.716418
0.020508
0.619048
0.711864
0.029785
0.009277
0.126050
1.217822
0.500000
0.602273
0.797101
0.479730
0.613636
0.304348
0.336538
0.444444
0.492754
0.485149
0.190476
0.237500
0.322581
0.128571
0.290323
0.046875
0.569343
0.421429
0.467890
0.511450
0.104712
0.413793
0.121622
0.611111
0.767857
2.437500
0.718310
0.355263
0.131579
0.194969
0.000000
1.209677
0.414634
0.304878
0.634409
0.750000
0.378378
0.862745
0.276923
0.379032
0.580000
0.431193
0.925000
0.130435
0.820513
0.397059
4.500000
0.446970
0.642336
0.880952
0.081395
0.484848
0.875000
1.156627
1.068182
0.070000
0.500000
0.608108
0.221053
0.188406
0.571429
0.174242
0.303448
0.221374
0.666667
0.783333
3.192308
2.704545
2.162500
3.272727
2.972222
1.817073
2.575342
1.864865
0.485981
0.230769
0.283019
0.060150
0.169231
0.750000
1.062500
1.117021
1.448598
1.327103
1.730769
2.483871
3.450000
2.017544
0.694915
0.065789
0.309091
0.254545
0.396226
0.205882
0.519231
0.301205
0.509804
0.217391
1.392857
1.500000
1.666667
1.479452
0.024902
0.244898
-0.000977
0.440678
0.457831
0.266667
0.185714
0.019043
0.677966
0.900000
0.902778
1.136986
1.227273
1.163934
0.739130
0.263736
0.395062
0.026855
0.344828
0.419355
0.157407
0.264368
0.829787
1.533333
0.750000
1.571429
7.000000
0.657895
1.625000
0.285714
0.653226
0.223881
0.102041
0.455696
0.348837
0.453608
0.465517
1.846154
3.407407
0.763441
1.400000
0.590909
0.019043
0.317308
0.505618
0.459459
0.343750
0.103093
0.307692
0.291139
1.214286
1.482759
1.380952
1.162791
0.705882
0.432432
0.918919
1.244444
0.039551
0.371429
0.128440
0.444444
0.006348
6.142857
3.740741
5.535714
0.843750
0.360656
0.622642
0.022461
0.094340
1.333333
0.166667
0.219780
0.913043
0.002930
0.491803
1.126984
3.304348
2.080000
1.111111
0.174312
0.606061
0.385714
0.144578
1.210526
0.010742
0.243902
0.387931
0.238938
0.833333
1.022901
1.340206
2.275000
0.662162
0.304348
0.144231
0.438356
0.361446
0.211268
0.337662
0.098266
0.320611
0.155556
0.151724
0.376000
0.568966
0.022461
0.294737
0.203125
0.663934
2.625000
0.500000
0.170330
0.255708
0.235294
0.329412
1.000000
0.238095
0.430769
0.983607
0.055556
0.100000
1.150000
1.440000
0.646154
0.377358
0.040541
0.153846
0.280000
1.600000
0.349206
0.789474
1.250000
0.166667
0.674419
0.693182
0.356322
0.231579
0.800000
0.702703
0.059524
0.011230
0.282609
0.478261
0.727273
4.125000
1.794118
6.750000
1.000000
2.255814
0.902913
0.515152
0.342105
0.129032
0.688073
0.197183
0.342593
0.103448
1.294118
2.061224
1.840000
1.942857
2.107143
1.223684
1.662338
1.413223
0.454545
0.472727
0.804878
0.165414
0.341667
0.256881
0.588889
0.478261
0.525641
0.302083
0.978723
0.936508
1.884058
1.436782
1.769231
0.026367
0.444444
0.087432
0.310680
0.333333
0.757143
0.488372
0.100000
0.881579
0.097561
1.245283
2.200000
1.343284
0.594595
0.463768
0.571429
0.688312
0.641026
0.075949
0.738095
0.021973
0.025391
0.000977
0.800000
0.849462
1.754098
1.825000
0.233083
0.627119
0.654321
0.007324
0.192053
0.227273
0.800000
0.134615
0.258065
0.023438
0.490196
4.735294
2.450980
2.500000
1.039216
0.415094
2.384615
0.263566
0.815534
0.018555
0.360000
0.985714
0.191176
4.000000
1.617391
1.175258
1.784615
0.544444
0.603774
6.000000
0.112150
0.867647
0.848101
1.073529
0.204819
0.291139
0.851351
0.967742
4.444444
1.220000
0.261682
2.333333
0.769231
3.240000
0.017578
0.008301
0.009277
0.050847
0.524590
0.214286
1.094737
2.687500
5.256410
0.273973
0.666667
0.049180
0.472222
0.250000
1.000000
0.761364
0.158333
0.090278
0.155844
0.607143
1.526316
4.694444
1.645161
0.097561
0.513514
0.676923
0.042553
0.082645
0.890909
0.420290
0.073034
0.709091
0.530303
0.201681
1.098765
1.654321
1.114943
0.017090
0.370968
1.000000
0.132231
0.194915
0.251908
0.351852
0.034188
0.307692
0.596491
0.009766
0.001953
1.568182
1.089888
0.201439
1.134615
0.405172
0.878049
0.398810
0.237288
0.207865
0.037109
0.597701
0.934783
3.800000
3.769231
0.565217
14.500000
0.574713
2.727273
1.913043
0.625000
4.666667
0.454545
0.317757
0.246032
0.350877
0.951220
1.872727
0.290000
0.021484
0.365591
1.073171
0.226562
0.627907
0.782609
0.510000
0.268817
0.126214
0.291667
0.090909
0.525424
0.013184
0.269231
0.368421
0.034180
0.010742
0.075758
0.027832
0.619718
0.186441
0.278846
1.016807
2.157895
0.432099
0.647059
1.179487
1.333333
1.171171
1.590909
2.342105
1.157895
1.137931
1.482143
4.181818
0.209677
0.267606
0.270833
2.137931
0.356164
2.636364
1.487805
1.506329
1.008264
1.272727
3.657143
0.770642
2.068493
0.857143
0.925926
0.387500
0.370079
0.629032
1.809524
0.380952
0.735294
0.175824
0.370370
1.101449
0.260000
0.900000
1.208333
1.333333
0.099099
0.133929
0.236559
0.022461
0.625000
0.650000
0.214286
0.718750
0.155556
0.047059
0.393617
2.279070
0.862745
0.400000
0.355263
0.211864
0.360000
0.687500
0.430108
0.382609
0.207207
0.558824
0.227273
0.107143
0.783582
2.000000
1.403509
0.212766
2.000000
0.248175
0.125786
0.292135
0.436782
0.412844
0.280374
0.531746
0.014160
0.441860
3.034483
1.402174
0.375000
0.846154
1.545455
0.378205
0.162791
-0.002930
0.522388
0.445455
0.289720
0.117647
0.004883
1.447059
1.364865
1.354167
0.008301
0.354839
24.000000
0.408000
1.000000
0.270270
2.722222
0.318182
0.319588
0.017090
1.246575
6.842105
1.404762
0.273810
0.252033
0.019531
0.184783
0.130137
0.285714
0.227848
0.281250
0.335821
0.239437
0.351852
2.862069
4.541667
1.000000
0.956522
0.689655
0.243243
0.597938
0.226891
0.720000
0.460870
0.515152
0.050000
0.425000
1.708333
6.739130
1.192308
0.657895
0.106383
1.812500
0.165563
0.333333
0.634783
0.234043
0.812500
0.323353
0.382609
1.033898
0.045455
0.857143
0.305085
0.308824
0.289157
0.564593
0.020508
0.292929
0.322917
0.268519
1.088235
0.555556
3.000000
0.211111
0.268041
0.366667
0.435294
0.479339
0.019531
1.205128
0.533333
0.447059
4.500000
0.181287
0.523810
0.275362
0.371795
0.004883
0.818182
0.152174
0.118644
0.009766
0.161972
0.066116
0.255034
0.292308
0.373913
3.785714
2.228571
1.516667
0.519231
0.384615
0.432000
0.031746
0.010742
0.012207
0.019531
0.010254
0.027344
0.606557
0.637931
0.217391
0.485149
1.127660
1.441860
2.369565
1.791045
5.190476
100.000000
3.234043
51.000000
0.280000
1.072464
0.025000
0.701493
0.666667
0.037736
0.223529
2.928571
1.581395
0.818182
2.739130
0.500000
0.449438
0.414286
0.129870
0.423077
0.240000
0.196721
0.444444
0.563380
1.020000
0.384615
0.135135
0.238095
0.395833
0.677419
0.090909
1.730769
0.518519
0.195876
0.344828
0.039216
0.673913
0.522222
0.568966
0.840000
0.892857
0.556962
0.435484
0.679487
0.829545
1.107143
0.812500
0.786885
0.750000
0.369231
0.520833
0.348315
0.173913
0.357798
0.031579
0.511278
0.148148
1.122449
1.675676
0.137255
0.701754
0.714286
0.941176
0.116505
0.542857
0.196078
0.376471
0.379310
2.066667
0.759494
0.628205
0.400000
0.290076
0.284091
0.592920
0.176471
0.782051
0.133333
0.644444
0.641791
0.575758
0.941176
0.471698
0.760000
4.900000
1.411765
0.479339
0.409091
0.207792
0.013672
0.443038
0.269231
0.264516
0.030762
0.600000
0.982456
0.689320
0.521368
0.215686
0.045455
0.590909
0.479452
0.023926
0.843750
0.142857
0.464000
0.351852
0.112000
0.587302
0.522388
1.190476
0.983471
3.000000
1.970588
0.366667
0.880597
0.744186
2.235294
1.416667
0.339806
0.215909
0.330986
0.405797
0.056338
1.009174
0.955556
1.082474
0.194690
0.171233
0.853333
0.030273
0.284314
0.344262
0.260417
