-0.084961
-0.060547
-0.183105
-0.208008
-0.138184
0.003906
-0.040039
0.019531
-0.171875
-0.064453
-0.057129
-0.213379
0.032227
-0.175781
-0.198242
0.137207
-0.191406
0.001465
-0.110840
-0.109863
-0.002930
-0.229980
-0.172363
-0.003906
-0.067871
-0.040527
0.250977
-0.039551
0.019531
-0.069336
0.358887
0.206543
-0.052734
0.128418
-0.180176
0.321777
-0.027832
0.088867
-0.096191
-0.039062
0.173828
-0.017090
0.097168
0.038574
-0.002441
-0.120605
-0.045410
-0.252930
-0.012695
-0.167480
0.112793
-0.073730
0.114258
-0.076172
0.030762
0.245117
0.060547
0.311523
0.371094
0.209473
0.196777
0.081543
0.253418
0.178223
0.020508
0.075684
-0.157227
-0.092773
0.196289
0.160156
-0.050781
-0.224609
0.071289
0.130371
0.185547
-0.228516
0.056152
0.051758
0.202637
0.129883
-0.012695
-0.073242
0.169434
0.298828
0.082520
0.136719
0.149414
-0.014648
0.263672
0.236816
-0.223633
0.045898
0.264160
0.152344
0.335449
0.085938
-0.174316
0.166504
0.105957
0.155273
0.181641
0.100098
0.197266
0.235840
0.090332
0.001953
0.311523
0.024414
0.066406
0.192383
0.384277
0.262695
0.100586
-0.024902
-0.135742
0.088379
0.182129
-0.171875
-0.154785
0.024902
-0.049316
-0.108398
-0.160156
-0.308105
0.059082
-0.167969
-0.039062
-0.063965
-0.066895
-0.025391
0.182617
0.005859
0.188477
0.163086
0.277344
0.003906
0.027344
0.162598
0.286133
0.159180
-0.078613
0.191895
-0.087402
-0.185059
0.172852
0.033203
-0.305664
-0.104004
-0.278320
0.009277
