-0.009766
0.003418
-0.000977
-0.001465
0.009277
0.017090
-0.007812
-0.008301
-0.026855
0.033691
-0.007324
-0.001465
0.036133
-0.007324
-0.019531
-0.004883
0.015625
0.007324
0.008301
-0.019531
0.013184
-0.005859
0.017578
-0.010254
-0.004883
0.022461
0.011230
-0.002930
0.028320
-0.000977
-0.016602
0.008301
-0.020020
-0.013672
0.021484
0.015137
-0.009766
0.019531
-0.025879
-0.008789
-0.008301
0.007812
-0.001465
0.022461
0.024902
-0.008789
-0.005371
-0.028809
-0.006836
-0.003418
0.013184
-0.007324
-0.010742
0.010742
-0.010742
0.014160
0.005371
0.004395
-0.009277
-0.009766
-0.013184
-0.013184
-0.021484
-0.006348
0.001465
0.006348
-0.002441
0.018555
-0.003906
-0.003418
0.019043
-0.012207
0.014160
-0.007324
0.011719
-0.023438
-0.004883
0.015137
0.000000
0.033691
-0.019531
0.018066
-0.007812
-0.020996
0.002930
-0.021484
-0.015625
0.007812
-0.031738
0.002930
-0.042480
-0.025879
0.014160
-0.009766
0.010254
-0.003906
0.028320
0.039062
0.027344
0.029785
-0.005859
0.015137
-0.031250
0.009277
-0.012695
0.004883
0.018555
0.023438
0.000000
0.005371
-0.000488
-0.015137
-0.004883
-0.017090
-0.008789
0.004395
0.005859
0.022461
0.000488
0.004395
0.011719
-0.016113
0.001465
0.007324
-0.019043
-0.017090
0.028320
-0.004883
-0.005859
-0.004395
0.019531
-0.015137
0.002930
-0.009766
0.020508
-0.029297
-0.010742
0.003906
0.014648
-0.015137
0.026367
-0.010254
-0.004395
0.036133
-0.027344
0.005859
-0.027344
-0.020996
0.009277
-0.011719
0.022461
0.006348
-0.005859
0.028320
0.004883
-0.002441
-0.011230
0.019043
-0.006348
-0.036621
-0.012695
-0.009277
-0.018066
0.002441
-0.035645
-0.012695
-0.014648
-0.003418
0.021973
-0.008789
-0.004395
0.004395
-0.017090
0.012207
-0.000488
0.003418
0.002441
-0.028320
-0.016602
-0.004883
-0.016602
0.000488
-0.030273
-0.004395
0.011230
0.000488
-0.021484
-0.013184
0.014648
0.013184
0.000000
0.001953
0.021973
-0.010742
0.005859
-0.001953
0.007812
0.024902
-0.016602
-0.002441
0.011230
0.007324
0.307129
0.733887
0.627930
0.583496
0.230469
0.145020
-0.006836
-0.019043
0.000488
-0.001465
-0.011230
0.021973
0.006836
-0.003418
-0.006348
-0.008301
-0.001465
-0.009277
0.013184
-0.005859
0.012695
0.015137
0.000977
0.004883
0.005371
0.007812
0.015137
-0.015137
0.862793
0.995605
0.989258
0.996094
0.991699
0.935059
0.780762
0.789551
0.787109
0.782715
0.768066
0.775879
0.788086
0.795410
0.648438
0.198730
0.010742
-0.008789
0.023926
-0.002930
-0.010742
0.000000
-0.006836
-0.003906
0.013672
-0.004883
0.005371
-0.001953
0.270996
0.465332
0.287598
0.415527
0.656250
0.869141
0.992188
0.880371
0.995117
0.989258
0.989746
0.979980
0.895508
0.994141
0.992188
0.545898
0.000000
-0.012695
0.011719
-0.000977
-0.016113
-0.007324
0.002930
-0.011719
0.007812
0.017578
0.004883
-0.006836
-0.014160
-0.000488
-0.011230
0.023926
0.000488
0.063965
0.248535
0.037598
0.269043
0.272949
0.261719
0.220215
0.102051
0.926270
0.990234
0.425293
0.008789
-0.016602
-0.020508
0.003906
-0.001953
-0.016602
-0.010742
0.011719
0.001465
-0.003418
0.020020
0.003418
0.003906
-0.007324
0.000977
0.015625
-0.009766
0.017578
-0.017090
-0.016602
0.002441
-0.007812
0.001953
-0.029297
0.299805
0.986328
0.815430
0.041504
-0.005371
0.018555
0.006836
-0.000977
-0.022949
-0.010254
-0.005859
-0.019531
-0.005859
-0.012207
-0.004883
0.013672
-0.009277
-0.014160
0.020020
-0.000488
-0.018555
0.001953
-0.002930
-0.014160
0.016602
-0.016602
0.003906
0.107422
0.911133
0.995605
0.310547
0.014160
-0.002441
-0.003418
0.007812
0.025879
0.000488
-0.018066
-0.001953
0.027344
0.031250
0.019531
-0.002930
0.002441
0.001465
-0.003906
-0.001465
-0.008789
0.000488
-0.015625
-0.005371
-0.002441
0.028320
0.046387
0.001465
0.509766
0.991699
0.936523
0.167480
0.008301
0.005371
-0.000977
0.025879
-0.020508
-0.000488
-0.009277
0.004883
0.009766
-0.018066
-0.019531
-0.002441
0.005371
-0.008301
-0.002441
0.011230
-0.014160
0.022461
0.035645
-0.000977
-0.007812
-0.023438
0.021484
0.218750
0.971191
0.994629
0.246582
-0.018066
0.005371
0.015137
0.004395
0.004395
-0.010254
-0.011230
0.019531
-0.012207
-0.020508
0.012207
0.020508
-0.020508
-0.001953
-0.017578
-0.024902
0.012207
0.009766
0.021484
-0.022949
-0.012207
0.008789
0.009277
-0.018066
0.546875
0.993652
0.747070
0.010742
0.008789
-0.003906
0.009277
-0.009277
0.011719
-0.000977
-0.004883
-0.010742
0.035645
0.003906
-0.001465
-0.021484
0.009766
0.013672
-0.013672
0.006836
-0.020508
0.006836
-0.026367
0.016602
-0.024414
0.025879
0.025391
0.057129
0.794922
0.964355
0.218262
0.018555
-0.010254
-0.009766
0.002441
0.016113
-0.003906
0.019043
-0.009277
0.029785
-0.027344
0.002930
0.027832
-0.015137
0.005859
-0.000488
-0.005859
0.004395
-0.011719
0.012695
0.022949
0.003906
-0.004883
0.016113
-0.014160
0.467773
0.992188
0.708496
-0.013184
0.000000
-0.012695
0.012207
0.018555
0.002930
0.005859
-0.027832
-0.008301
0.015625
0.016602
-0.012695
0.017090
0.003418
0.007324
0.007812
-0.031738
0.009766
0.003906
0.000000
0.002930
0.009766
0.019043
0.000488
0.294922
0.979492
0.938477
0.210938
0.012695
0.019531
0.000000
-0.000977
-0.019531
0.006348
-0.014648
-0.023926
-0.015625
-0.003906
0.013184
-0.018555
-0.006348
-0.005371
0.009766
0.000977
-0.003906
-0.004883
0.021484
0.006348
-0.018066
0.020020
0.020996
0.083008
0.860352
0.993164
0.634277
-0.024902
-0.017578
0.025391
0.006348
-0.000488
-0.007324
0.037598
-0.022461
0.011719
-0.023926
0.019531
-0.008301
-0.011719
-0.020996
-0.026855
-0.011230
0.016602
0.018066
-0.010742
0.010254
-0.004883
-0.022461
-0.004395
-0.014160
0.807129
0.990723
0.875000
0.168457
-0.009277
0.039551
-0.018555
-0.005371
-0.000977
-0.024902
-0.029297
-0.003418
-0.014160
0.001465
0.003906
-0.023438
-0.007324
0.004395
-0.023438
0.000977
-0.023438
0.000000
-0.012695
0.006348
0.006348
-0.009277
0.031250
0.137207
0.988770
0.993164
0.296875
-0.005859
-0.012207
0.009766
0.025391
-0.034180
0.023926
0.011719
0.031738
-0.010742
-0.011230
-0.005371
0.018555
0.005371
-0.016113
0.018066
0.013672
-0.003418
0.000977
-0.010742
0.017090
-0.005859
-0.024902
-0.019531
0.106445
0.864746
0.995605
0.478516
0.030273
-0.030273
-0.010742
-0.048828
0.000977
-0.023926
0.005859
-0.009766
0.002441
0.003906
0.013184
-0.010742
0.009766
0.010254
-0.020508
-0.026367
0.007812
0.002441
0.014160
0.006836
-0.029785
0.002441
0.020508
0.018066
0.505859
0.990723
0.994629
0.199219
0.011719
-0.012207
-0.003418
-0.023438
-0.012207
-0.001953
-0.016602
-0.018555
-0.005371
-0.004395
0.015625
0.018066
0.000977
0.045410
-0.007812
0.027832
0.011230
0.028320
-0.003418
-0.010254
-0.004883
-0.010742
0.007812
0.233887
0.945312
0.995117
0.988281
0.177734
-0.025391
-0.007812
0.013672
-0.016602
0.015625
0.017578
-0.022461
-0.018555
-0.014648
0.007812
0.000000
0.001465
0.032227
-0.008789
-0.019531
-0.009766
0.002930
-0.021484
-0.009277
0.004395
-0.000488
-0.037109
-0.028809
0.486816
0.993164
0.992188
0.856445
0.140625
-0.001465
-0.009766
0.022461
-0.012695
0.013672
-0.008301
0.019043
-0.036133
0.006836
0.002930
-0.006836
0.003906
0.003906
0.018555
-0.015137
0.018066
0.006348
0.017090
0.011719
-0.000488
-0.021973
0.007812
-0.020508
0.451660
0.990723
0.825195
0.084961
-0.014648
-0.013184
-0.027832
0.007324
0.009766
0.013184
0.000000
-0.020996
-0.011719
0.007812
0.000977
-0.014648
0.000488
0.013184
-0.016113
-0.005859
0.017090
-0.014648
-0.008301
0.030762
0.025391
-0.038086
0.029785
0.038086
-0.007812
0.033203
-0.022461
0.013184
0.011719
-0.008789
0.033691
-0.003906
-0.012207
-0.017578
-0.015625
0.003906
-0.010254
0.024414
0.000000
-0.000977
0.011230
-0.021484
