0.086614
0.611465
0.442177
0.087838
0.179487
0.070922
0.761905
0.409091
-0.021973
0.218750
0.744186
0.195312
0.172727
0.007324
0.115385
-0.004883
0.078947
0.826087
0.015707
0.012207
0.295181
0.179310
0.290323
0.212121
0.109677
0.127273
0.014184
0.011230
0.379562
0.371429
1.163265
0.002441
0.610390
0.120370
0.075630
0.247423
0.720000
0.006836
0.015625
-0.001465
0.017578
0.040816
0.014160
4.000000
0.008301
-0.003906
0.731959
0.005859
0.495652
0.313131
0.454545
-0.017090
0.067227
0.003906
-0.006836
0.462585
0.006348
0.034965
0.095890
0.650000
0.616279
0.018066
0.150794
0.006348
0.200000
-0.019531
0.243902
0.444444
0.346667
-0.011719
-0.012695
0.481481
-0.016602
0.455357
0.208791
0.000488
0.486111
-0.012207
0.235294
0.070000
0.033058
0.011719
0.301471
0.540000
0.457627
1.523810
0.075145
0.121495
0.519231
0.309353
0.237410
0.001465
0.003906
0.456897
0.025879
0.732143
0.011719
4.625000
0.305882
0.053571
0.020619
0.116279
0.077586
0.014648
0.048544
0.054422
-0.038574
0.391304
0.111111
-0.034180
0.000977
0.069767
-0.012695
0.278689
0.551020
0.215686
-0.025391
0.267857
-0.007812
0.830508
1.210526
0.383838
-0.011230
0.202247
0.150000
-0.013672
0.014599
0.263158
0.166667
0.162162
0.000488
0.020508
0.017578
-0.001465
-0.002441
0.016113
0.005371
0.001953
0.538462
0.363636
0.101852
0.112782
0.565657
1.451613
0.070707
-0.008789
-0.015625
0.008301
0.022461
-0.003906
0.333333
0.044434
0.010742
-0.003418
0.015137
0.138298
0.274510
0.323810
0.736111
0.018555
0.390244
0.506024
0.006348
0.118644
0.018066
0.000488
0.313559
0.248120
0.010742
0.488722
0.008301
0.005859
-0.031738
0.108527
-0.010254
-0.010254
-0.026367
-0.012207
0.024902
0.010254
-0.010254
0.004883
-0.003906
-0.004395
0.016113
0.007812
0.018555
-0.034668
0.045977
0.062500
0.016602
0.045455
0.400000
0.362500
0.169014
0.308943
0.009766
0.086957
1.583333
0.375000
0.260417
-0.024902
-0.016602
0.004883
0.003906
-0.015625
-0.004395
0.091954
0.007324
0.018555
0.001465
-0.021484
12.166667
-0.007812
0.187500
0.020020
-0.004395
-0.000977
0.017578
0.029412
0.318182
0.428571
-0.013672
0.528302
0.102740
-0.010254
0.014648
0.000488
-0.006836
0.000000
0.009766
-0.000488
0.005371
0.101695
-0.026367
-0.003906
0.021973
0.002441
-0.016602
-0.023438
0.428571
-0.019043
0.001953
0.021484
0.000488
0.106557
1.613636
0.128713
-0.013184
0.116788
0.441558
0.120773
0.224299
0.131579
-0.001953
0.019043
0.056152
0.008789
-0.022461
-0.008789
-0.019531
0.011230
0.011719
-0.019531
0.033333
-0.018066
0.000977
-0.017578
-0.001465
-0.015137
0.006836
0.006836
-0.002441
0.013672
0.001953
0.203390
1.757576
0.012207
-0.011230
0.008789
0.226415
0.152381
0.250000
0.178295
-0.003906
0.086420
-0.001953
0.011719
0.001465
0.005859
-0.001953
-0.013672
0.008301
-0.003906
0.001465
0.014160
0.002441
0.018555
0.007324
-0.009766
-0.038086
-0.006348
0.460526
-0.016602
0.045455
0.107843
0.005371
0.452830
0.002930
0.201681
0.979592
0.907692
0.263636
-0.017578
0.342466
-0.023438
0.017578
6.222222
0.007324
0.001465
-0.009766
0.026855
0.011236
-0.002930
-0.015137
0.015625
0.000977
0.005859
0.005859
-0.005859
0.026367
0.347458
-0.026367
1.064103
0.012207
-0.007324
0.480519
0.010254
0.020020
0.144444
0.760000
0.002930
0.567568
0.262500
0.044434
0.100000
0.000000
0.381679
0.193548
0.148148
0.016113
0.012695
-0.018066
-0.009277
-0.003906
0.000488
-0.002930
-0.020996
0.000000
0.317460
0.029785
0.352000
0.043750
0.340909
0.931818
0.022949
0.002930
0.391304
0.348485
0.328125
0.526316
0.016113
0.342466
0.880597
-0.007324
0.157407
0.020000
-0.005859
0.013184
0.014160
-0.013184
0.017090
0.001953
0.006348
0.009277
2.071429
-0.037598
0.001465
1.021053
0.219048
0.014648
-0.011719
-0.010742
0.375000
0.019043
0.025210
0.625000
0.005859
0.017090
-0.029297
0.921569
1.807692
0.587500
0.056604
0.177570
-0.002930
-0.029297
0.011230
0.019043
0.013672
-0.010254
-0.003906
0.013672
0.438202
0.011719
0.004883
0.440678
0.022949
-0.003906
0.020996
0.398438
0.053097
0.377049
0.141414
0.135714
3.923077
0.013184
0.176471
0.352113
0.251799
-0.009277
-0.024902
0.049805
0.376238
0.010742
-0.006348
0.001465
0.015625
-0.001953
0.343750
-0.024902
-0.004883
0.051948
0.275591
0.509259
0.066667
0.027174
0.646552
-0.007324
-0.010254
0.105263
0.025391
0.125000
0.337079
0.002441
-0.031738
0.011719
1.750000
0.070588
-0.000977
0.241935
-0.000977
0.014160
-0.006348
0.017090
-0.013672
0.128205
-0.006836
0.001465
0.215190
0.004883
0.291667
0.305556
-0.004883
0.555556
-0.020996
-0.001953
0.015625
-0.023438
0.426230
-0.000488
7.400000
0.358209
0.023926
0.039604
0.201550
0.116667
0.008789
0.333333
0.307692
-0.008789
-0.013184
0.028320
-0.011230
0.011719
0.214286
0.027832
-0.028320
0.007812
0.177083
1.571429
1.446809
0.007324
0.258427
0.229008
-0.001953
-0.012207
-0.018066
0.457143
-0.003906
-0.033203
0.037037
0.950000
0.029297
-0.009766
0.192982
0.001953
-0.004395
0.002441
-0.026855
0.006836
-0.020020
0.012207
0.011719
0.268041
0.960784
0.000000
-0.004395
0.212963
0.104348
0.057692
0.672897
0.011719
0.782178
0.004883
0.380952
0.200000
0.075949
0.010742
0.010000
1.500000
0.007324
0.030273
0.019531
-0.003418
-0.009766
0.023926
0.004883
0.003418
-0.006348
1.529412
0.931818
-0.001465
0.521739
0.011230
0.129412
0.033203
0.003418
-0.007324
0.134228
0.044118
0.309677
0.406593
0.510204
-0.002441
0.017090
1.277778
0.022461
0.215190
0.019531
1.395833
0.029785
-0.028809
0.007812
-0.009277
-0.007812
-0.014648
0.009766
0.027344
-0.008789
-0.010254
0.400000
-0.000977
0.097561
0.001953
0.430233
-0.008789
0.118182
0.191011
0.442857
0.818182
0.018555
0.194444
-0.003906
0.040541
0.003418
2.000000
-0.027832
-0.011230
0.016113
-0.012207
0.008789
-0.008789
-0.008301
-0.015137
0.010742
0.000488
0.630769
0.100775
0.710000
0.004395
0.272727
0.087719
0.232143
0.314815
0.075472
0.456140
-0.020996
0.486957
-0.005371
0.029126
-0.025879
0.276786
0.476562
0.733333
-0.036621
0.017578
0.022461
-0.014648
-0.002930
-0.011719
0.000488
0.028809
0.217391
0.604938
-0.002930
0.568182
0.500000
0.448718
0.025391
7.230769
0.065217
0.133333
0.040323
0.336735
0.571429
0.020996
-0.012207
0.160000
0.002930
0.285714
0.320988
1.088235
-0.013672
-0.016113
-0.002441
-0.012207
-0.017578
0.030273
0.008789
0.020508
-0.009277
0.621212
0.001953
0.018066
0.003418
7.000000
0.428571
-0.029785
0.027027
0.125926
0.050562
0.436090
-0.000488
0.173333
0.001465
-0.021973
1.125000
0.234568
0.233333
0.187500
-0.012207
-0.005371
0.027344
-0.002441
-0.020020
0.024414
0.655914
0.011236
-0.010254
0.765625
0.118644
0.013184
-0.000488
0.460000
0.170543
0.022949
0.011719
0.302326
0.146341
0.204724
0.561404
0.037879
0.003418
-0.003418
0.176471
0.500000
-0.020020
0.001465
-0.001465
-0.004883
-0.029297
-0.002930
-0.017578
0.627907
0.279070
-0.021973
0.020996
0.222222
0.551020
-0.006836
0.500000
-0.023926
0.259740
0.738095
0.017090
0.006348
0.209524
0.335135
-0.008789
0.318182
0.377358
0.531250
0.232558
0.576087
0.219178
0.238938
0.146067
-0.031738
0.007324
-0.036621
-0.011230
-0.028809
0.004883
0.002441
0.010254
0.030273
1.192308
0.025879
-0.004395
0.027778
0.250000
-0.000977
0.641026
0.020979
0.211823
0.047852
0.007812
-0.019531
0.221154
0.004395
0.432624
0.153846
0.088889
0.176829
0.022949
-0.001465
-0.008301
0.053333
0.013184
0.065574
0.162791
-0.006348
0.331658
0.410256
0.627119
0.233766
0.058824
0.007812
-0.004883
0.184397
0.290541
0.095588
0.018066
0.137778
0.033520
0.018555
0.143836
0.011230
0.185430
0.222973
0.166667
-0.006836
0.531915
0.000000
0.577320
0.101796
0.057692
0.227273
0.006173
0.229008
-0.031738
0.241026
0.252632
0.198276
0.027397
0.136752
0.000977
0.175000
-0.009766
0.203947
0.180000
0.295775
0.015504
0.504000
-0.000488
0.567568
0.004395
0.035156
0.064286
0.618182
-0.018066
0.025000
0.008301
-0.007812
0.344156
0.226277
0.212766
0.027344
0.311475
0.776596
0.324786
0.666667
0.267016
0.568807
0.024902
0.890909
-0.004395
0.027778
0.139073
0.008301
2.250000
0.732143
0.005371
0.152000
0.065217
-0.008789
-0.018066
0.063158
0.026367
0.023926
1.476190
0.449275
-0.004883
-0.004883
0.472222
0.000000
0.014160
0.196429
-0.017090
0.021978
0.019043
0.609195
0.183908
0.030762
0.003418
0.015137
0.102410
0.019531
0.670213
0.613636
0.265060
0.005371
-0.025879
0.536232
-0.000977
0.015873
-0.003906
0.171171
-0.008789
1.267606
-0.012207
0.003906
0.166667
-0.005371
0.186667
0.514851
0.460317
0.187500
-0.013184
-0.004883
0.042553
0.338028
0.375000
0.006836
0.705882
0.015137
0.081081
0.001465
0.096386
0.022989
0.040000
0.050000
0.361702
0.007324
-0.009277
0.000000
0.666667
0.058824
0.524590
0.166667
0.010742
0.262411
0.425287
-0.006836
0.724138
-0.027344
0.240741
0.650000
0.322222
-0.033203
-0.003418
0.600000
0.016113
0.411348
0.037109
0.006667
0.012695
0.695122
0.213333
0.014160
0.019043
-0.002441
0.007324
-0.017578
0.500000
0.036585
0.057471
-0.003418
0.001465
0.284211
1.260000
0.003906
0.144068
0.157143
0.721519
0.010254
0.247059
0.023926
0.378049
0.035714
-0.011719
-0.010742
0.042857
0.220339
0.301724
0.013672
0.004883
0.025391
0.587500
-0.012695
-0.015625
-0.004883
-0.013672
0.029785
-0.016113
0.015625
0.131579
0.023926
-0.010742
0.021484
-0.001465
-0.011719
-0.013184
0.006348
-0.010254
0.388060
0.500000
0.761194
0.065217
0.072368
0.005859
0.117647
0.363636
0.016113
-0.006348
0.129032
0.000000
0.810127
0.150000
0.020020
0.031250
-0.016602
0.032967
-0.002441
-0.008789
-0.007324
-0.007812
0.066667
-0.003906
-0.011719
0.016602
0.658537
0.024902
-0.014648
0.223140
0.320000
0.295455
0.092437
0.052632
-0.030762
0.013672
-0.012207
1.254237
-0.002441
0.011719
0.402062
0.450704
0.987500
0.856000
0.125000
0.023256
0.739726
0.346774
0.231579
0.457143
0.984615
0.888889
0.007937
-0.014160
0.431373
0.453782
0.086957
0.229508
0.119565
0.161538
-0.022949
-0.011719
0.200000
0.031738
-0.000977
0.011230
-0.013184
0.000000
0.378641
4.057143
1.096154
0.556338
0.555556
0.200000
0.726316
0.782178
0.878049
0.030303
0.745098
2.085714
0.357724
0.887850
4.100000
0.025391
0.043956
1.480000
0.028571
0.005371
0.312925
0.006348
0.183099
0.010742
0.006348
0.176471
-0.010254
-0.003906
0.309859
0.018066
0.105263
0.030762
0.558140
0.765432
0.756757
0.310345
0.546875
0.296610
0.020508
0.589744
0.638298
0.480519
1.487179
0.300000
0.011719
0.006836
0.046875
0.017045
0.038217
-0.002441
-0.011719
-0.028809
-0.011719
0.225000
0.077778
-0.009277
1.145455
0.009766
-0.012695
0.265306
0.090909
0.555556
-0.009766
0.025879
-0.002930
0.025391
0.571429
0.652778
1.581818
0.609929
1.700000
-0.013184
0.000000
-0.010254
0.298246
0.018519
0.207692
-0.007324
-0.002441
0.003418
1.575000
0.594595
0.018066
0.003906
0.391753
0.411765
0.611650
0.027397
0.009277
0.103774
0.019531
-0.008789
0.612500
-0.002930
-0.011719
-0.007324
0.547771
0.716814
0.857143
0.236559
0.113924
0.017578
0.008301
-0.007324
0.149123
0.556818
0.100000
0.000488
0.219780
-0.011719
0.578947
0.151515
0.138889
-0.006348
-0.015625
-0.002930
-0.007812
0.008130
0.064516
0.026855
0.096774
-0.011230
0.014648
1.063830
-0.003418
1.022727
0.453125
0.056180
0.021484
-0.008789
0.116279
0.198529
0.245763
0.851064
0.015137
-0.009766
0.286822
0.006348
0.351351
0.263158
-0.016113
-0.007812
0.014160
0.107692
0.000977
-0.000488
0.322581
0.897959
0.125000
0.006836
0.025391
0.224719
1.609375
0.317757
-0.011719
0.345238
-0.003906
-0.008789
0.457627
-0.003418
0.271028
-0.010742
-0.001953
0.018066
0.114504
0.244681
-0.003418
0.056075
0.111111
-0.017578
-0.014160
-0.008789
0.058333
1.000000
0.083969
-0.005859
0.009766
0.568182
0.883333
2.589041
0.781818
0.312500
0.390244
0.274194
-0.027832
-0.011719
0.006348
0.028809
0.153846
-0.002441
0.681159
0.455882
0.026367
0.019043
2.255814
0.608696
0.026855
0.088608
0.205882
0.012207
0.012207
-0.004395
-0.015625
-0.004395
0.008789
0.048077
0.375000
7.000000
0.031915
0.005371
0.020408
0.559322
0.046296
0.149701
0.096154
0.022461
0.704225
-0.000488
0.020833
0.320000
0.454545
0.416667
0.006836
0.024902
0.785714
0.381579
1.214286
0.104478
-0.013672
-0.007812
-0.000977
0.012695
0.013672
0.474576
1.901961
0.685393
1.212121
0.004395
-0.023438
0.387097
0.008789
1.306452
-0.010254
0.003906
0.016602
0.200000
0.014648
0.149254
0.006348
0.676471
-0.002441
0.583333
0.433333
0.069307
0.283019
-0.009277
0.027778
0.000000
-0.000488
0.580357
0.952381
0.640449
1.215909
0.878788
0.730769
0.007324
0.025000
0.042735
0.011719
0.005859
0.294118
0.179012
-0.004883
-0.007324
0.009277
-0.006836
-0.003418
0.010254
0.211765
0.195876
0.380000
0.484848
-0.000488
0.716667
-0.008789
-0.020508
1.068966
0.081967
0.759615
0.839623
1.052632
0.001465
-0.011230
0.525424
0.565217
-0.009766
0.008789
0.232759
-0.004395
0.201550
0.379121
0.296610
0.000977
0.400000
0.015625
0.366667
-0.000977
0.388060
0.576271
0.424658
-0.008301
0.288136
0.015625
0.326923
-0.005859
0.000000
12.875000
0.710843
1.547619
-0.015625
0.012207
0.085366
0.474576
0.380000
0.162500
-0.013672
0.160494
0.076471
0.009766
0.555556
-0.013184
0.973684
-0.004883
0.010254
0.039604
0.604938
0.635135
-0.014160
0.012500
-0.011230
-0.019043
0.015873
0.329114
0.882883
2.455882
0.366972
0.029851
0.298701
0.013184
0.004883
-0.000488
0.059701
0.099237
-0.013184
0.149606
0.116279
-0.025879
0.507692
0.178218
0.006348
-0.002930
0.220339
0.013672
0.423077
0.212121
0.074074
0.002930
-0.000977
0.019231
0.200000
4.071429
1.358209
0.580000
-0.017578
0.200000
0.705882
0.032715
0.148515
0.120000
2.233333
0.361111
0.002441
-0.018555
0.036621
0.196581
0.011230
0.207792
0.048780
0.000000
0.325843
0.008301
0.471698
-0.022949
0.370370
0.004395
-0.004395
0.042969
-0.013672
0.861111
0.381443
0.443396
0.010742
0.159420
-0.002441
0.190476
0.500000
0.160584
0.652632
-0.003906
0.406250
0.800000
0.021973
0.487805
0.010254
-0.003906
0.291667
0.010254
3.615385
0.750000
0.001465
0.058824
0.000977
-0.017090
0.074380
0.014648
1.860759
0.791667
1.444444
0.039551
0.344262
-0.011719
-0.001953
0.395161
-0.005371
0.004395
0.060000
0.010254
-0.009277
0.192857
-0.001465
0.151163
-0.004883
0.261538
-0.004883
-0.009766
0.055556
-0.033203
0.402597
0.000000
0.000000
-0.000488
0.014160
0.210526
0.616822
0.981982
0.611111
0.269663
0.000000
0.020508
0.225352
1.647059
0.432432
-0.019043
-0.007324
0.400000
0.314286
0.716418
0.059829
-0.017090
0.020508
0.619048
-0.005859
0.711864
0.010204
0.029785
0.008301
-0.006836
0.000000
-0.004395
-0.000488
0.443548
0.989899
0.500000
0.327869
0.602273
0.004395
0.797101
0.060241
-0.013672
-0.006348
0.019531
0.613636
0.016602
0.304348
0.336538
0.081081
0.013672
0.002930
0.000488
-0.002930
0.256410
0.135417
0.011230
0.011230
0.009277
-0.002441
-0.000977
0.126050
0.692308
1.217822
0.413333
0.135484
0.006836
0.075269
-0.016113
-0.022461
0.479730
0.128342
0.306931
0.080745
0.032227
-0.006836
0.010742
0.021973
-0.007812
0.444444
0.337143
-0.023926
0.005859
0.485149
0.009524
0.184524
0.003906
0.237500
-0.034180
0.001465
0.020996
-0.011719
0.290323
0.125000
0.001953
0.046875
0.569343
-0.004883
0.012207
0.321429
0.467890
0.149533
0.159236
0.511450
0.053691
0.104712
-0.008789
0.008301
0.492754
-0.001953
0.057325
0.008301
0.190476
0.002930
0.018066
0.019043
0.322581
0.002930
0.003906
0.128571
0.250000
0.010254
0.024902
0.030762
0.057554
-0.003418
0.421429
0.161017
0.147651
0.003906
-0.007324
0.003418
0.011719
0.013423
0.020996
0.264706
0.011230
0.121622
0.182540
0.611111
0.175824
0.168224
-0.010254
0.034180
0.123457
0.028571
-0.014648
0.128713
-0.017578
0.131579
0.194969
0.126437
-0.013184
-0.019531
-0.029785
-0.018066
0.414634
0.000488
0.304878
0.277228
0.634409
-0.015137
0.202532
0.413793
0.050000
0.006348
0.478873
0.194175
0.767857
0.311111
2.437500
0.591837
0.268293
0.718310
0.355263
0.000000
0.003418
-0.016602
0.048077
-0.002930
0.000000
-0.021973
1.209677
0.000000
0.024414
0.001465
0.003418
0.135593
0.008301
-0.005859
0.750000
-0.012695
-0.015625
0.378378
0.013184
0.026855
0.276923
-0.003906
-0.026855
0.285714
-0.003906
0.022949
-0.004883
0.002930
-0.006348
0.925000
-0.003418
0.130435
0.197368
0.820513
0.397059
0.261905
0.000000
4.500000
0.446970
0.110000
0.019531
0.041016
-0.012207
-0.014648
-0.011719
-0.019043
-0.000488
0.862745
0.004395
0.016129
0.379032
0.146341
0.130435
0.580000
0.011230
0.431193
0.000977
-0.012695
-0.012207
-0.008301
0.000977
-0.004883
0.011230
0.048000
0.015625
0.315789
0.428571
0.005859
0.136691
0.642336
0.000000
0.880952
0.010254
0.081395
0.113208
0.357143
0.016113
0.278195
0.261364
0.900000
1.068182
0.013184
0.070000
0.033691
0.500000
0.016602
0.531250
-0.023926
-0.007324
0.016113
0.010254
0.188406
0.010742
0.571429
0.034180
-0.012207
-0.020996
0.003418
0.763158
-0.011230
0.001953
0.005371
0.484848
-0.011719
0.875000
0.550000
1.156627
0.573770
0.276923
0.319672
0.001953
0.012695
0.173913
0.007324
0.325301
0.608108
0.221053
0.076087
-0.005371
-0.010742
0.017090
0.022949
0.129412
0.174242
0.015137
0.303448
-0.014160
0.093750
0.666667
-0.020996
0.008301
0.563636
3.192308
0.802198
1.012987
1.857143
-0.000488
0.960526
0.925532
1.184211
2.020408
0.686747
1.291667
0.637500
0.666667
1.224138
0.475000
0.287879
0.121212
-0.002441
0.230769
-0.002441
0.057803
-0.009277
0.221374
0.035461
0.541667
0.154412
0.400000
0.783333
0.734375
1.311688
1.705128
2.704545
1.435185
2.162500
0.849057
3.272727
2.972222
2.014286
1.817073
1.321101
2.575342
2.333333
1.864865
-0.015625
0.485981
0.358209
0.000000
-0.012695
0.283019
0.012695
-0.009277
0.018555
0.169231
-0.013672
0.750000
0.007324
1.062500
0.508065
1.117021
0.865672
1.448598
1.010753
0.600000
1.327103
1.504425
1.730769
0.965278
2.258427
1.949153
3.450000
1.754386
0.270000
0.135417
0.421569
0.065789
0.015625
0.309091
0.023926
0.060150
0.009766
0.008789
0.048387
0.004883
0.136986
-0.004883
0.005371
0.735294
0.320000
0.328571
0.000000
0.010204
0.526882
-0.024414
0.625000
0.440860
2.483871
2.000000
0.027778
0.653846
2.017544
0.694915
-0.013672
0.005371
-0.013184
-0.002441
0.015625
0.028809
0.004883
0.396226
0.035156
-0.013672
0.042857
0.051282
-0.027344
-0.010254
0.301205
0.509804
0.012207
-0.000977
0.040541
1.392857
0.087379
0.174242
1.500000
1.666667
1.333333
1.479452
0.111111
0.003418
0.009766
0.040000
0.000488
-0.000977
-0.007324
0.254545
0.010742
0.221154
-0.009766
0.205882
-0.009766
0.519231
-0.027832
0.004395
0.007324
0.001953
-0.011230
0.075000
0.217391
0.040000
0.631579
0.678571
1.230769
0.954023
0.173913
1.186667
0.701493
0.024902
0.000977
0.027397
0.244898
-0.019043
-0.015137
-0.027832
0.440678
0.457831
-0.000488
-0.000488
0.006348
0.185714
0.000488
0.016113
0.019043
0.028320
-0.031250
0.040404
-0.031250
0.245614
0.902778
1.118644
0.242424
0.083333
1.227273
0.162338
0.939394
0.003418
0.739130
0.263736
0.001465
0.395062
0.230769
0.075630
0.137500
0.009766
0.016602
0.266667
-0.023926
-0.010254
-0.026367
-0.004883
-0.024902
0.677966
0.333333
0.056180
0.900000
0.072464
-0.009277
1.136986
0.758865
0.609375
1.081395
0.270270
1.163934
0.252632
-0.023438
-0.024414
0.013184
0.030273
0.015625
0.026855
-0.015625
0.344828
0.330645
0.419355
0.017544
0.157407
0.000977
0.264368
-0.011230
0.001953
0.829787
0.265957
-0.020996
0.514286
0.750000
0.979167
1.419355
0.051282
0.015625
0.657895
0.004395
1.625000
0.017578
-0.005371
0.285714
0.293578
0.653226
-0.005371
0.020202
0.095238
0.035645
0.005371
0.289474
0.125000
0.132530
0.002441
0.044118
0.255814
-0.013672
0.200000
1.533333
0.384615
0.201754
1.571429
1.000000
7.000000
0.663866
-0.031250
0.284404
0.258824
0.161290
0.009766
-0.034668
-0.002441
0.003906
0.223881
0.123288
0.059701
0.102041
0.008301
-0.013184
-0.011719
0.252427
-0.013672
0.347826
-0.004395
0.465517
0.385827
0.947368
1.509091
3.407407
0.011230
0.763441
0.691589
1.400000
0.590909
-0.001465
-0.020996
0.011719
0.008789
0.012207
0.004883
-0.020508
0.020020
-0.006836
0.071429
-0.021973
0.012207
0.455696
0.348837
0.045455
0.453608
-0.003906
0.033691
0.019531
1.846154
0.830189
1.196078
0.780702
0.500000
0.225610
0.006836
0.409639
0.049505
0.025391
0.019043
0.000488
-0.010254
0.317308
0.505618
-0.007324
0.130719
0.436620
-0.001465
0.343750
0.069307
0.009277
0.307692
-0.017090
0.291139
0.113636
0.253968
0.936170
1.464286
1.094595
1.055556
1.380952
1.162791
0.636364
0.250000
0.705882
-0.005859
0.432432
0.918919
0.642857
-0.020508
-0.009277
-0.015137
-0.027832
0.459459
-0.005859
0.002930
0.066667
0.103093
0.043011
-0.007812
0.008301
0.099174
0.005859
1.214286
0.588235
1.123596
1.482759
0.636364
0.588889
0.503145
-0.017090
-0.001465
0.068627
0.200000
0.026549
0.010742
0.012207
1.244444
0.467532
0.039551
-0.016113
0.371429
0.004883
-0.030273
-0.008789
0.444444
0.038086
-0.007324
-0.016602
0.008301
0.333333
3.740741
1.372340
0.133858
5.535714
0.196721
0.829787
0.075000
0.360656
0.469388
0.005859
0.022461
-0.011230
0.018066
-0.006348
-0.004883
1.333333
-0.003418
0.166667
0.310345
0.367347
0.128440
-0.023926
0.161290
0.379747
-0.001953
0.006348
-0.009277
6.142857
0.666667
1.011494
1.640625
0.767123
0.839506
0.843750
0.301887
0.010254
-0.030762
0.622642
-0.006836
0.000000
0.094340
-0.002930
0.319149
0.013158
0.041096
-0.004883
0.202454
0.004395
0.294643
-0.008301
-0.015625
0.002930
0.015152
-0.006348
-0.027832
0.581633
1.418367
1.813559
0.984848
0.564516
0.648649
1.111111
-0.000488
0.174312
-0.010742
0.606061
-0.005859
0.000488
0.030273
0.000000
0.202020
-0.016113
0.001953
-0.018555
0.219780
0.004883
-0.001953
0.913043
-0.018066
-0.003906
0.456790
0.491803
0.000977
1.126984
0.460526
3.304348
1.074468
2.080000
0.731707
0.880435
-0.004395
0.008301
-0.009277
-0.004395
0.350000
0.385714
-0.001465
0.144578
1.210526
0.009766
-0.017578
0.010742
0.001465
-0.010254
-0.032715
-0.023926
-0.005859
-0.003418
-0.008789
0.833333
0.644444
0.311828
1.340206
1.041379
2.275000
0.288288
0.289655
0.555556
-0.000000
0.304348
0.144231
0.061224
0.054688
0.438356
-0.030762
0.289157
0.211268
-0.035156
0.004883
0.337662
0.207317
0.243902
0.000000
0.387931
0.238938
0.198413
0.284404
-0.005371
0.070000
1.022901
1.046512
1.150000
0.487805
0.252874
0.662162
0.000488
-0.009766
-0.004395
0.127451
-0.003418
0.085470
0.089286
0.361446
0.137931
0.095238
-0.012695
0.146341
0.022949
0.004883
0.098266
-0.024414
0.320611
0.143564
0.011236
0.151724
0.054422
0.376000
0.001465
0.173913
0.010254
0.022461
0.012695
0.270270
0.000000
-0.003418
0.004395
0.007324
0.000977
2.625000
0.750000
0.500000
-0.018066
0.144231
0.170330
0.117647
0.255708
0.020020
0.006849
0.044248
0.041420
0.018066
0.155556
0.009766
-0.002930
0.273973
-0.003906
0.568966
0.357143
-0.005371
-0.000000
-0.015625
0.294737
-0.020020
0.203125
0.563758
0.663934
0.107843
0.040323
0.246377
0.086207
-0.010742
0.003418
0.012695
-0.016602
0.108844
0.018066
0.002441
0.016113
0.121739
1.000000
0.238095
0.012695
0.423529
0.430769
0.417910
0.020000
-0.007324
0.055556
-0.023926
0.007324
0.532110
0.220930
-0.002930
0.009766
0.646154
0.603175
0.000977
0.110000
0.040541
0.024390
0.009766
0.039062
0.010254
0.235294
0.000000
0.329412
0.828571
0.235294
-0.010742
-0.013672
0.013184
-0.019531
0.027344
0.983607
-0.014648
0.013672
0.100000
0.001465
0.009259
1.150000
1.440000
0.016602
0.000000
0.001465
0.377358
0.025391
-0.010742
0.006348
0.013184
0.153846
0.032967
-0.029297
-0.008301
0.020508
-0.004395
0.098901
-0.033203
0.034884
-0.005371
-0.009766
0.007812
0.166667
0.041992
-0.010742
0.090909
0.400000
0.000000
0.356322
-0.028320
-0.024902
0.455446
0.800000
0.702703
0.062500
0.000977
-0.016602
0.011230
0.004395
0.280000
-0.002930
1.600000
-0.002930
0.349206
-0.030273
0.789474
0.077519
1.250000
0.002441
0.153846
-0.013184
-0.015137
0.674419
0.034668
0.693182
-0.006348
0.147059
0.231579
0.018066
0.411765
0.134328
0.029703
-0.009277
0.059524
0.022949
0.000000
0.004395
0.043860
0.282609
0.000000
-0.009277
0.727273
0.300000
1.550562
1.393939
0.505051
1.336634
0.026367
-0.025879
0.013672
0.018555
2.255814
0.404762
0.825758
0.206897
0.008789
0.007324
0.342105
0.019608
0.129032
0.087719
0.688073
-0.015137
0.029851
0.028320
0.000000
-0.026367
0.478261
0.011230
0.542056
0.241758
2.474576
4.125000
0.270968
1.794118
6.750000
0.180723
1.000000
0.401786
0.018066
1.551020
0.902913
0.549296
0.245283
0.515152
-0.014648
0.003906
0.012207
-0.003906
-0.018555
0.571429
0.001953
0.197183
0.209302
0.342593
-0.011719
-0.015625
0.137615
1.038760
1.500000
1.478873
1.456522
1.840000
1.942857
1.289855
2.107143
1.495146
0.794118
0.410853
1.662338
0.760331
1.413223
0.650602
0.454545
0.390244
-0.002441
0.472727
0.060000
0.261905
0.004395
0.165414
0.230159
0.057143
0.103448
0.010417
-0.027832
1.294118
0.555556
2.061224
0.228571
0.406250
0.485380
0.611111
0.821053
1.009346
0.916084
1.223684
1.202128
1.515152
1.190000
0.848000
0.367647
-0.043945
0.333333
0.010742
-0.025391
0.804878
0.014648
0.010742
0.026855
0.212766
0.105263
0.256881
0.480620
0.017090
0.478261
0.457143
0.525641
0.216981
0.302083
0.002441
0.925373
0.978723
0.936508
0.771930
1.176471
1.884058
1.436782
0.675439
0.828947
0.000000
-0.004395
-0.005371
0.444444
0.165468
0.021973
0.001953
0.341667
0.019531
0.027586
0.216216
0.397260
0.588889
0.004395
0.023438
0.126984
-0.001465
0.279412
0.003418
0.241667
-0.012695
0.190476
0.325397
1.104478
1.049180
1.211864
0.026855
1.769231
0.206897
-0.001953
0.026367
0.022461
0.014160
0.010254
0.087432
0.261905
0.070707
0.333333
-0.008301
0.535088
0.008789
0.011719
0.488372
0.076336
0.021973
0.881579
0.500000
0.000977
0.009277
0.257576
1.245283
1.750000
2.200000
1.210084
1.343284
0.071429
0.016113
0.463768
-0.029297
0.541176
0.020508
0.300000
0.204918
0.310680
0.038217
-0.019531
0.030762
0.610390
0.757143
0.017090
0.183908
0.100000
0.012207
0.046729
0.685714
-0.012695
0.097561
0.338710
1.070000
1.175676
1.352381
0.877778
-0.014648
0.004395
0.594595
0.257576
-0.006348
0.000977
0.571429
0.027344
0.688312
-0.003418
0.641026
-0.017090
0.011719
-0.009766
0.738095
-0.014160
-0.019531
0.025391
-0.008301
-0.000488
0.000000
-0.010254
0.800000
0.723404
0.849462
1.688172
1.754098
1.092308
0.079365
-0.000488
0.024902
0.627119
0.563218
0.025391
0.654321
-0.003906
-0.005859
0.109375
0.011364
0.075949
0.014160
0.000000
0.451613
-0.040039
0.021973
-0.010254
-0.008789
0.000977
-0.007812
0.018066
0.070588
0.290909
0.303571
1.084507
0.607143
1.825000
-0.015625
0.233083
0.000488
0.287129
0.270833
0.009766
-0.023438
-0.010254
0.007324
0.192053
0.160714
0.015625
0.227273
0.010742
0.800000
0.134615
0.091837
0.258065
-0.011719
0.018066
-0.001953
0.008789
0.490196
1.094340
1.224000
1.231707
1.304348
0.771084
0.674419
-0.005371
0.040816
-0.021973
0.005371
0.380952
-0.002930
0.025000
0.012207
0.092486
0.129032
-0.015625
0.022556
0.666667
0.339806
-0.023438
-0.017578
-0.020508
0.196581
0.023438
0.008301
0.021973
0.314286
1.943662
4.735294
2.450980
0.323810
2.500000
0.002930
0.282353
1.039216
0.415094
-0.004883
0.026855
2.384615
0.263566
-0.016602
0.003418
0.815534
-0.010254
0.018555
0.360000
0.219512
0.010742
0.022949
0.088889
0.014648
0.006836
4.000000
0.479339
1.617391
0.873134
1.175258
1.784615
0.010638
0.140000
0.544444
-0.005859
0.603774
6.000000
-0.017578
0.010254
0.112150
0.867647
0.571429
0.094937
-0.017578
-0.012695
-0.031250
0.009277
0.320755
0.985714
-0.004395
0.191176
0.000000
0.371795
0.006348
1.113924
1.156863
1.035088
0.723214
0.238710
-0.002441
-0.001465
-0.015137
0.013184
0.163934
-0.041504
0.500000
-0.000977
0.009277
-0.020020
0.038574
0.006836
0.020996
0.003906
0.008789
0.002441
0.082569
0.291139
0.194175
0.224490
0.003906
0.007324
0.608247
1.651515
1.363636
1.220000
1.000000
0.131868
0.000488
2.333333
0.020000
0.769231
-0.006348
-0.025391
-0.000488
-0.002441
-0.010742
-0.031738
0.005371
0.848101
0.260504
1.073529
0.220000
0.204819
0.112676
0.008789
0.008789
-0.029297
0.851351
0.967742
0.928571
1.851852
4.444444
0.750000
0.640000
0.261682
0.000488
-0.009766
0.141844
-0.012695
0.000000
0.301887
3.240000
0.017578
-0.013184
0.008301
0.000000
-0.032715
0.009277
0.050847
0.007324
0.190000
-0.016602
0.200000
0.166667
-0.029785
0.220779
1.500000
1.084112
1.085366
0.654867
0.273973
-0.005859
0.003906
0.452381
0.049180
-0.035645
0.472222
0.172727
0.006348
0.250000
1.000000
0.013184
-0.010742
0.761364
0.001953
-0.001953
0.029297
-0.006348
0.524590
-0.016113
0.006836
0.214286
0.180328
1.094737
2.687500
1.411765
5.256410
0.613497
0.240310
0.097561
0.000488
0.666667
-0.002441
-0.022949
0.155844
0.018066
0.007407
0.177419
0.093750
-0.001953
0.000977
0.013672
-0.019043
0.024390
0.067961
0.090278
0.155844
0.019043
0.023256
0.607143
0.602564
0.886364
1.411290
4.694444
0.906780
0.000000
-0.003906
-0.002930
0.051270
0.021484
-0.015137
0.676923
-0.006348
0.036621
0.004395
0.082645
0.890909
0.040541
0.098214
0.420290
0.158333
0.146667
-0.024414
-0.008789
0.023438
-0.001953
-0.003906
0.010254
-0.017090
1.526316
1.127517
0.885135
1.645161
-0.011719
0.004395
0.097561
0.022949
0.513514
-0.004395
0.320000
-0.027344
0.042553
-0.002930
0.027027
0.537634
-0.030273
-0.005371
0.085526
0.029762
-0.012695
0.519481
0.709091
0.193548
0.530303
0.016602
0.201681
0.023926
1.098765
1.245902
1.654321
1.114943
0.478261
0.007324
0.017090
0.008301
0.006579
-0.003418
1.000000
0.055556
0.132231
-0.027344
0.009277
0.251908
0.011719
0.351852
-0.012695
0.045872
0.073034
0.458904
0.043956
0.218310
0.008772
0.025391
0.091743
0.028369
0.278571
1.083333
0.922535
0.685950
0.023926
-0.005371
-0.000488
-0.011719
0.370968
-0.018555
0.033557
-0.015137
0.085470
0.068376
0.194915
0.008301
-0.020508
0.004926
0.008264
0.026855
0.033898
0.022949
-0.020020
0.040323
0.380000
0.008301
0.000000
-0.006348
0.001953
0.219697
-0.039551
0.420690
0.090090
0.201439
-0.018066
0.113043
0.019043
0.017964
0.405172
0.020996
0.305263
0.310345
-0.012695
0.137363
0.237288
0.103448
0.207865
0.015137
0.034188
0.022461
0.307692
0.596491
0.014160
-0.009766
0.009766
-0.002930
-0.015137
1.568182
0.157303
1.089888
0.051948
-0.017578
-0.010742
0.516129
1.134615
0.009766
-0.010254
0.014184
0.878049
-0.024414
0.398810
0.078431
0.204082
-0.016113
0.142857
0.037109
0.006348
-0.032715
0.016602
0.021973
0.023926
-0.004395
0.125926
0.035088
0.003418
-0.001465
0.025000
14.500000
-0.004395
0.574713
0.204819
2.727273
0.011719
1.913043
0.633333
-0.000488
-0.017578
0.000977
0.527778
0.274725
0.454545
-0.003418
0.078947
0.027273
0.010254
0.000000
0.597701
0.934783
-0.020508
0.187050
3.800000
-0.006836
3.769231
0.565217
0.100592
-0.025391
0.013184
0.372340
0.009277
0.073394
0.460177
0.247706
0.423913
-0.019043
0.625000
0.033691
4.666667
0.003906
-0.010742
-0.020508
0.317757
0.007463
0.246032
-0.007324
0.350877
-0.018555
-0.018555
0.555556
1.872727
-0.007324
-0.002441
-0.018066
0.021484
0.005371
0.257576
0.376812
1.073171
0.226562
-0.001953
0.627907
0.005859
0.052632
0.281250
0.510000
0.363636
0.115385
0.268817
-0.002930
0.019043
0.140000
-0.002441
0.020020
0.011719
0.951220
-0.028809
-0.008301
0.001953
0.032715
0.290000
0.012695
0.004395
0.005371
0.365591
-0.013672
0.031250
-0.010742
-0.012695
0.192661
-0.038086
0.171717
0.782609
0.469565
-0.003906
0.007299
0.128713
0.126214
0.055215
0.247312
0.291667
0.010742
-0.022949
0.525424
0.006836
-0.010254
-0.009766
0.007812
0.015137
0.019531
0.009766
0.034180
0.015625
0.010742
-0.009766
0.075758
0.007324
0.004395
0.009277
0.619718
-0.007324
0.123596
0.008789
0.278846
0.019043
1.016807
-0.005371
0.147783
0.043956
0.024902
0.090909
0.076923
-0.013672
0.013184
0.000000
0.000000
0.269231
0.368421
-0.020996
-0.009766
-0.025391
0.003906
0.004883
0.034668
0.002441
-0.002441
0.027832
0.004395
0.000488
0.023256
0.186441
0.019108
0.025879
-0.010254
0.236842
-0.005371
0.495238
0.276786
0.130000
0.647059
-0.023926
0.556818
-0.002930
0.392157
1.333333
0.305556
0.744186
-0.000977
-0.020508
0.659794
0.317460
0.342105
0.949153
0.197183
-0.029785
-0.001465
1.482143
4.181818
0.446809
0.110000
0.209677
0.008789
0.267606
-0.010742
2.157895
0.004883
0.432099
0.569444
0.178571
0.209677
1.179487
1.044444
0.857143
1.171171
1.161765
1.101695
1.590909
1.428571
2.342105
1.157895
0.563025
0.530612
1.137931
1.240000
1.266667
0.936170
0.785047
-0.026855
-0.003418
-0.003418
0.147436
0.149171
0.020020
-0.034180
2.137931
-0.005371
0.356164
-0.009277
0.894737
0.896552
1.487805
1.074380
1.506329
0.957447
1.008264
1.272727
1.259615
0.631068
3.657143
0.022989
0.383838
0.724138
1.306122
0.318182
0.857143
0.006348
0.268817
0.387500
0.021484
0.154362
0.270833
0.028846
0.042969
0.017090
0.252336
0.428571
2.636364
0.141304
0.324675
0.400000
1.048387
1.000000
0.507246
1.024096
1.088235
1.027027
0.171429
0.119266
0.770642
2.068493
1.395349
0.673469
-0.003906
0.010254
0.925926
-0.000000
0.224138
-0.010254
0.017578
0.629032
0.439655
1.809524
0.020508
0.012987
0.181818
0.735294
0.021973
0.028037
0.175824
0.072464
0.370370
0.698413
1.101449
-0.001953
-0.019531
0.351852
0.900000
0.661654
1.208333
1.333333
0.800000
0.012207
0.099099
0.133929
0.054264
0.370079
0.121212
0.463768
0.010254
0.316832
1.545455
0.380952
0.191176
-0.002441
-0.014160
0.020020
0.002930
-0.020996
0.353448
0.032227
-0.025879
0.260000
0.009277
0.718750
0.511811
1.111111
0.518797
0.146341
-0.005859
0.012500
0.042373
0.072000
-0.015137
0.012207
0.236559
0.022461
0.001465
-0.007812
0.118750
-0.014160
0.650000
0.214286
0.123457
0.510638
-0.010254
0.155556
0.019043
0.031738
-0.004883
0.000000
0.393617
1.854839
0.829787
0.862745
0.015625
0.093458
-0.005371
-0.006836
-0.014648
0.086538
0.016113
-0.014160
-0.007812
-0.003906
-0.001953
0.625000
0.007812
-0.011230
-0.017578
0.136986
0.150000
0.000000
0.718750
0.010254
0.000977
0.047059
0.016602
-0.008301
0.000977
1.287234
2.279070
-0.018555
0.011719
-0.003418
0.400000
0.014648
0.355263
0.040268
0.211864
0.017241
-0.017578
0.687500
0.377358
-0.000488
0.048387
-0.004395
0.382609
0.207207
0.038086
0.018555
0.272727
0.211864
0.226562
0.001465
-0.023926
0.001953
0.714286
0.247863
2.000000
1.403509
0.024390
0.045455
0.000977
0.709091
2.000000
0.002930
0.248175
0.360000
0.278788
0.341772
0.530612
-0.014648
0.430108
0.002930
0.081633
0.041667
0.014160
0.558824
-0.026855
0.227273
0.004883
0.107143
-0.002441
0.509091
0.783582
1.441441
1.666667
-0.022949
0.555556
0.212766
0.026786
0.232258
0.545455
-0.004395
0.009709
0.125786
0.023438
0.000488
0.292135
0.400000
0.436782
0.005859
0.412844
0.008789
-0.019043
0.397260
0.040039
0.014160
-0.016113
-0.009766
0.036232
1.406977
3.034483
1.402174
0.409091
0.375000
0.010742
0.005371
0.518519
0.059406
1.545455
-0.007324
-0.000977
0.090909
-0.004883
-0.020508
0.102564
0.014160
0.017090
0.370370
0.338983
0.280374
-0.000488
0.002930
0.531746
0.005859
0.007324
0.036133
0.441860
1.571429
0.909091
-0.002930
0.046296
-0.001953
-0.004395
0.846154
0.027778
-0.010254
0.536585
0.071856
0.378205
0.006348
0.162791
-0.002930
-0.040527
-0.020508
0.522388
0.000000
0.000000
0.289720
0.014648
0.003418
0.020996
0.004883
0.004395
0.041096
1.288288
1.175258
0.969072
-0.015137
0.002930
0.002930
-0.013184
0.173469
0.009766
0.001953
0.015137
0.172840
0.006836
-0.005371
-0.000977
-0.022461
-0.027344
-0.003418
0.021277
0.004395
0.445455
0.132075
0.253333
0.117647
-0.024902
-0.000977
-0.008301
1.011628
1.447059
1.364865
0.000977
1.354167
0.154930
-0.002441
0.008301
0.354839
0.213115
24.000000
1.906250
0.138298
0.408000
0.000000
1.000000
0.147368
-0.004395
0.328571
2.722222
-0.019043
0.202020
0.029297
-0.000977
0.012695
-0.000488
0.001465
0.190476
1.047619
0.983740
1.404762
0.543210
0.160494
0.219780
0.155556
0.252033
0.019531
0.000977
-0.019043
-0.026367
0.130137
-0.018066
0.318519
0.014160
0.270270
0.013672
-0.009766
1.773585
0.318182
0.170213
-0.023438
0.319588
0.017090
-0.003906
0.157303
1.246575
1.108911
6.842105
0.240741
-0.016113
0.086538
0.273810
0.076190
0.010254
-0.000488
-0.009277
0.000977
0.184783
0.009277
0.015625
0.285714
0.092199
0.153846
-0.008789
-0.003418
0.032227
0.032227
0.244186
0.239437
0.009766
0.012695
0.004395
0.988235
2.000000
4.541667
0.796748
1.000000
0.306667
0.956522
0.048000
0.020020
0.090226
0.018066
0.243243
0.274510
0.597938
0.226891
0.013672
-0.018066
0.247934
0.024414
0.227848
0.281250
-0.014160
0.335821
0.077778
0.028571
-0.004883
0.288288
0.351852
1.623188
2.862069
1.036697
0.033058
0.388889
0.008789
0.948718
0.004395
0.689655
0.147727
0.038574
-0.021484
0.005371
0.010526
0.171429
-0.003906
0.020020
0.720000
0.031738
0.233010
0.027344
0.297521
-0.000488
0.024414
0.425000
0.019231
0.461538
1.708333
6.739130
0.897260
0.567308
0.278351
-0.005371
0.657895
0.031250
0.023926
-0.014160
1.812500
-0.003906
0.003906
0.054545
0.006993
0.353535
0.634783
0.060000
0.015625
0.460870
0.058824
0.515152
0.043103
0.050000
-0.002930
0.103175
0.243243
1.218750
0.888889
1.307018
1.278351
1.192308
0.257143
0.409091
0.204380
0.106383
-0.005371
0.274074
0.004395
0.091954
0.165563
0.333333
0.000000
-0.026855
-0.025879
0.234043
0.214876
-0.030762
0.012195
0.214286
0.175926
0.171429
0.016529
0.002441
0.034188
0.019531
-0.017090
0.131944
0.006348
0.300971
-0.007324
-0.004883
0.198630
0.007194
-0.010742
0.564593
0.140127
0.006348
0.020508
0.002441
0.292929
0.082474
0.011719
0.007812
-0.002930
0.121951
0.812500
0.177083
0.323353
-0.027344
0.382609
1.033898
0.386667
-0.009277
0.045455
-0.024414
0.857143
0.182692
0.305085
0.008789
0.308824
0.289157
0.011719
0.008301
0.015625
-0.017578
0.015385
-0.024414
0.023926
0.322917
-0.027344
0.268519
0.100000
1.088235
0.220000
0.285714
0.555556
3.000000
0.911765
0.211111
-0.007812
0.268041
0.043796
0.366667
0.177419
0.291667
0.066667
0.059259
-0.002441
0.019531
-0.020996
-0.015625
-0.004395
0.350877
-0.011719
0.447059
0.187500
0.165354
0.028571
0.044118
0.229508
0.449153
-0.007324
-0.005859
0.031738
0.004395
0.195652
-0.009277
-0.016113
-0.001953
0.109890
0.193878
-0.017090
0.435294
0.039062
0.230769
0.479339
-0.009766
0.010254
0.103896
1.205128
0.005371
0.533333
0.230769
-0.038086
4.500000
0.085106
0.181287
0.148148
0.500000
-0.022461
0.049383
0.021739
-0.004395
0.371795
0.004883
-0.005371
0.818182
0.469388
0.014648
0.152174
0.118644
0.085714
-0.009766
-0.005371
0.008929
0.161972
0.016949
0.020996
0.255034
-0.021973
0.292308
0.250000
0.005859
0.373913
-0.020996
-0.009277
0.523810
0.148760
-0.008301
0.275362
-0.013672
-0.015625
0.000488
-0.017578
-0.008301
0.417910
-0.002930
0.020000
0.002930
-0.022461
0.009766
-0.016602
-0.002441
0.000000
0.066116
0.002441
0.086207
0.012658
0.002930
-0.005371
0.167883
0.264516
3.785714
-0.009277
2.228571
-0.024902
1.516667
-0.010742
0.005859
0.519231
-0.023926
-0.014648
-0.009277
-0.020020
0.013184
0.012695
0.010742
-0.003418
0.010254
-0.020508
0.014160
-0.004883
-0.009277
-0.009277
0.027344
0.018692
0.195804
-0.023926
0.322835
0.216216
0.145833
-0.015137
0.307692
0.004883
0.010742
0.369565
-0.021484
-0.016113
0.384615
0.351064
0.432000
0.011230
0.031746
-0.003418
-0.023926
-0.006836
0.012207
0.010742
0.017578
0.019531
0.010254
-0.006348
-0.009277
0.017857
0.606557
-0.015137
0.637931
0.198473
0.000000
0.021973
0.485149
0.446809
1.127660
0.671642
0.820225
1.441860
2.369565
2.090909
0.561644
1.783333
0.069767
0.457143
34.000000
0.064815
0.477064
2.055556
0.454545
0.268817
0.280000
0.104167
-0.020020
0.169014
0.011230
-0.039062
0.701493
0.033113
0.217391
0.005859
0.442857
-0.003418
0.229885
0.210526
0.313043
0.700935
1.509091
0.427350
1.791045
1.428571
1.144144
5.190476
1.573171
100.000000
3.234043
1.516484
51.000000
0.595745
0.000000
0.094828
1.072464
0.271739
-0.017090
0.025000
0.014648
0.119205
0.198020
0.192982
0.004883
-0.004883
-0.003906
0.223529
0.689655
-0.018066
1.581395
0.252336
0.016602
0.818182
0.566929
2.739130
0.060976
0.500000
0.443478
0.449438
0.355140
0.414286
-0.000977
0.003418
-0.010254
0.423077
0.240000
-0.007812
0.008403
0.133333
0.370968
0.666667
0.006348
0.037736
-0.007324
0.027344
2.928571
0.107143
0.009766
-0.020508
0.526316
-0.005371
0.333333
0.015625
-0.020996
0.001953
0.154762
-0.002441
0.006836
0.260870
-0.005859
0.129870
0.178862
0.074766
0.010742
0.010742
0.196721
0.152542
0.018066
-0.003906
0.245763
-0.005371
0.535714
-0.000488
0.006348
0.384615
-0.007812
0.135135
0.134228
-0.004883
0.295775
0.395833
0.396825
0.011628
-0.006836
0.090909
-0.024414
0.000000
0.107143
0.518519
0.005859
0.195876
-0.010254
0.027344
-0.010742
-0.016602
0.358491
0.444444
0.563380
0.026786
0.076190
1.020000
0.208955
0.029785
0.008789
0.040000
0.238095
0.003418
0.008065
-0.013184
-0.010742
0.677419
0.000000
-0.006348
1.730769
0.228814
0.379032
0.014160
0.009277
-0.000488
0.290000
0.344828
0.012207
0.039216
0.230000
0.673913
0.069767
0.019531
0.568966
-0.023926
0.088235
0.306122
0.892857
-0.005859
0.556962
-0.020508
0.279070
-0.001465
0.679487
0.000000
0.311475
0.395062
0.196721
0.000977
0.344262
0.812500
-0.005859
0.786885
0.034668
0.673469
0.369231
0.196532
0.078652
0.028320
-0.010742
0.522222
-0.021973
0.187500
0.000977
0.840000
0.245283
0.030273
0.013514
-0.042969
0.200000
0.435484
0.200000
0.297521
0.829545
0.506494
1.107143
0.012695
-0.008301
0.003418
0.223301
-0.002930
0.500000
0.750000
0.028369
0.005859
0.301471
0.006836
0.268519
0.000000
-0.014160
0.173913
0.037037
-0.005371
0.018555
0.031579
0.021277
0.453608
0.113636
0.148148
1.122449
0.264151
0.010742
-0.012695
-0.024414
0.137255
0.701754
0.169231
0.122449
0.042735
0.416667
-0.034668
-0.003418
-0.003906
0.330275
0.520833
-0.009277
0.348315
0.017090
0.170213
0.070175
0.357798
0.019531
0.004883
0.048544
0.511278
0.026855
0.032258
0.026855
0.001465
1.675676
0.484211
0.002930
0.007324
0.662651
0.096154
0.400000
0.714286
0.328244
0.941176
-0.005859
0.116505
-0.002930
0.033691
0.010742
0.196078
0.376471
0.018349
0.379310
0.016113
0.004883
1.514286
0.014160
0.436170
0.081395
0.371795
0.196078
0.400000
-0.009766
-0.027832
0.284091
0.004395
0.592920
0.000488
0.001953
0.005859
0.782051
-0.023926
0.133333
0.092025
0.080645
0.542857
-0.022461
-0.009766
0.305085
0.076923
-0.007324
0.073171
2.066667
0.060000
0.759494
0.568627
-0.016602
0.628205
0.133858
0.398438
0.290076
0.013184
-0.002930
0.035156
0.130435
0.003906
0.176471
0.003906
0.488636
0.435294
0.012207
0.023926
0.644444
-0.000488
0.641791
-0.012695
0.010742
0.575758
0.941176
-0.004395
0.093750
-0.039551
0.444444
-0.033203
0.573913
0.890625
0.109890
1.411765
0.479339
0.119565
0.409091
0.293578
0.004395
0.008789
0.013672
-0.034668
0.443038
0.010742
0.003418
0.133333
0.000000
0.026855
0.381818
0.010254
0.182796
0.002930
-0.016602
0.022461
0.471698
0.004883
0.760000
-0.001465
4.900000
0.878049
0.134146
0.621622
0.250000
0.009766
-0.010742
-0.011719
0.207792
0.035714
-0.000488
0.001953
-0.006836
0.006348
0.269231
-0.016113
0.004883
-0.014648
0.002441
-0.005859
-0.014160
0.008789
-0.038574
0.213333
0.207792
0.689320
0.231579
0.382353
0.215686
-0.009277
0.045455
-0.005859
0.590909
0.090909
0.161765
0.025862
-0.011719
0.023926
0.240000
0.843750
0.019231
0.142857
-0.000000
0.228395
-0.017090
0.264516
0.015625
0.030762
0.600000
-0.008301
0.611940
0.982456
0.209877
0.076923
0.521368
0.265060
0.121212
-0.002441
0.006348
-0.023926
0.011230
0.011719
0.479452
0.457143
-0.002441
0.005859
0.005371
0.015625
0.015137
0.010254
0.464000
0.015625
0.351852
0.027027
0.010254
-0.013672
0.587302
0.355556
0.015625
0.008789
0.142857
1.190476
0.904762
0.975309
0.008789
1.531915
1.970588
-0.004883
0.015137
0.333333
0.880597
-0.003418
0.016113
-0.016602
-0.012695
2.235294
0.288462
1.416667
-0.012207
0.218750
0.010254
0.187500
-0.020020
0.112000
0.004883
0.296703
0.079365
0.522388
0.104478
0.528000
0.983471
0.808989
1.864407
3.000000
0.008264
0.511628
0.017544
0.366667
-0.008789
0.385714
0.744186
-0.002441
0.934426
-0.010742
0.349057
0.310000
0.339806
0.115385
-0.000488
0.016602
0.330986
-0.026367
0.250000
0.405797
0.036133
0.048544
0.017090
1.009174
0.955556
0.848837
1.082474
-0.000977
-0.030273
0.102273
0.023438
0.041016
0.008696
0.853333
0.030273
-0.013184
0.002441
0.102564
0.002441
0.344262
0.027027
0.260417
0.028169
0.215909
0.214286
0.023926
0.020996
0.242424
-0.000488
0.056338
0.407080
0.462069
-0.020508
0.127660
0.000977
0.198718
0.194690
-0.018555
0.171233
0.126582
-0.011719
0.339450
-0.007324
-0.007324
0.001953
0.284314
-0.008301
0.250000
-0.028320
0.118056
