1.590909
3.500000
3.700000
0.025391
2.812500
5.571429
1.000000
4.666667
0.282051
2.272727
4.142857
0.005859
0.136986
0.040039
1.500000
2.238095
11.333333
17.500000
0.775000
3.538462
0.578947
0.409091
7.000000
0.807692
0.833333
3.083333
0.522727
0.962963
8.125000
1.161290
3.230769
14.500000
4.055556
2.222222
4.062500
1.600000
1.538462
0.380952
2.352941
1.100000
2.625000
2.000000
0.909091
1.666667
8.333333
2.400000
3.466667
2.076923
20.000000
0.160714
0.014160
0.090909
8.000000
0.603175
8.500000
6.000000
9.000000
0.023926
4.333333
0.342105
0.129630
0.420000
0.680000
24.000000
4.166667
0.085714
1.153846
1.444444
1.777778
3.500000
10.250000
2.000000
12.200000
6.555556
0.571429
1.000000
1.058824
0.006348
0.607843
1.454545
4.538462
0.181818
0.005859
0.016113
1.333333
0.004395
8.833333
1.736842
9.000000
21.666667
1.785714
2.473684
2.500000
0.851852
2.375000
0.941176
3.285714
1.102564
0.861538
0.791667
1.368421
3.833333
1.461538
0.224490
0.955556
0.022461
2.190476
1.333333
1.071429
1.780488
1.714286
5.750000
1.312500
3.450000
0.888889
1.680000
1.411765
91.000000
1.619048
2.750000
1.800000
12.400000
0.007812
1.000000
0.923077
0.012207
0.500000
1.095238
0.647059
0.896552
7.500000
0.260870
3.040000
1.285714
0.478261
1.818182
1.153846
3.555556
0.024902
0.043945
0.015137
1.222222
0.791667
3.000000
1.368421
0.014160
0.039551
2.315789
4.000000
2.166667
2.040000
0.500000
1.700000
3.100000
0.030273
1.900000
0.714286
3.909091
0.666667
0.005371
0.464286
1.000000
1.647059
10.000000
2.000000
3.285714
22.000000
8.833333
1.571429
3.090909
0.850000
0.800000
0.245614
1.105263
0.562500
5.000000
2.666667
0.227273
2.636364
1.750000
50.000000
2.875000
1.536585
12.000000
28.000000
3.000000
0.240000
2.214286
2.588235
0.533333
1.250000
0.777778
4.333333
7.000000
7.000000
1.363636
3.750000
1.166667
3.823529
0.145161
3.750000
1.800000
2.454545
1.250000
3.181818
0.820513
0.552632
0.743590
6.500000
2.700000
3.363636
0.125000
0.040000
0.476190
10.000000
2.320000
0.205078
0.650000
1.060606
6.166667
2.142857
5.062500
0.012207
0.020020
18.000000
3.333333
8.800000
2.444444
1.562500
0.450980
0.032715
0.019531
2.034483
1.750000
6.666667
0.928571
0.016113
-0.008789
6.500000
0.488889
7.230769
0.736842
2.812500
2.083333
8.000000
2.100000
0.850000
9.750000
8.333333
5.200000
0.680000
1.181818
1.133333
2.500000
2.200000
0.913043
0.300000
2.111111
1.809524
1.571429
0.545455
0.026367
1.687500
16.500000
0.500000
0.017578
2.142857
7.571429
0.022461
12.000000
10.000000
11.750000
0.745098
0.515152
0.708333
0.348485
2.923077
3.600000
1.838710
1.095238
7.250000
1.095238
1.166667
7.000000
0.948718
14.500000
2.468750
9.000000
0.500000
0.027344
5.000000
1.857143
1.733333
6.000000
1.800000
0.448980
0.014160
6.125000
3.588235
4.500000
2.733333
4.714286
3.400000
16.000000
1.676471
8.666667
5.875000
0.560000
2.578947
8.250000
0.703704
1.625000
9.666667
5.142857
0.038086
0.692308
4.625000
1.090909
1.625000
2.846154
2.400000
0.571429
1.733333
3.142857
2.000000
0.006836
3.500000
0.411765
1.677419
13.750000
0.625000
1.444444
3.818182
1.350000
2.333333
2.357143
5.111111
4.500000
31.000000
21.000000
1.421053
0.333333
5.666667
0.891892
1.125000
0.027832
0.361702
2.571429
3.047619
1.100000
3.125000
9.750000
0.764706
3.214286
0.935484
20.000000
21.500000
2.375000
1.125000
2.647059
1.428571
0.529412
0.666667
3.066667
0.705882
1.416667
3.500000
3.500000
3.785714
1.818182
2.166667
6.600000
2.750000
1.448276
1.555556
0.020508
0.386364
1.777778
2.400000
1.400000
6.000000
0.636364
13.600000
6.333333
1.307692
0.565217
5.500000
1.421053
4.285714
2.157895
0.022461
1.750000
6.200000
0.370370
4.437500
10.000000
0.733333
0.547170
1.391304
0.925926
