0.307692
1.590909
0.375000
0.016113
0.040527
0.176471
0.025391
0.002930
0.006836
0.681818
1.468750
1.000000
3.500000
0.014648
3.700000
-0.005859
-0.011230
0.013889
0.010742
2.812500
-0.002441
2.086957
-0.016602
-0.000488
-0.038086
4.666667
0.001953
0.122449
0.005371
2.272727
-0.013184
5.571429
0.333333
1.000000
0.016602
0.007812
0.282051
0.010742
-0.003906
-0.001465
4.142857
-0.018066
0.005859
-0.000488
0.006836
0.029785
-0.016113
-0.019531
0.700000
-0.004883
0.000977
0.347826
-0.000977
-0.005859
0.012207
0.136986
0.040039
0.005859
1.500000
0.016602
0.370370
2.238095
11.333333
0.005371
-0.008301
3.818182
0.323529
0.775000
0.015137
0.928571
0.103448
0.642857
1.578947
-0.014648
-0.003418
17.500000
0.002441
0.280000
0.008789
3.538462
-0.006836
0.423077
0.208333
0.285714
0.002930
0.012207
-0.003906
0.227273
0.833333
0.006836
0.142857
0.578947
0.011719
0.409091
7.000000
0.022949
0.021484
0.807692
-0.007812
-0.003906
3.083333
-0.006348
0.020020
-0.012695
0.571429
0.004883
8.125000
0.863636
-0.002930
1.161290
0.250000
-0.018555
0.522727
0.003906
0.962963
0.375000
0.025391
0.003418
0.298507
0.483871
-0.003906
3.230769
0.008789
0.837209
-0.012207
0.680000
2.222222
0.740741
0.750000
4.062500
0.538462
-0.010254
14.500000
0.333333
4.055556
0.583333
1.750000
-0.024902
0.010742
0.369231
0.017578
1.600000
0.083333
0.764706
0.380952
0.002441
-0.031250
0.400000
0.005371
-0.006348
0.033203
0.020508
0.006348
1.538462
0.013184
0.001465
0.008301
2.352941
0.012695
1.100000
0.583333
0.250000
-0.018066
2.000000
0.026855
0.021973
1.666667
1.285714
0.029297
8.333333
-0.009277
2.625000
0.884615
0.555556
-0.036621
0.909091
0.014648
0.000000
0.013672
0.010742
0.040000
2.400000
0.013672
-0.003418
-0.002930
2.076923
0.002930
0.515152
0.055556
0.160714
0.340000
-0.009277
-0.005371
3.466667
0.018519
0.002441
13.000000
20.000000
-0.005859
0.007812
-0.003418
-0.020996
0.090909
0.026367
8.000000
6.375000
0.065217
0.603175
2.166667
-0.018555
0.014160
0.003418
-0.006348
0.004883
0.742857
0.015625
-0.011230
-0.041504
8.500000
0.441176
0.484848
6.000000
0.172414
-0.000977
0.009277
0.023926
0.003418
4.333333
0.013184
0.002930
0.010254
0.002441
9.000000
0.009277
-0.007812
-0.015625
0.001953
-0.015137
0.007324
0.342105
0.129630
0.003906
-0.004395
-0.013184
-0.020996
0.005371
0.014160
24.000000
0.000000
4.166667
-0.009766
0.013184
-0.016602
0.420000
0.680000
0.008301
0.800000
0.026367
0.005859
-0.016602
0.001953
0.018066
0.256410
0.025391
1.444444
-0.016602
1.777778
0.727273
2.000000
0.388889
0.012207
0.085714
1.153846
-0.003906
-0.002930
0.640000
0.521739
0.634615
-0.024902
3.500000
1.900000
10.250000
0.888889
2.000000
12.200000
0.533333
-0.021484
1.000000
-0.034668
0.001953
1.571429
2.000000
1.375000
0.000488
2.294118
1.866667
6.555556
-0.004395
0.015625
0.571429
0.021973
-0.042969
1.058824
-0.003418
0.006348
-0.019043
0.086957
0.607843
1.454545
0.005371
1.000000
-0.029785
0.005371
0.007812
-0.009277
-0.002441
0.002930
-0.000977
1.407407
0.272727
4.538462
1.500000
0.181818
0.027832
0.005859
0.004395
0.014160
-0.004395
-0.007324
1.333333
2.600000
0.020996
0.034180
-0.018066
-0.002930
0.004395
0.016113
-0.018555
-0.021484
0.031738
0.002441
-0.009766
0.510204
0.755102
1.736842
0.900000
-0.003418
-0.016113
-0.003418
6.000000
0.004395
-0.023438
8.833333
-0.001465
0.171429
0.008301
9.000000
1.714286
21.666667
-0.006836
0.027344
1.785714
0.009766
2.473684
0.906977
2.500000
0.019531
0.333333
-0.018555
0.013672
0.093750
0.005859
-0.008301
-0.012695
0.016113
0.844828
-0.029297
0.851852
0.020508
2.375000
0.941176
0.020020
3.285714
0.300000
0.595745
-0.030762
0.007324
-0.014160
0.791667
-0.017578
0.722222
0.400000
-0.000000
1.428571
0.680000
1.102564
0.861538
-0.005371
0.012695
0.250000
-0.012207
-0.011719
0.015625
-0.022949
-0.001465
0.017090
0.224490
-0.013184
0.955556
0.001465
1.368421
0.333333
0.205882
3.833333
1.461538
0.714286
0.014160
0.003906
0.075000
0.031738
0.022461
0.007812
-0.016602
-0.013184
-0.010254
0.200000
0.000000
0.125000
-0.020020
0.142857
-0.030762
-0.027832
2.190476
0.018868
1.333333
0.318182
1.071429
-0.028809
1.780488
-0.000000
1.714286
-0.035156
0.002441
0.000000
0.041016
1.312500
1.030303
2.000000
0.003906
0.888889
0.024902
0.421053
0.010254
5.750000
0.006348
0.095745
1.293103
3.450000
0.011719
-0.006348
-0.007324
1.680000
-0.006836
1.411765
91.000000
3.166667
1.619048
0.263158
-0.036133
-0.001953
0.233333
0.020996
0.913043
0.394231
0.004395
-0.020020
-0.008789
-0.014160
1.666667
2.750000
1.800000
0.000000
12.400000
0.175000
0.003418
-0.019043
0.005371
1.000000
0.612903
0.923077
0.021484
0.005859
0.012695
-0.036133
0.007812
-0.018555
-0.002930
0.215686
0.023438
0.001465
-0.007324
-0.003418
0.018555
0.187500
0.827586
-0.027832
0.028571
0.647059
0.862069
-0.001465
0.012207
-0.043457
0.031250
0.500000
1.095238
0.006836
0.363636
0.022461
0.076923
0.896552
0.014160
7.500000
-0.026855
0.002441
3.040000
-0.003906
1.285714
-0.005371
-0.002930
0.000977
-0.011230
0.003418
-0.009277
0.260870
-0.027344
1.261905
-0.007812
0.526316
0.478261
-0.010742
0.468750
1.818182
0.103448
0.018555
3.555556
0.119048
-0.006836
-0.000488
0.043945
-0.011230
0.142857
0.007324
1.153846
-0.012207
0.023926
0.001465
0.023926
0.024902
-0.004395
-0.007812
-0.006348
0.015137
0.006836
-0.007324
0.791667
0.007324
0.159091
-0.004395
0.800000
1.368421
-0.003418
-0.000000
-0.004395
1.222222
0.008789
0.014648
0.000000
3.000000
1.200000
0.242424
-0.006836
0.014160
-0.016602
0.039551
-0.012207
0.013672
1.285714
4.000000
0.555556
0.000977
-0.004395
-0.035645
0.001953
-0.000000
-0.007324
2.315789
0.000000
0.083333
0.014160
2.166667
2.040000
-0.003418
-0.014648
-0.015625
1.700000
0.016113
1.631579
1.000000
-0.020996
-0.013672
0.545455
-0.015625
-0.035645
0.500000
0.000000
0.833333
1.083333
3.100000
0.030273
-0.002930
-0.015137
1.722222
0.521739
-0.015625
2.217391
-0.003906
0.000000
-0.020996
-0.000000
-0.034180
0.004395
1.900000
0.009766
0.714286
1.068966
3.909091
0.666667
0.324324
-0.001953
0.005371
0.017578
0.464286
0.285714
0.513514
1.647059
-0.012207
-0.017090
10.000000
0.008789
-0.032715
-0.009766
0.003906
1.000000
0.000000
0.347826
0.522727
0.030762
0.000488
2.000000
0.200000
0.142857
3.285714
0.666667
22.000000
0.012207
8.833333
1.571429
-0.015625
0.004395
3.090909
-0.027344
1.500000
0.016113
0.285714
0.058824
0.001465
-0.013672
0.019531
0.807692
0.481481
0.010742
0.850000
0.018555
0.800000
0.016113
0.245614
0.128205
0.008301
0.562500
0.542857
0.006348
0.008789
-0.002930
0.000488
0.000000
-0.000000
1.105263
-0.000488
0.013672
0.017090
0.009766
2.571429
1.083333
0.283019
0.227273
0.016113
0.007812
2.636364
1.750000
-0.015625
0.020508
5.000000
2.666667
-0.003906
0.001465
0.021739
2.416667
0.020020
0.553191
-0.020020
50.000000
0.678571
2.875000
0.014160
-0.007324
1.314286
0.342105
12.000000
-0.004395
1.588235
1.791667
2.120000
-0.007324
0.181818
1.536585
0.002930
1.608696
0.391304
28.000000
0.043945
0.022461
3.000000
-0.010742
-0.011230
2.214286
0.029785
-0.013184
2.352941
-0.000000
-0.002930
0.328571
0.551020
0.240000
0.000488
0.681818
0.048387
0.013184
2.588235
-0.020508
0.533333
-0.009277
1.250000
0.777778
-0.009766
-0.008301
-0.003906
7.000000
0.354839
7.000000
-0.005859
0.016602
0.484848
-0.003418
-0.011230
0.023438
4.333333
1.758621
0.013184
0.020020
0.012207
0.046875
0.008301
0.243243
-0.016602
0.869565
1.166667
3.823529
0.003906
0.010742
-0.004883
0.020508
1.363636
-0.018555
3.750000
0.685185
0.000977
0.205882
0.424242
0.145161
-0.026855
0.006348
-0.001953
0.523810
1.800000
0.380000
2.454545
0.000977
0.941176
3.181818
0.015137
3.750000
0.866667
-0.010742
-0.001465
-0.003418
1.391304
-0.023438
1.250000
1.300000
0.007324
0.820513
0.005371
0.552632
-0.008301
0.333333
0.007812
6.500000
0.000488
0.014648
0.413793
0.450000
-0.009277
0.526316
-0.005859
0.743590
0.571429
0.054054
0.011719
2.187500
2.700000
0.379310
-0.008789
0.010742
0.125000
0.000000
-0.002930
0.476190
-0.023926
0.003906
4.500000
3.363636
0.916667
0.007324
-0.017578
-0.004883
0.040000
-0.000000
-0.008789
10.000000
0.222222
2.320000
-0.010254
0.003906
0.020508
0.333333
-0.048828
0.029297
0.372881
0.014648
6.166667
0.444444
-0.020996
0.205078
0.097561
0.227273
0.650000
0.006348
1.060606
-0.012695
0.206349
-0.004883
2.142857
5.062500
-0.002930
-0.011230
0.012207
0.020020
0.000000
-0.006348
0.010254
-0.017578
0.001953
0.866667
0.003418
0.002441
0.003906
0.000977
-0.020996
-0.007324
18.000000
3.333333
1.000000
8.800000
-0.011719
1.241379
0.011230
0.272727
1.538462
-0.004883
0.450980
0.006348
-0.010254
0.097561
4.000000
1.100000
2.444444
0.631579
1.562500
0.018555
-0.004395
0.014160
-0.003906
0.000977
0.006836
0.236842
1.211538
1.150000
0.003906
1.032258
0.000488
-0.019531
0.032715
0.019531
0.007812
-0.006348
2.034483
1.750000
0.021973
6.666667
1.400000
0.012695
-0.012695
0.004883
-0.028809
-0.008789
-0.046875
6.500000
-0.012695
0.488889
0.272727
0.928571
0.017090
0.009766
0.016113
-0.019531
-0.016113
0.120000
0.005371
0.007324
0.022461
0.001953
0.148649
0.004883
-0.000000
0.437500
-0.026855
-0.033203
0.085714
0.001953
1.652174
2.346154
7.230769
0.736842
-0.013184
1.333333
2.812500
2.083333
-0.048828
8.000000
0.358974
0.002441
1.785714
-0.006836
0.043945
9.750000
2.285714
-0.014160
8.333333
2.800000
-0.009766
2.100000
0.489796
0.850000
0.007324
2.000000
0.600000
1.785714
6.750000
0.575000
5.200000
0.294118
0.138889
0.007812
0.004395
-0.000488
1.133333
0.024414
2.500000
0.001953
2.200000
0.081081
0.680000
1.181818
0.878788
0.097656
-0.032227
0.714286
-0.034180
1.200000
0.849315
0.913043
0.021484
0.083008
-0.015625
0.046875
2.111111
0.470588
0.025879
-0.009277
0.021973
-0.014648
0.150000
0.003906
0.300000
0.006348
0.975000
-0.034668
1.809524
1.571429
1.062500
0.002930
0.545455
0.024902
0.026367
0.005371
0.000488
0.565217
2.600000
0.011719
0.311111
-0.002441
0.018066
0.010742
-0.012207
0.750000
1.687500
0.010254
16.500000
0.500000
-0.027344
-0.006348
0.017578
-0.007324
0.750000
0.515152
7.571429
-0.015137
0.022461
-0.007324
0.000000
-0.008301
0.010254
-0.013672
2.142857
3.384615
3.142857
-0.010742
-0.011230
0.011230
12.000000
0.038086
1.277778
-0.006348
11.750000
-0.014648
0.745098
0.515152
0.150000
0.261905
-0.000488
-0.017090
10.000000
6.750000
1.071429
-0.018066
-0.015625
-0.012695
-0.002441
0.708333
0.456140
-0.006348
0.001465
0.023438
2.923077
-0.013672
3.600000
-0.015137
1.838710
0.019531
0.714286
0.348485
-0.013184
0.067797
0.020996
0.625000
-0.018066
-0.029785
0.190476
-0.003906
1.095238
7.250000
0.142857
0.357143
0.137931
0.971014
-0.010254
-0.013184
-0.009766
-0.004395
0.800000
0.005859
-0.000488
1.095238
1.000000
1.166667
-0.003906
7.000000
5.200000
0.948718
-0.014648
-0.000977
1.243243
-0.003418
2.468750
1.040000
0.009766
0.012207
-0.020020
0.027344
0.017578
14.500000
0.002441
1.148148
0.157895
9.000000
0.007812
0.500000
0.006836
-0.010254
-0.000488
5.000000
0.016113
1.857143
0.861111
1.000000
1.733333
0.451613
2.000000
1.025641
0.041504
1.166667
-0.024414
0.018555
0.296296
-0.001465
0.964912
5.076923
6.000000
1.800000
0.026855
0.448980
-0.018066
-0.004883
0.014160
0.006836
-0.017578
-0.025879
3.588235
-0.009277
0.000000
0.440000
-0.018066
-0.012695
-0.010742
6.125000
2.750000
1.222222
0.003906
0.960000
4.500000
2.733333
0.529412
4.714286
0.882353
0.423077
-0.011719
16.000000
-0.012207
0.005859
0.126984
0.625000
0.589744
-0.006836
3.769231
-0.035645
3.400000
0.294118
0.002441
0.005859
1.676471
0.083333
0.002930
0.005371
1.931034
0.272727
-0.004395
2.578947
2.111111
0.411765
0.002930
0.023926
8.666667
-0.005371
5.875000
-0.011230
0.560000
0.021484
2.333333
8.250000
-0.008301
0.703704
-0.005859
0.007324
1.625000
0.006348
0.006348
-0.002441
5.142857
0.038086
-0.006836
0.169492
-0.012207
0.562500
-0.005371
9.666667
0.750000
-0.031250
0.007324
0.012695
0.001953
0.002441
-0.014160
4.625000
0.000488
0.891892
1.090909
1.625000
0.000000
0.645161
0.705882
0.692308
0.000977
-0.005859
0.008789
0.000977
0.026855
0.008789
-0.013184
2.846154
-0.004883
2.400000
1.750000
0.166667
0.571429
0.440000
0.408163
3.142857
1.054545
0.718750
2.000000
1.000000
-0.023438
0.000000
-0.001953
0.000977
1.733333
2.000000
-0.010742
0.655172
-0.024414
-0.006348
0.006836
0.500000
3.500000
-0.020020
0.411765
-0.036621
1.677419
0.862069
0.011230
0.006348
0.000000
2.230769
0.014160
-0.004395
0.287879
0.097656
-0.027832
0.794872
13.750000
0.062500
0.003906
1.444444
-0.029785
0.038574
1.179487
0.032258
1.350000
-0.018555
0.020996
-0.004395
0.625000
0.010254
0.018555
0.018555
3.818182
-0.029785
-0.018066
-0.044922
2.333333
2.357143
0.008301
0.400000
0.166667
-0.014648
0.695652
0.010254
0.034180
3.916667
21.000000
0.002930
0.240000
0.031250
5.111111
0.612903
4.500000
31.000000
-0.006348
0.029297
0.724138
1.421053
-0.002930
0.006836
-0.012695
0.222222
0.107143
0.090909
-0.005859
-0.028809
-0.011230
-0.010254
0.002441
0.333333
-0.028320
5.666667
0.000000
-0.013672
0.891892
1.125000
0.500000
0.005371
0.027832
0.093750
0.009766
2.571429
0.008789
3.047619
-0.000000
0.013672
-0.010254
0.006836
-0.040039
0.361702
-0.023926
-0.019531
-0.036621
-0.003418
-0.013672
0.004883
1.100000
0.005371
3.125000
9.750000
0.002930
0.764706
0.018555
0.008789
-0.034180
0.875000
0.935484
0.007812
-0.005371
0.611111
0.714286
0.000000
0.611111
0.015137
3.214286
-0.019531
-0.004883
0.245283
1.222222
3.000000
21.500000
2.375000
1.571429
-0.002441
0.010254
2.647059
0.002930
-0.001953
20.000000
-0.007812
0.846154
0.012695
0.002441
1.000000
1.125000
1.266667
0.013184
0.000977
1.428571
-0.027344
0.529412
0.666667
-0.005371
3.066667
1.230769
0.705882
-0.018555
0.281250
0.362319
-0.011230
0.390244
0.013672
-0.000977
1.888889
0.833333
-0.024414
-0.013672
0.025391
1.250000
0.333333
2.571429
0.011719
0.017578
0.818182
3.785714
1.818182
0.033691
1.416667
-0.008789
-0.019043
3.500000
3.500000
3.000000
-0.003906
0.230769
-0.014648
-0.015137
-0.020020
2.166667
1.666667
2.357143
2.750000
0.375000
-0.004395
0.142857
0.001953
1.555556
0.007812
0.038574
-0.006836
6.600000
1.000000
-0.008789
1.448276
0.000488
0.022949
-0.019531
0.020508
0.009766
0.003418
0.029297
-0.004883
1.777778
0.250000
2.400000
0.156250
0.909091
0.002930
0.015137
0.386364
-0.011230
-0.000000
0.010742
0.500000
1.285714
1.400000
0.638889
-0.013672
-0.001953
0.636364
0.250000
-0.034668
13.600000
0.424658
-0.023438
1.307692
0.012207
-0.004395
6.000000
-0.011719
-0.006348
3.903226
0.015625
0.279070
6.333333
-0.018066
0.421053
-0.017578
0.160000
5.500000
0.047852
0.370968
0.019531
0.010254
0.500000
0.375000
-0.008301
0.215686
0.565217
0.004883
0.016113
1.421053
1.250000
4.285714
2.153846
0.026855
2.157895
-0.015625
0.011719
1.625000
1.108108
-0.010254
0.000000
0.023926
0.014160
0.957447
4.437500
0.022461
-0.004883
0.278689
1.750000
6.200000
0.015625
0.370370
-0.006836
-0.014648
-0.010742
0.595745
0.012207
-0.016113
-0.017090
0.011719
0.547170
0.043478
1.391304
0.007324
-0.013184
-0.003906
10.000000
-0.000977
0.733333
0.019608
0.004395
0.002441
-0.026855
0.925926
-0.015137
