-0.062500
-0.099121
0.015625
-0.047852
-0.023438
0.077148
0.035645
0.024902
0.056152
0.075684
0.088379
-0.102051
-0.047852
-0.037598
0.035156
0.034180
-0.118652
0.076660
-0.076660
0.035645
0.064941
0.037598
0.104492
0.030762
0.050781
-0.019531
-0.035156
-0.048828
0.026367
-0.054688
-0.119629
0.088867
-0.029297
0.094238
0.077148
-0.110840
-0.143555
0.023438
0.038574
0.019043
-0.161133
-0.033203
0.045898
0.001953
-0.140625
0.026855
0.075684
0.136230
0.057129
-0.116211
-0.044434
-0.033691
-0.055664
-0.068848
-0.100098
-0.090820
0.041992
0.102539
0.041016
0.079102
0.014160
0.073730
0.104492
-0.111816
-0.045898
0.012207
0.026855
0.038086
0.015625
-0.169922
-0.025391
0.037598
0.002441
-0.044434
-0.142578
-0.043457
0.023438
0.066406
0.111328
-0.044434
-0.112305
-0.036133
0.011230
-0.016113
-0.039551
-0.001953
0.054199
-0.006348
0.018066
-0.094238
0.085938
0.191895
0.029785
-0.074707
-0.129395
0.012207
0.178223
-0.139648
-0.159180
-0.114258
-0.089844
-0.046387
-0.141113
-0.067871
-0.004395
-0.084473
-0.132812
0.024414
0.107910
0.062500
-0.138672
-0.120605
0.094238
0.032227
-0.089844
-0.116211
-0.002930
0.078613
0.146973
-0.178711
-0.181152
0.117188
0.030273
-0.089355
-0.147461
-0.069824
-0.050781
0.000000
0.056641
-0.027832
-0.054199
0.041016
-0.011719
-0.026367
-0.026367
-0.013184
-0.099609
0.058105
-0.071289
0.022461
-0.045898
0.046387
-0.058594
-0.136230
0.026367
0.115234
-0.056641
0.052246
-0.119141
-0.090332
0.038574
-0.038086
-0.106445
0.002930
0.040527
0.064453
-0.101562
-0.047852
-0.074707
-0.066895
0.037109
-0.049805
-0.130371
-0.000488
-0.116699
-0.104980
-0.003418
-0.032227
-0.115234
0.030273
-0.025391
0.015137
-0.124512
-0.038086
-0.123047
0.011230
-0.102539
0.046387
-0.028320
-0.094727
0.038574
0.095215
-0.079590
-0.166016
-0.031250
-0.045898
0.020020
0.038086
0.059082
-0.046387
0.029785
-0.007324
0.025879
0.073730
0.003418
0.092773
-0.019531
-0.049805
0.052734
-0.032715
-0.004395
-0.082520
-0.085938
-0.017578
0.051758
-0.086426
-0.044434
0.001465
-0.089355
0.046875
0.067871
0.011230
-0.052246
-0.071777
-0.030273
0.125488
0.181641
0.145020
0.144531
-0.069824
0.061035
0.132324
0.089355
-0.099121
-0.083008
-0.120605
-0.017090
-0.104980
0.024414
-0.024414
0.022461
-0.192871
-0.001465
0.084961
0.047363
0.001953
0.009277
-0.078125
-0.053223
0.059082
0.029785
0.083984
0.056152
0.042969
-0.022461
-0.162598
-0.205078
-0.130371
0.002441
-0.135742
-0.041016
0.000977
0.130859
-0.026367
-0.052734
0.052246
-0.079102
-0.154297
-0.135742
-0.005371
-0.051270
-0.134277
-0.137695
0.010742
0.143555
0.097656
0.054688
0.108887
0.136230
0.053711
0.080566
0.086914
-0.110352
-0.026855
-0.120117
0.083496
0.034668
-0.045898
-0.015625
0.063477
-0.035156
-0.020020
0.039062
-0.017090
0.054199
-0.108398
0.064453
0.074707
0.026855
0.117676
0.136230
0.131836
0.050293
0.077148
-0.089844
-0.047363
0.123047
0.097168
-0.035645
0.103516
-0.115234
-0.076660
-0.026367
0.043457
-0.065430
0.023926
-0.057129
0.016113
-0.125000
0.058105
-0.025879
-0.010254
-0.074219
0.046387
0.063965
-0.028320
-0.102051
0.032715
0.017578
0.011230
0.057129
0.016113
0.116699
-0.066406
0.102051
0.061523
0.068848
0.061035
-0.044922
-0.034668
0.018066
-0.105957
-0.095703
-0.129883
0.058105
0.083008
-0.059082
0.047852
0.065918
-0.020996
-0.081055
0.070801
0.020996
0.056641
0.081055
-0.051758
-0.017090
-0.163086
-0.099609
-0.026855
-0.116211
-0.050781
-0.097168
0.046387
-0.153320
0.009766
-0.074707
-0.151367
0.050293
-0.054199
-0.023438
0.136230
0.177246
0.117188
0.192871
0.124023
0.014160
0.100586
-0.049316
0.003418
-0.088379
-0.220703
-0.204590
-0.071777
-0.076172
0.045898
-0.000977
-0.060059
-0.080566
-0.131348
0.077637
-0.017090
0.057617
-0.099121
-0.006348
-0.014648
0.099609
0.088867
0.144531
0.062500
-0.024414
-0.010254
-0.178711
0.018555
0.016113
-0.231445
-0.068359
-0.198242
0.069824
-0.024414
-0.034668
0.016113
-0.010254
0.018066
-0.096191
0.011719
0.058105
-0.141113
-0.017578
-0.086426
-0.016602
0.014648
0.081543
0.126465
0.140137
0.109863
-0.021484
0.132324
0.029785
0.016113
-0.025879
-0.053223
-0.140625
-0.208008
0.009766
-0.033691
0.028809
-0.128906
0.023926
0.008301
-0.036621
-0.077148
-0.033203
-0.014648
-0.113770
0.093262
0.154297
0.160156
0.146484
0.180664
0.098145
0.003906
0.103027
-0.043945
-0.011719
-0.007324
-0.129883
-0.106445
-0.059570
-0.114746
-0.043457
0.087402
0.089355
-0.039551
-0.007812
-0.086914
-0.034180
0.070801
-0.048828
0.083984
0.037598
0.065918
-0.077148
0.028809
-0.107910
-0.008789
-0.070312
-0.028320
0.002441
-0.067383
0.132324
0.059082
0.020020
-0.039551
-0.065918
-0.101562
-0.081543
0.062012
-0.030273
0.005859
-0.018555
-0.051270
-0.029785
-0.044434
-0.082031
0.091797
0.060547
-0.067871
0.125488
-0.054688
-0.095215
-0.058105
-0.014160
-0.088379
0.038086
-0.117188
-0.011230
-0.104004
-0.105469
-0.071777
0.008789
0.027344
0.005859
0.022461
-0.051270
-0.053223
-0.067871
0.163086
0.129883
0.075684
0.084473
-0.027344
0.097168
0.181152
0.082031
-0.149414
-0.133789
-0.095215
0.069824
0.207520
-0.040039
-0.072754
-0.045898
-0.070801
-0.083008
-0.015625
-0.009277
0.085938
-0.031250
-0.016113
0.119629
0.012207
0.055176
0.151855
-0.013184
0.046387
-0.000977
-0.043945
0.221680
0.138672
-0.140137
-0.195801
-0.170410
0.017578
0.089355
-0.045410
-0.086426
-0.194336
-0.160645
-0.058105
-0.046387
0.048828
-0.023438
0.051758
0.089355
0.061035
-0.035645
-0.109863
-0.113281
0.112305
-0.011719
-0.034668
-0.017578
0.058594
0.053223
-0.051758
-0.095703
0.035645
0.057129
-0.084473
-0.115234
-0.143555
-0.056152
-0.105469
-0.073730
0.087891
-0.119141
-0.016113
-0.077148
0.021484
-0.047852
0.113281
-0.045898
0.057617
0.008789
0.062988
-0.069336
0.021973
0.046387
0.033691
-0.013184
-0.002930
-0.105469
0.020508
0.158691
0.028320
-0.058594
0.071777
-0.051758
-0.035156
-0.097656
-0.045898
0.039551
-0.093750
0.010742
-0.086914
-0.038574
0.000488
-0.073730
0.023926
0.040039
0.079102
-0.098145
0.034180
-0.046875
0.095215
0.000000
-0.062012
-0.042969
0.100098
-0.108398
0.009277
0.076172
0.073242
0.002930
0.076172
0.117676
-0.012207
-0.054688
-0.064453
0.058105
-0.015137
-0.056152
-0.031738
-0.006836
0.116699
0.036133
0.066406
-0.011719
0.077148
0.018555
-0.077148
-0.041992
-0.002441
-0.038574
-0.064453
0.013184
-0.081543
0.062988
-0.043945
0.071289
-0.013672
-0.014648
-0.083008
0.013672
-0.124023
-0.005859
-0.027832
0.073730
0.030273
0.018066
-0.073730
-0.023438
-0.019531
0.052246
-0.003906
0.019531
-0.002441
0.043945
0.049316
-0.080566
0.049805
0.110352
-0.119629
-0.073242
0.022461
0.061035
-0.070801
-0.032227
-0.080078
-0.074219
-0.127441
-0.070801
0.079102
0.103516
-0.029297
-0.003418
0.021973
0.006348
0.064941
-0.038574
0.065918
0.079102
-0.114258
-0.063965
-0.021484
0.056152
0.095215
-0.073242
-0.015137
0.069824
-0.026367
-0.118164
-0.134277
0.041992
0.019043
-0.123047
-0.044922
-0.042480
0.000977
-0.104492
-0.064941
-0.047363
-0.056152
0.077637
-0.011230
-0.064453
-0.046387
0.150391
-0.058105
-0.064453
-0.003906
-0.040039
0.085938
0.031250
0.021484
-0.129395
0.077637
-0.031738
0.062988
-0.016602
-0.119141
0.081543
-0.077637
-0.120605
0.011230
-0.041504
-0.079102
-0.092773
-0.070801
-0.003906
-0.067871
0.024902
-0.046875
-0.075684
0.038086
0.089355
0.097168
-0.099609
-0.034668
-0.048828
0.083496
0.001953
-0.112793
0.002441
0.104004
0.078125
-0.036133
-0.104004
0.012695
-0.045898
-0.005859
-0.014648
0.011719
0.072266
-0.021973
-0.073730
0.098145
-0.087891
-0.079590
0.000000
-0.103516
-0.062500
-0.032227
-0.079590
-0.069824
-0.070801
-0.026855
0.021973
0.098145
0.003418
-0.063477
0.053223
0.076660
0.058594
0.038086
-0.100098
0.091797
0.064453
0.018066
0.017090
0.125488
-0.091797
-0.093262
0.053223
-0.115234
0.046387
-0.113281
0.020996
0.106934
-0.048340
0.096680
-0.019043
-0.029785
-0.093262
-0.103516
-0.085449
-0.086426
0.077148
-0.086914
-0.115723
0.057129
0.104492
-0.072754
-0.159668
0.045410
0.011230
0.085938
0.002441
-0.116211
-0.086914
-0.039551
0.098633
0.067383
-0.001953
-0.041992
0.081543
0.073730
-0.024414
-0.020020
-0.065430
0.083008
-0.032227
0.022461
-0.063965
-0.045410
0.119141
0.013672
-0.137695
-0.172852
0.047363
0.091797
-0.097656
0.046387
-0.090820
-0.114746
0.016113
-0.024902
-0.086914
0.080566
-0.046875
-0.060547
0.041992
0.071777
-0.007324
-0.161133
0.009277
0.041992
-0.010742
-0.119141
-0.010254
0.101562
0.100586
0.018555
-0.060547
0.048340
-0.011230
0.070801
-0.112793
-0.147461
-0.005371
0.053223
-0.037109
0.075684
0.016602
-0.083984
-0.064453
-0.047852
0.027832
0.083008
-0.094238
-0.083008
0.057129
-0.038574
-0.017090
0.082031
0.085449
0.060547
0.032715
-0.134766
0.090820
-0.013672
-0.039551
0.031250
-0.074219
-0.062012
0.119629
0.027344
0.096191
-0.065918
-0.074707
-0.014160
0.008301
-0.029785
0.095215
0.024414
0.067871
0.080566
-0.009766
0.113770
-0.016113
0.113281
-0.031250
-0.062012
0.091797
0.009766
0.082520
-0.013672
0.048828
-0.048340
-0.021484
-0.025391
0.005371
-0.077637
-0.098145
-0.023926
0.065918
0.006836
0.029785
0.106445
-0.059082
-0.009277
0.046875
-0.043457
0.052734
-0.098633
-0.073242
-0.076172
-0.002441
0.041016
0.048340
0.103027
0.044434
-0.066406
-0.035645
0.044434
-0.028809
0.041016
0.047852
-0.025391
0.007812
0.030273
-0.066406
-0.101562
-0.030273
-0.116211
-0.109863
0.013672
0.071289
-0.070312
-0.026855
0.058594
-0.062988
0.092773
-0.103516
-0.054199
-0.027832
0.034180
-0.049805
0.028809
-0.067871
0.046875
0.009277
-0.034668
-0.020996
0.039062
-0.071289
-0.101562
-0.051270
-0.034668
0.055664
-0.041504
-0.027344
-0.001465
-0.000977
0.046387
0.041016
0.047852
-0.027832
0.003418
-0.001953
0.005859
0.007324
0.022949
0.004395
-0.013672
-0.058105
0.040527
-0.099609
0.086426
-0.032715
0.034180
-0.041504
0.089355
-0.068848
-0.012695
-0.010742
-0.029297
-0.092773
-0.080078
-0.061523
-0.008789
-0.084961
-0.007324
0.091309
-0.100098
-0.057617
-0.042969
0.113281
0.108398
0.070312
-0.105957
0.043945
-0.049805
0.059570
-0.086914
-0.070312
0.051758
0.038086
0.033203
-0.040039
-0.076660
-0.032227
-0.111328
0.080566
-0.119141
0.092773
-0.039062
-0.021973
0.017578
-0.035156
0.035645
0.100098
0.032715
0.010742
0.083496
0.009766
0.084473
0.079590
0.077637
0.087891
-0.055664
-0.067383
-0.091309
0.082520
0.002441
-0.039551
-0.066406
0.061035
0.036621
-0.054199
0.013672
-0.107910
-0.097168
0.056641
-0.111816
-0.142578
-0.007812
-0.047852
0.024902
-0.002930
0.064941
0.012207
0.045898
0.046387
0.039062
0.022461
0.043457
-0.073242
0.136230
0.018555
-0.049805
0.065430
0.044922
0.050293
-0.103027
0.003906
-0.060547
-0.126953
-0.076172
-0.000977
0.041992
0.043945
0.042480
-0.140625
0.023438
-0.095215
-0.106445
0.002930
-0.079590
-0.098145
-0.151855
0.004883
-0.096680
-0.104492
0.010254
-0.018066
-0.090820
-0.109863
-0.085449
-0.110840
0.084473
0.066406
-0.152344
-0.073730
0.042969
0.057129
0.091309
0.118652
0.066895
-0.007324
-0.024414
0.114258
0.154297
0.051758
0.019531
-0.125977
0.048828
-0.066895
0.027832
-0.111328
-0.111816
-0.087891
-0.073730
0.041016
0.000000
0.136719
0.058594
-0.151855
-0.176758
-0.099609
0.107422
-0.031738
0.046875
-0.022461
0.007812
0.072754
0.128906
-0.011719
0.016113
0.003906
-0.057129
-0.125488
0.060059
0.046387
-0.035645
0.085938
-0.052246
0.031738
-0.085938
-0.019043
0.022949
-0.046875
-0.134766
-0.145996
0.141602
0.124023
-0.041992
-0.145020
-0.004395
0.069824
0.042969
0.070312
-0.021973
0.041016
-0.002930
0.060059
-0.007324
0.049805
-0.078613
0.019043
0.047363
-0.037598
-0.123535
0.026367
0.059082
-0.005859
-0.119141
0.014160
-0.100098
0.068359
0.005371
0.088867
-0.048340
0.008301
0.046875
0.060547
0.077148
0.000000
-0.046875
-0.016113
0.050781
-0.023926
0.037109
0.099121
-0.009766
-0.018555
-0.042969
-0.044922
-0.007324
-0.006836
-0.083008
0.120605
-0.044922
0.099609
0.017578
0.115723
0.015625
-0.048828
-0.056152
0.077637
0.084961
0.104004
-0.098633
-0.063477
-0.111816
0.099609
-0.027832
-0.026367
-0.022949
-0.072266
0.085938
-0.062012
0.006348
-0.082031
0.100586
-0.000977
0.006348
-0.090820
-0.037598
0.064453
-0.004395
-0.124512
0.065918
0.058594
-0.028809
-0.082520
-0.084473
0.022461
0.156250
-0.019043
-0.015625
0.025879
-0.065918
0.156250
-0.067871
-0.067871
-0.102051
-0.029785
-0.093750
-0.046875
-0.104980
-0.110352
-0.052734
-0.008789
-0.057129
-0.020508
-0.155762
-0.110840
-0.068848
-0.033203
-0.053711
0.022949
-0.062988
0.004395
0.070801
-0.073242
0.081055
0.036133
0.042480
0.075684
0.082520
-0.094238
-0.138672
0.067383
-0.011230
-0.182129
-0.072754
-0.070801
0.079590
-0.077637
-0.017578
0.090332
0.034668
0.031738
-0.153320
0.061523
-0.005859
0.100098
-0.030273
0.012207
0.062988
0.017090
0.120117
0.063965
-0.020020
0.127441
-0.046875
0.093750
0.061523
0.089844
0.026855
-0.047363
-0.000488
-0.084473
-0.074219
0.035156
0.014648
-0.079102
-0.061035
0.055664
-0.140625
0.019043
-0.008789
0.194336
-0.016602
0.006348
-0.026367
0.070801
0.156250
-0.015625
0.041992
-0.112793
-0.041016
-0.061523
-0.059082
-0.079102
-0.119141
-0.004395
0.099121
-0.046387
-0.006836
-0.054199
-0.050781
-0.085449
-0.073242
-0.081543
-0.043945
0.102051
-0.023438
-0.102539
0.063965
-0.046387
0.096191
-0.003906
-0.022461
0.069336
0.027832
-0.028320
0.005859
-0.074219
-0.097168
0.081543
0.117676
-0.052734
-0.024414
0.080566
0.113770
0.086914
0.084961
0.058105
0.082520
-0.002930
0.082520
0.029785
0.058594
0.132324
-0.000977
0.044434
0.000000
0.091797
0.050293
0.066406
0.020508
-0.008301
0.059570
-0.126465
-0.118164
0.072754
0.057129
0.011230
0.072754
-0.076660
-0.108398
-0.015625
0.053223
-0.070801
-0.091797
-0.016113
-0.090332
-0.007324
-0.039551
-0.061523
-0.042969
0.017578
0.001465
-0.107422
0.028320
-0.097656
-0.079590
0.027344
-0.070312
0.026367
-0.020508
-0.029785
0.050781
-0.119629
0.022461
-0.107422
-0.026855
0.010742
0.006348
0.040039
-0.003906
0.041016
-0.055176
-0.035156
-0.075684
-0.039551
-0.064941
0.014160
0.029785
-0.017578
0.031250
-0.041504
0.039062
-0.063965
-0.058594
-0.089844
0.004395
-0.022949
0.073730
0.009277
0.069336
0.047363
-0.102051
-0.097656
-0.005371
-0.066406
0.049316
-0.030762
-0.041504
-0.041504
0.009766
0.075684
0.079590
0.071777
-0.066895
-0.106934
0.043945
0.001465
-0.118652
-0.066895
0.073242
0.001953
-0.102539
-0.030273
-0.066895
-0.000488
-0.107422
0.042480
-0.064453
-0.098145
0.059570
-0.018066
0.032227
0.054199
-0.083984
-0.016113
0.007324
0.003906
-0.107910
0.018066
0.088867
0.014648
0.018066
-0.015625
0.083984
0.068359
0.078125
-0.033203
-0.004883
-0.016113
-0.050781
0.062988
-0.050781
-0.059082
-0.064941
-0.054199
-0.032715
-0.003906
-0.002930
-0.026855
-0.020508
-0.029785
0.077148
0.013672
0.055176
0.060059
-0.104004
0.000977
0.003418
0.126953
0.002441
-0.030762
-0.061035
-0.025879
0.006348
-0.008301
0.050781
-0.060059
-0.022949
0.024902
0.110840
0.020508
-0.014160
-0.029785
0.121582
-0.001953
0.161621
0.035156
0.008301
0.048828
-0.104980
0.055664
0.000977
0.002441
-0.117676
-0.116211
0.018555
-0.020020
0.110352
0.055176
0.041504
0.006348
-0.111328
-0.034180
-0.102539
-0.014160
-0.007812
-0.077637
0.067383
0.085938
0.157715
-0.013672
-0.003418
-0.132812
0.016113
-0.048828
-0.079102
-0.048828
0.006348
-0.064453
-0.156738
-0.161621
0.130859
-0.077637
-0.147461
-0.089844
-0.023926
-0.064941
0.082520
0.054688
0.082520
0.066895
0.062500
-0.079102
-0.008789
0.114258
0.121094
-0.119141
-0.005371
0.004395
-0.077148
-0.088379
0.052734
-0.087402
-0.165527
-0.132324
-0.043945
0.000000
0.004395
-0.062988
0.002930
-0.048828
0.052734
0.127930
-0.065430
0.096191
-0.031738
0.051270
-0.072754
0.036133
0.102051
0.135742
-0.087891
0.090332
-0.013672
0.012695
0.137207
-0.059082
-0.036621
-0.010742
-0.092773
-0.083496
0.008301
-0.082031
0.032715
-0.011719
-0.060059
0.043457
0.009766
0.096680
0.056641
-0.016113
0.077637
0.096191
0.001465
0.083496
0.078125
-0.004883
-0.072266
-0.088867
0.090332
0.060547
-0.069336
-0.071777
-0.070312
-0.102539
-0.058105
-0.059570
-0.076172
-0.013672
-0.023926
0.076660
0.072754
-0.065918
-0.102051
0.015137
-0.080566
0.077637
-0.061035
-0.077148
-0.053711
-0.046387
-0.077148
0.020020
0.000977
-0.026367
-0.001465
0.047852
-0.033691
-0.051758
-0.078613
0.059082
-0.029297
-0.084961
-0.024414
-0.034180
-0.018555
0.045898
0.005371
0.025879
-0.002441
-0.013184
0.098633
-0.115234
-0.096191
-0.009766
0.042480
-0.077148
0.043457
-0.055176
-0.070801
0.020508
0.122559
-0.055664
-0.055664
-0.047852
0.075684
-0.000977
0.005371
0.000488
-0.068359
-0.062500
-0.013672
-0.002441
0.087891
0.021973
0.008789
-0.053223
-0.067871
0.041016
-0.058594
-0.034180
-0.044434
-0.013672
-0.083984
-0.011719
0.036133
-0.016113
0.032715
-0.069824
0.066895
0.031738
0.005859
-0.046387
-0.096191
0.010742
-0.045410
0.008789
0.060547
-0.028320
-0.038086
0.046875
-0.093262
0.122070
-0.062500
0.019531
0.079590
0.018066
0.028809
-0.015625
-0.008789
0.101562
0.042969
-0.090820
-0.065430
0.071289
0.032227
-0.027832
0.007812
0.057617
-0.050293
-0.014160
-0.060059
-0.049805
0.077637
-0.069824
0.115234
-0.028809
-0.109863
-0.051270
-0.066406
-0.104492
0.076660
0.033691
-0.075684
0.010742
-0.049805
0.093262
0.045410
-0.089844
0.082520
-0.046875
0.125000
-0.112305
0.002441
-0.059082
0.041504
0.012695
-0.097656
0.051758
0.049316
-0.042480
0.028809
0.057617
0.066406
0.074707
0.065430
0.016602
-0.072266
-0.072266
-0.040527
-0.048340
-0.083008
0.015137
0.078125
-0.040527
0.025879
0.065918
0.095703
-0.080078
-0.059570
-0.079102
-0.035156
0.047363
-0.118164
-0.024414
-0.083008
0.076172
-0.095703
-0.044922
-0.034180
0.093262
0.010742
0.047852
-0.072754
0.004883
0.016113
0.097168
-0.058105
0.071289
-0.151367
-0.033691
0.072754
0.002441
-0.038086
-0.004395
0.043457
0.048340
-0.042480
-0.090820
-0.100586
0.091309
-0.059082
-0.026855
0.008301
-0.060547
-0.080566
0.067383
-0.081543
0.082031
0.078125
-0.030273
0.087402
-0.107422
-0.101562
0.124023
0.052246
-0.008789
-0.042480
-0.013672
0.125000
0.056152
0.010742
-0.118164
0.000488
0.153320
0.045898
0.003418
0.106445
0.129395
0.060059
0.062012
-0.118652
0.108398
0.104980
-0.065430
-0.040527
-0.104004
-0.030273
0.039062
-0.116211
0.016113
-0.117676
0.054688
0.009766
-0.077637
0.016113
0.035156
-0.007812
-0.052734
0.014160
-0.121094
-0.005859
-0.027832
0.001953
-0.070801
-0.087402
-0.051270
0.134766
0.027832
-0.032227
-0.150879
-0.158691
0.085938
0.193848
-0.023926
-0.072754
-0.092773
0.155762
0.008301
-0.004395
-0.174805
-0.096680
0.172363
0.144043
-0.090332
-0.135254
-0.017090
0.014648
-0.126953
0.015137
0.027344
-0.071289
0.054199
0.016602
0.053711
-0.045898
0.032715
-0.105469
-0.153320
0.013184
0.081055
0.043457
-0.125000
0.003418
0.174316
0.097656
-0.062988
-0.112793
-0.054688
0.145020
-0.088379
-0.035645
-0.050293
0.063965
-0.111816
-0.015137
-0.044434
0.050781
0.038086
0.043945
0.011719
-0.008301
0.113281
0.007812
-0.057129
-0.045898
-0.088379
-0.089355
-0.019043
-0.078613
-0.024414
0.039551
0.020508
0.001953
-0.143066
0.006836
-0.025879
-0.027832
-0.083008
-0.045410
0.024414
-0.060059
-0.009277
-0.113770
-0.055176
-0.090332
0.017090
-0.035156
0.044434
-0.069336
-0.053711
0.020996
0.052734
-0.011719
-0.110352
-0.045410
-0.073730
0.074219
-0.087402
0.024902
-0.026855
-0.000488
-0.080566
0.053223
-0.114258
-0.092773
-0.054199
-0.101074
0.128418
-0.036621
0.022949
0.017578
0.007812
0.048340
-0.124512
0.043457
-0.068848
0.008789
0.078613
0.029297
0.017090
0.032227
-0.064941
0.086914
0.062988
0.007812
0.126465
0.010742
-0.090820
-0.092773
-0.041992
0.095703
-0.052734
-0.071777
0.004883
0.021484
0.022949
0.040527
-0.054199
-0.006836
-0.082031
0.013672
-0.037109
0.140625
0.040039
-0.101562
-0.047852
-0.057617
0.169434
0.101074
0.083008
0.106445
-0.020508
-0.103027
0.011719
-0.009766
0.095703
0.000977
-0.126465
-0.107422
-0.115723
-0.058105
0.027832
-0.078613
0.032715
-0.151367
0.061523
-0.015625
0.020508
-0.076172
0.082031
0.025391
0.038086
0.013184
-0.015625
-0.019531
-0.044434
0.055176
0.038574
-0.055664
-0.018066
0.055176
0.041016
0.044434
0.003418
0.056641
-0.097656
-0.068359
0.010254
-0.081055
0.002441
-0.036621
0.008301
0.043945
-0.155273
-0.057617
0.048340
-0.030273
0.094727
-0.062500
-0.040039
-0.049805
-0.003906
0.071777
0.012207
0.040039
0.062988
-0.102051
-0.109375
-0.040527
-0.014648
-0.041016
-0.067383
-0.131836
0.060059
0.030273
0.086426
0.101562
0.041016
-0.036621
0.059570
0.031738
-0.008301
0.097656
0.042480
0.003906
-0.068359
0.019043
-0.041992
-0.018555
0.018555
-0.056152
0.045410
0.073242
0.050781
0.032227
0.013184
-0.076660
-0.027832
0.012207
-0.066895
-0.094727
-0.031738
-0.020020
-0.071777
-0.112305
-0.075684
-0.055176
-0.072266
-0.015625
0.111328
-0.080078
-0.013184
-0.075684
-0.032227
0.033691
0.033203
0.058105
-0.119141
0.057129
0.032227
0.082031
0.017090
-0.006348
-0.098145
-0.068359
0.065918
0.062012
-0.005371
0.051758
-0.057617
-0.088379
-0.080078
-0.002930
-0.013184
0.074219
-0.031738
0.051758
0.074219
-0.010254
0.120605
0.022949
-0.019043
-0.118652
0.183105
0.079590
0.096191
0.026855
-0.053711
0.124023
0.026855
-0.082031
-0.008301
-0.081543
0.034668
-0.013672
-0.093750
-0.095703
0.008301
-0.043945
0.019531
0.084473
-0.023926
0.034180
0.149902
0.056641
0.054199
-0.106934
-0.085938
0.020996
0.110352
0.114258
-0.087402
0.048340
0.071289
0.157715
-0.083984
-0.084961
-0.016602
0.008301
-0.046875
0.020508
0.115723
0.105469
-0.056641
-0.050781
-0.046875
-0.062500
0.027832
-0.025391
-0.022461
-0.022461
-0.084961
0.017578
-0.061035
-0.115234
-0.012207
0.010254
-0.043945
0.051270
-0.064453
0.122559
-0.040039
-0.097168
-0.121582
-0.039551
0.000488
-0.097168
-0.041016
0.013672
-0.041504
-0.030762
-0.071289
-0.034668
0.060547
-0.091309
-0.053223
0.092773
-0.016113
0.151367
-0.107910
0.001953
0.041504
0.016602
0.090820
-0.050293
-0.003418
-0.120605
-0.097168
0.000000
0.106445
-0.029297
-0.050293
0.044434
-0.096680
-0.010254
0.008301
-0.053711
0.015137
0.083984
-0.047363
0.127930
-0.119141
0.058105
-0.047852
-0.047363
0.058594
-0.005371
-0.009277
0.081055
0.038086
0.049805
-0.031250
0.004395
-0.052246
0.021484
0.028320
0.005859
-0.095215
-0.010254
0.047363
-0.017090
-0.059082
-0.087891
0.026855
-0.005371
-0.087891
-0.092773
0.074707
0.057129
0.041016
-0.071289
-0.074707
0.056641
-0.025879
0.070312
0.048828
-0.003418
0.007812
-0.127930
-0.083008
-0.015625
0.034668
-0.006836
-0.032227
-0.022461
0.010254
0.120605
0.036621
0.020508
0.072266
-0.034668
0.076660
-0.097656
-0.050781
-0.033203
-0.023438
-0.128418
0.036621
-0.095703
0.045410
-0.092773
0.041504
-0.035645
0.062012
0.014648
-0.055664
0.058594
-0.031738
-0.066895
-0.016602
0.039062
0.003418
0.095215
0.029785
-0.052246
0.049805
-0.072754
-0.114258
-0.139160
-0.065918
-0.135254
0.002441
-0.172363
0.013672
0.125000
0.047363
-0.149414
-0.060547
0.002441
0.117188
-0.091797
0.044434
-0.057129
0.017090
0.078125
-0.093750
-0.045410
0.158203
0.094727
0.087891
-0.090820
0.010254
-0.008789
0.009277
-0.096191
-0.041016
0.076172
0.009277
-0.151367
-0.080078
0.054199
-0.032715
-0.122070
0.025879
-0.007324
-0.048828
-0.063477
-0.014648
-0.015137
0.032227
-0.083984
0.047363
-0.037598
0.065430
0.009766
0.060547
-0.018555
-0.056641
0.000000
-0.101562
-0.072266
0.074707
-0.055664
-0.080078
0.061523
0.094238
-0.064941
0.038574
0.053711
0.057129
0.064453
-0.026855
-0.060547
-0.003418
0.060547
