0.487179
0.007812
1.347826
0.011230
0.006836
-0.007812
0.019043
0.001953
0.072727
-0.000977
1.700000
1.500000
0.448276
0.004883
0.008301
0.867925
-0.040039
-0.010742
-0.019531
-0.008789
0.006348
0.657895
0.029785
0.283019
-0.005371
0.033691
1.317073
5.333333
0.005859
0.022461
0.388889
0.346939
0.428571
0.956522
1.896552
0.105263
0.891892
1.071429
0.151515
0.033333
0.008301
0.031250
-0.041992
1.032258
2.461538
0.906250
1.192308
0.044118
-0.017090
3.000000
0.009277
20.333333
0.281250
0.087891
0.039062
-0.025879
0.004883
-0.021973
0.687500
1.100000
0.001465
0.133333
-0.000488
-0.005859
-0.029297
1.708333
4.500000
-0.011230
2.533333
2.153846
-0.015137
-0.015625
0.410714
0.005371
-0.005859
0.011719
0.013184
0.008301
1.000000
0.842105
0.012695
6.000000
1.040816
0.018066
-0.025391
-0.020020
-0.000977
-0.003906
-0.005859
19.000000
0.023438
0.010742
0.604651
-0.010742
-0.011230
0.030273
0.400000
0.014648
0.010254
0.020996
-0.021484
0.604167
-0.017090
2.733333
-0.010742
-0.005859
0.250000
4.000000
0.700000
-0.000977
0.013672
-0.024902
1.130435
-0.015625
-0.001953
-0.011719
0.083333
0.470588
0.019043
0.578947
