-0.187012
0.191895
-0.148926
0.101074
-0.053711
-0.141602
-0.268066
0.113281
-0.257812
-0.222168
0.124512
0.149414
0.016113
-0.162109
0.080078
0.312500
-0.147461
-0.179199
-0.134766
0.148926
0.139160
-0.097168
0.138184
-0.249023
0.139160
0.166016
-0.145996
0.111816
0.007812
0.073242
-0.178223
0.195312
-0.109863
0.062988
-0.162109
0.056152
-0.038086
0.116211
-0.095703
0.051758
-0.007324
0.158203
0.188965
0.081543
-0.136230
-0.017578
-0.180664
-0.108887
-0.146484
-0.115723
-0.070801
-0.023438
-0.023438
0.188965
-0.193359
-0.041016
0.013184
0.131836
0.147949
0.131348
-0.097656
-0.158691
-0.175293
0.120605
-0.094238
0.123535
0.075684
-0.100098
-0.196289
0.211426
0.141113
-0.078125
-0.024414
0.053223
-0.099609
0.207031
0.193848
-0.011719
-0.071777
-0.021973
0.147949
0.132324
0.167969
-0.101074
-0.160645
0.074219
-0.158691
-0.054688
-0.027832
0.061523
0.125488
0.178223
0.111328
0.185059
0.147461
-0.045898
-0.175293
-0.139648
-0.151855
-0.058594
-0.045898
-0.172363
0.146484
-0.032227
0.106934
-0.134277
-0.120117
0.163574
0.041992
-0.159180
0.000488
0.182617
0.166504
0.061035
-0.042969
-0.032715
0.161621
-0.230469
0.149414
-0.158691
0.110840
-0.180176
-0.240234
0.031250
0.229004
-0.186523
0.145020
0.036621
-0.181641
0.208984
-0.045410
-0.058594
0.114258
-0.041992
0.171875
-0.190430
-0.062988
0.058105
-0.023438
-0.130371
-0.201660
-0.153809
0.167480
-0.133301
0.262207
-0.187012
-0.009766
-0.029297
-0.037598
0.167969
0.102051
-0.021973
-0.095703
0.169434
0.191406
-0.099609
-0.075684
0.087891
-0.147949
-0.015625
0.235840
-0.129395
0.152344
-0.026367
-0.191406
0.064453
0.040039
-0.128906
-0.166016
-0.132324
-0.112305
-0.050781
0.192871
-0.161621
0.094727
-0.203613
-0.196777
0.159180
0.083008
-0.190918
-0.093262
-0.132812
-0.218750
-0.131836
0.047852
0.069824
0.204102
0.152832
0.148926
0.091797
-0.159668
0.102539
-0.235840
0.039062
0.034180
-0.110840
-0.090820
-0.121094
0.092285
0.101562
0.020508
-0.064453
-0.093262
-0.006348
-0.198730
-0.092773
0.046875
-0.041504
-0.160645
0.199219
0.120605
0.142578
-0.098633
0.159180
-0.068359
0.221191
-0.114746
0.155762
0.175781
-0.099609
-0.192383
0.206543
0.176758
-0.005859
-0.080566
0.068359
-0.171875
0.093262
-0.106934
0.144043
0.033691
0.059082
-0.076660
0.144043
-0.109863
0.067871
-0.001465
-0.108398
0.216309
0.002930
0.229004
-0.126953
-0.146484
-0.065918
0.086426
0.220215
0.177734
-0.065918
0.145020
0.114258
0.114258
0.226074
0.086914
-0.064453
0.133789
0.052246
0.287598
0.065918
-0.214355
0.243652
0.129883
-0.050781
0.324707
-0.176758
-0.135254
0.090820
-0.179199
-0.042969
0.119141
0.057129
-0.074219
-0.124512
-0.161133
-0.168945
-0.189941
-0.146973
-0.107422
-0.084473
0.228516
0.058594
-0.029785
-0.069824
-0.073730
0.160156
-0.111328
0.123047
-0.031738
0.205078
0.165527
-0.207520
-0.125000
-0.063477
-0.054688
-0.203125
0.164062
0.215332
0.123047
-0.141602
-0.194336
-0.033203
0.176758
-0.044434
-0.220703
-0.113281
-0.043945
0.063477
0.062500
-0.174805
-0.247070
-0.025391
-0.022461
0.162109
-0.137695
-0.085938
-0.070312
0.066406
0.112305
-0.184082
0.087891
-0.103516
0.202637
-0.141113
-0.133789
0.145508
-0.020020
-0.035645
-0.214844
-0.182617
0.054688
-0.028809
0.151855
0.062500
-0.045410
0.130371
0.079590
-0.145020
-0.185059
0.133301
-0.063965
0.070801
0.107910
0.138672
-0.117188
-0.003418
-0.082520
0.130859
0.163086
-0.216309
-0.212402
-0.174805
-0.017578
-0.090332
-0.098145
-0.145020
0.072754
-0.025879
0.021484
-0.195312
-0.044434
0.041992
-0.110352
-0.053223
-0.032227
0.217285
-0.145020
-0.151367
0.188477
-0.059082
0.111816
0.228027
-0.122559
0.110352
-0.187988
-0.119141
-0.228516
-0.135742
0.038086
-0.208496
0.005371
-0.121094
-0.153320
-0.134766
-0.038574
-0.218750
-0.027344
-0.201172
-0.038086
0.112305
0.158691
0.244629
-0.103516
0.207031
-0.054199
-0.206543
-0.085449
0.127441
-0.040039
0.044922
-0.005859
-0.199219
0.172363
0.087402
0.090820
-0.187988
0.135254
-0.184082
-0.117188
-0.020508
0.200684
0.047363
-0.225586
0.171387
0.196777
-0.089844
0.009277
-0.188477
-0.191895
0.189453
-0.158203
-0.163086
-0.057617
-0.224609
0.095703
-0.231445
0.270020
-0.075684
0.217285
-0.163574
0.059082
0.068848
0.169434
-0.119629
-0.058594
0.106445
-0.023926
-0.219727
-0.043945
-0.021973
-0.019531
-0.049805
-0.040527
0.150391
0.050293
0.134766
0.028809
0.032227
-0.121094
0.110840
-0.056152
0.068359
0.067383
-0.152344
0.083984
-0.088379
-0.112793
0.194336
-0.028809
0.028320
-0.206055
-0.093750
0.048828
0.037109
0.049805
0.061523
0.135742
0.212891
0.034668
-0.079590
-0.147949
0.179199
0.164551
-0.117188
-0.020020
-0.175781
0.208984
-0.219727
-0.121582
0.023438
0.057129
0.088867
0.156250
0.215332
-0.057617
-0.030273
0.056641
0.231934
0.122559
0.015625
0.027344
0.068359
-0.181641
0.111816
-0.016602
-0.097656
-0.166992
-0.229492
-0.130371
0.052246
0.032227
-0.067383
-0.169922
-0.222168
-0.201172
0.192871
-0.021484
-0.093262
0.227539
0.038574
0.050781
0.041016
0.136230
0.043945
-0.066895
0.219727
-0.087402
0.005371
-0.041016
0.144531
-0.140137
-0.207031
0.107422
0.309570
-0.215332
-0.170410
-0.166016
0.081055
0.191895
0.142578
0.047852
-0.090332
0.022461
-0.206055
-0.090820
-0.040527
-0.183594
-0.119141
-0.080566
0.046875
0.114746
0.225098
-0.084961
0.210938
-0.062012
0.175781
-0.311035
0.165527
0.149414
0.136719
0.023926
0.072754
0.181152
0.023926
-0.143066
-0.238770
-0.107910
-0.111328
0.078125
0.074707
-0.133789
-0.030762
-0.252930
-0.039551
-0.061523
0.136230
0.177246
0.191406
0.058105
0.121094
-0.062500
0.167480
0.104492
0.129395
-0.281250
-0.038086
-0.094238
0.134277
-0.169434
-0.003906
0.208008
-0.123047
0.086426
0.045410
-0.103516
-0.104004
-0.109863
-0.113281
0.222656
0.168457
0.057617
0.002441
0.158691
-0.164062
-0.040039
-0.115234
-0.164551
-0.229492
0.179199
0.163086
0.159180
0.068848
0.046875
-0.132812
0.111328
-0.200195
-0.231445
-0.066406
-0.133301
-0.073730
-0.041992
0.115234
-0.149902
0.146484
0.213867
0.216309
-0.225098
-0.124512
0.089844
0.036133
-0.195801
-0.154785
0.051758
0.135742
-0.072266
0.057617
-0.120605
0.041992
-0.181641
0.206055
0.079102
0.183594
-0.117676
0.149414
-0.126465
0.119141
-0.111816
0.289062
-0.003418
-0.030273
-0.133301
-0.008301
-0.071289
-0.173340
-0.070312
0.084473
-0.077148
0.203125
0.195801
-0.094727
-0.146484
-0.079590
0.005859
-0.059570
0.081543
-0.100098
-0.123535
-0.209473
-0.006836
0.191406
0.094238
0.168945
-0.110840
0.178711
0.209473
0.091797
0.232910
-0.114258
0.050293
-0.122070
0.053711
-0.160156
0.200195
0.115234
0.166504
0.026855
0.204590
0.158691
0.041992
-0.097656
0.077637
-0.166504
-0.213867
0.142090
-0.083496
-0.026367
0.024902
0.179199
-0.208008
-0.185547
-0.205078
0.011230
-0.088379
0.007324
0.247559
-0.087402
-0.190918
-0.012695
0.048828
-0.084961
0.098145
-0.012695
-0.177246
0.105957
-0.105957
0.105957
-0.064941
-0.079590
-0.179199
0.198242
0.125977
-0.185547
0.009766
0.141602
0.116211
0.024414
-0.022949
0.066895
-0.172852
0.136230
0.094238
-0.072754
-0.099121
-0.228027
-0.068359
-0.097656
0.098633
0.093262
0.186035
0.316895
0.183105
-0.279297
-0.021973
-0.062012
0.289062
0.077148
-0.063477
0.010742
0.096191
0.072754
-0.095215
-0.153320
-0.082031
0.029785
-0.209961
0.124512
-0.016113
0.208984
-0.201660
0.010742
-0.047852
0.003906
0.073730
-0.124512
-0.035645
0.020996
0.030762
0.034180
-0.197754
-0.009277
0.010742
-0.005859
0.195312
-0.228516
0.008301
0.092285
-0.145508
-0.102539
-0.123047
-0.168457
0.112305
0.182617
0.001465
0.164062
-0.040527
0.105469
0.160156
0.122070
0.034668
0.224609
-0.099609
0.034668
0.195312
-0.128418
-0.091309
-0.002441
-0.286133
-0.035645
0.169922
0.025879
-0.158203
0.001465
0.054199
-0.092773
-0.088867
0.097656
0.152344
-0.103027
0.128906
-0.136719
-0.187988
0.120117
0.225586
-0.103516
-0.121094
0.160645
0.204590
0.037598
-0.090820
0.245117
-0.006348
0.136719
-0.121094
0.128418
0.192871
-0.007324
-0.129395
-0.083008
0.095703
0.010742
0.161133
0.019531
0.126953
-0.201172
0.098633
0.206543
-0.054199
0.158203
0.137207
0.020020
0.067871
0.056641
0.116699
0.189453
0.020020
-0.010742
-0.241211
-0.154297
-0.063965
-0.017578
0.246582
0.070801
-0.007324
0.030762
0.161133
0.153320
0.108887
-0.145508
0.093750
0.122070
-0.015137
0.107422
-0.075684
0.004395
-0.000977
-0.156738
0.144531
0.143555
-0.142578
0.045410
0.254395
0.269531
-0.008789
-0.131348
-0.116699
0.160645
0.144531
0.128418
-0.026855
0.189941
-0.178711
-0.023438
-0.164551
0.064453
0.204590
-0.090332
-0.131348
0.060547
-0.064941
0.033691
-0.032715
0.068359
-0.031738
-0.135742
-0.081543
0.033203
-0.199219
-0.110840
-0.113281
-0.139648
0.125000
0.090332
0.018555
-0.071777
0.101562
-0.239258
-0.167480
0.277344
-0.263184
0.158691
0.117676
0.018066
-0.126953
0.217773
0.249023
-0.147949
0.243652
-0.004883
-0.228516
-0.213379
0.158203
0.163574
0.183594
-0.171387
-0.186035
-0.097656
-0.163574
0.006836
0.003906
-0.134766
0.117676
-0.187012
-0.155762
-0.201172
0.003906
-0.060059
-0.196777
0.010742
-0.212891
-0.083984
-0.169922
0.151855
-0.010742
0.057617
-0.293945
0.066895
0.178711
-0.055176
-0.145508
0.188477
-0.118164
-0.188477
0.017578
0.051270
0.131348
-0.144043
-0.133301
-0.195312
-0.092773
0.120605
0.155273
0.131836
-0.088379
-0.194824
0.058594
-0.039551
-0.259277
-0.087402
0.149902
-0.003906
-0.034668
-0.159668
0.021973
-0.132324
0.042480
-0.228027
0.162598
-0.227051
-0.230957
-0.130859
-0.160645
-0.142090
0.173340
-0.043457
-0.035156
-0.205566
0.016602
-0.208984
-0.069824
-0.165527
0.009277
0.140137
0.052734
-0.165527
0.037109
0.163086
0.248047
0.059082
0.131836
-0.016113
0.093262
-0.214844
-0.135254
-0.076172
0.010254
-0.062988
0.124023
-0.176270
-0.138672
0.189453
0.175781
0.116211
0.121094
-0.204590
0.140137
0.020996
-0.142578
0.046875
0.059570
-0.036621
0.199707
-0.165039
-0.156738
0.106445
-0.163086
-0.022949
-0.197266
-0.130371
0.026855
0.027832
0.108398
0.129395
0.020508
-0.156738
0.222656
0.163574
0.216309
0.004883
-0.063965
0.088867
-0.116211
0.149414
0.075684
0.147949
-0.124023
-0.189941
0.028320
0.140137
0.037109
0.170898
-0.187012
0.161621
0.173340
0.146973
-0.152832
0.148438
0.238281
-0.141602
0.030762
-0.181641
0.187500
0.212402
0.081055
-0.046387
-0.131836
-0.093750
0.157715
-0.100586
0.092773
0.194336
0.155273
0.067871
-0.192871
-0.114746
0.071777
-0.195312
0.151367
-0.061035
0.192871
-0.144043
0.015625
-0.163086
0.025391
-0.012695
-0.174316
-0.167480
0.200684
0.184082
0.121094
0.066406
0.085449
0.166992
0.176270
-0.001465
-0.147461
-0.196289
0.100586
-0.083008
0.055664
0.099609
0.211426
0.060059
0.033691
0.123535
0.115234
-0.159180
0.004395
-0.131836
-0.257812
0.115234
-0.144531
0.098145
-0.126465
-0.000977
-0.027832
0.252441
-0.162598
0.090820
0.149902
0.161133
-0.029297
-0.082031
-0.125000
-0.119629
0.163574
-0.156250
-0.123047
0.090820
-0.213867
-0.077637
0.149902
-0.179199
0.202637
0.156250
-0.127441
-0.063477
-0.205078
-0.043945
0.123047
0.079102
-0.164062
0.103027
0.056641
-0.065918
-0.191895
-0.170410
0.094238
0.039062
-0.218750
-0.052246
-0.033691
-0.214355
-0.068359
0.287598
0.293945
-0.010742
-0.045410
0.084473
-0.016113
-0.168945
0.220703
-0.041992
0.234375
-0.187500
-0.001465
-0.044434
0.208984
0.159180
0.197754
0.232910
0.183594
0.184082
-0.255371
0.020508
-0.002441
-0.019531
-0.290039
0.214355
-0.168945
0.001465
0.106934
0.063965
0.175781
-0.122559
-0.087891
0.038086
-0.156250
0.165527
-0.104004
0.098145
-0.122070
-0.133301
0.191895
0.110840
-0.066895
-0.096191
0.196289
0.185547
0.117676
0.104980
0.040039
-0.182617
-0.220215
-0.191406
0.119629
-0.175293
0.011719
-0.155762
-0.039551
-0.119629
-0.060547
0.199707
