0.000000
0.020508
0.189873
0.242424
0.209302
0.564516
0.566038
16.000000
0.036145
-0.023438
0.229167
0.031250
0.047619
0.519231
-0.024414
0.735849
-0.002930
0.483333
-0.005859
0.833333
0.375000
0.023438
0.010742
-0.017578
0.213115
0.010742
0.014648
-0.016602
0.567164
-0.038086
-0.030273
0.470588
-0.000000
0.011719
0.138889
0.114583
0.019531
0.483871
-0.070312
2.833333
1.857143
-0.014648
0.024414
0.785714
0.538462
0.113636
0.392157
0.600000
1.277778
0.694444
-0.003906
0.008789
-0.024414
1.000000
0.447761
0.492537
0.500000
-0.044922
-0.006836
-0.007812
1.692308
0.967742
1.000000
0.035088
1.266667
0.500000
0.001953
-0.004883
0.005859
0.526316
0.896552
0.361111
0.000000
-0.009766
0.694444
0.089286
0.003906
0.011364
0.017578
0.684211
0.350000
1.384615
0.333333
0.350515
-0.004883
0.147541
0.153846
0.008789
-0.048828
0.000000
0.008789
0.105263
-0.018555
0.127273
0.003906
-0.013672
0.417910
0.032227
-0.016602
0.222222
0.512821
2.230769
0.019531
1.636364
0.295455
0.442308
0.000000
0.411765
-0.014648
0.010742
0.777778
-0.007812
0.000000
0.776119
-0.002930
0.214286
0.007812
0.482759
-0.027344
0.454545
0.004883
0.142857
0.627451
0.183099
-0.014648
0.021484
0.571429
0.032227
0.260870
-0.001953
0.250000
0.620690
-0.051758
0.028986
0.454545
0.404255
-0.062500
-0.004883
0.025391
-0.016602
0.358974
0.012695
-0.004883
0.631579
-0.031250
0.342466
-0.025391
0.304348
-0.027344
-0.009766
1.125000
0.732143
-0.040039
0.883721
0.081081
3.700000
0.000000
-0.019531
0.037109
-0.023438
0.005859
0.581395
-0.053711
0.016129
2.333333
0.492063
0.043478
0.132075
0.730769
0.333333
0.023438
0.030273
0.916667
-0.050781
0.006836
-0.020508
0.035156
0.029297
-0.053711
19.000000
-0.028320
0.521739
0.000977
0.019531
11.333333
0.210526
0.564103
-0.022461
-0.031250
0.005859
0.397260
-0.006836
5.000000
-0.010742
0.278351
0.006836
0.033708
0.113208
-0.013672
0.604167
-0.024414
0.348837
0.047852
-0.002930
-0.024414
0.314815
0.003906
-0.003906
-0.007812
0.040039
0.138462
-0.012695
-0.013672
0.001953
-0.038086
0.312500
0.764706
0.104167
0.092593
0.000000
0.083333
0.254902
0.222222
0.121951
0.219512
0.333333
0.200000
0.025391
1.863636
0.011719
0.047852
0.250000
0.022461
-0.015625
-0.004883
0.535714
-0.011719
0.840000
0.218750
0.003906
0.019531
0.022461
-0.011719
-0.010742
0.140625
0.074074
0.012695
0.235294
0.229167
0.013672
0.039474
0.109756
-0.074219
-0.002930
0.018555
0.750000
0.045898
-0.022461
0.007812
-0.016602
0.041016
0.038086
-0.002930
0.000000
0.023438
-0.003906
0.016602
-0.018555
0.021484
-0.028320
-0.024414
-0.007812
-0.002930
0.440000
0.089286
0.006836
0.318182
0.217391
0.965517
0.928571
0.139535
0.164384
0.250000
-0.016602
-0.001953
0.392157
0.035714
1.000000
0.036133
-0.004883
-0.024414
-0.032227
0.095238
0.004883
-0.022461
0.388889
0.173077
-0.014648
0.009766
-0.036133
-0.017578
0.045898
0.083333
0.051282
0.102941
0.000000
0.008789
-0.005859
0.034483
0.400000
1.250000
0.000000
0.065430
1.205882
6.000000
0.372549
0.034180
-0.018555
1.470588
-0.027344
0.027344
0.342105
0.006836
0.382979
-0.041992
-0.009766
-0.016602
-0.006836
0.011719
0.035714
0.037736
0.757576
-0.014648
0.057971
0.767442
0.400000
0.031250
0.166667
5.333333
-0.011719
0.009766
-0.002930
0.004883
1.000000
0.631579
0.139535
-0.004883
0.555556
0.000000
1.933333
0.163636
1.037037
-0.019531
-0.005859
-0.005859
-0.003906
0.000977
0.000977
4.666667
0.023256
-0.002930
0.086957
0.023438
0.228814
0.062500
0.015625
0.500000
0.013672
-0.002930
1.380952
0.965517
0.515152
0.001953
0.003906
4.375000
-0.017578
0.019531
-0.003906
0.140625
-0.026367
-0.033203
0.034180
-0.026367
1.611111
0.046875
0.004883
-0.003906
-0.008789
0.511628
0.133333
0.750000
0.029297
0.294118
4.333333
0.021484
0.007812
0.032227
0.485714
0.047852
0.785714
-0.019531
0.120879
1.217391
0.488889
0.058824
-0.041992
2.000000
0.023438
0.014648
-0.009766
0.006836
0.076923
0.272727
0.696970
0.008789
0.026367
0.016602
0.500000
0.454545
-0.028320
0.161905
0.022461
0.028320
0.792453
-0.020508
0.073171
3.470588
0.229730
0.095238
0.625000
0.582090
0.017578
-0.010742
0.018555
9.333333
7.285714
-0.018555
-0.009766
-0.022461
-0.023438
-0.005859
2.181818
1.000000
1.629630
0.437500
0.005859
-0.022461
0.073529
0.007812
-0.018555
-0.010742
0.857143
0.004883
0.000977
0.059570
0.006836
0.166667
0.076923
-0.026367
0.022461
0.869565
0.372093
0.041016
0.023438
0.024414
-0.027344
0.012695
2.230769
0.565217
0.000000
0.009766
-0.005859
1.038462
-0.015625
0.554054
1.640000
0.000977
0.011719
0.166667
0.833333
0.000000
-0.000977
0.013672
0.022461
2.642857
0.444444
0.019608
0.423077
0.277778
-0.015625
-0.029297
0.010742
0.015625
-0.020508
-0.019531
0.410714
0.466667
0.500000
0.200000
0.065934
0.468750
0.200000
0.062500
0.068493
0.428571
0.482353
0.116883
-0.021484
0.365079
0.187500
1.250000
0.681818
0.008789
0.232877
0.647059
0.918919
-0.007812
0.014648
0.017578
-0.013672
-0.000977
0.011719
0.233333
0.000977
-0.038086
0.156250
0.615385
0.363636
0.298507
0.306122
0.937500
0.448276
0.394737
0.660000
0.611111
0.142857
0.048780
-0.035156
11.000000
0.000000
0.355556
2.400000
-0.005859
0.136364
-0.038086
-0.009766
-0.022461
-0.010742
0.030273
0.384615
0.019531
0.296296
0.428571
0.014925
0.095238
0.073529
0.010742
0.032258
0.010742
0.047619
0.055556
-0.010742
0.026367
0.183333
0.369565
0.275862
0.002930
-0.031250
0.067797
1.562500
0.700000
-0.004883
0.031250
0.021484
98.000000
-0.006836
0.253333
0.703704
0.063477
3.562500
0.137931
0.282051
0.357143
0.500000
-0.030273
0.018555
1.551724
0.017857
0.226804
0.153846
0.560976
0.300000
-0.007812
0.937500
0.088889
5.500000
0.843750
0.019608
0.011719
-0.017578
0.029297
-0.012695
0.032227
0.016602
-0.012695
1.666667
0.276923
0.254545
0.272727
0.307692
0.377358
0.004883
0.017578
-0.003906
0.009766
0.048780
0.000000
0.005859
0.982456
0.400000
4.583333
0.037109
0.363636
0.047852
0.006836
0.392857
-0.026367
-0.021484
0.014648
0.013672
-0.013672
2.473684
-0.024414
-0.010742
0.000000
0.179104
0.004883
0.016602
0.176471
0.012195
0.814815
-0.005859
0.016602
0.250000
-0.010742
0.052632
1.642857
0.293103
0.115942
0.003906
0.500000
-0.016602
-0.025391
0.114754
0.013672
0.005859
-0.014648
-0.026367
-0.007812
0.423077
-0.001953
0.550000
0.387097
0.020508
0.177778
0.619048
-0.006836
0.007812
0.333333
0.175000
0.030273
-0.043945
0.164557
0.005859
2.125000
0.388889
-0.064453
-0.038086
-0.041992
0.098039
-0.034180
-0.012695
0.516129
0.019531
-0.029297
0.018555
0.011719
0.030769
0.004883
-0.014648
0.018555
-0.004883
0.062500
0.425000
0.727273
0.050847
0.007812
0.000000
0.476190
0.333333
0.007812
1.240000
0.000000
1.272727
0.027344
0.033898
0.062500
0.375000
0.007812
0.013333
0.016602
0.019531
-0.037109
0.333333
0.017578
0.016602
1.421053
0.000977
-0.012695
0.303030
0.152174
0.018555
0.027344
0.000000
0.014648
0.200000
-0.010742
0.019531
-0.004883
-0.061523
0.545455
0.142857
0.111111
0.138889
1.357143
0.005859
0.000000
-0.047852
0.021484
0.002930
-0.010742
0.021484
0.013672
0.031250
0.059406
0.473684
3.384615
0.028986
-0.011719
0.436620
1.400000
0.024414
-0.007812
0.024414
0.518072
0.065574
0.343434
0.131148
0.285714
0.507463
0.368932
0.219178
0.259259
0.682927
0.144578
0.029851
-0.001953
0.000000
0.014648
0.020508
-0.004883
0.040039
0.670886
-0.049805
0.195122
0.182927
0.030273
0.185185
0.007812
0.125000
0.007812
0.117647
0.356164
0.143791
0.285714
0.024096
-0.017578
0.021484
0.207547
0.004883
0.003906
0.002930
0.581818
0.136986
0.011765
1.000000
0.021484
0.017578
-0.001953
0.045455
0.022461
0.039062
0.021484
0.083333
-0.027344
-0.000977
0.026367
0.050633
0.816667
0.462500
0.055556
0.114286
0.886364
0.125000
0.261538
0.031250
-0.012695
-0.000000
0.094340
0.800000
0.254545
0.010742
-0.032227
0.025391
0.161290
0.183333
0.447761
-0.007812
0.435897
0.289855
1.629630
-0.002930
0.021484
-0.000000
-0.028320
-0.010742
-0.010742
0.448980
0.238636
0.021484
0.019531
0.003906
-0.007812
0.009766
-0.016602
-0.031250
0.385714
-0.068359
0.493506
0.575758
0.111111
0.031250
0.242857
-0.018555
0.062500
-0.001953
0.035088
0.020508
0.021484
0.200000
0.652174
0.212121
0.450000
3.000000
0.150943
3.750000
0.009766
0.096774
1.173913
0.022222
0.250000
-0.018555
-0.004883
0.642857
0.230769
1.666667
0.578947
-0.002930
-0.030273
-0.036133
-0.013672
2.086957
-0.010742
0.025391
1.600000
0.157895
0.235294
-0.004883
0.011719
0.483333
0.022727
1.095238
0.673913
0.760000
1.217391
0.326923
0.023438
-0.007812
0.588235
-0.004883
5.000000
0.808824
0.200000
-0.020508
-0.046875
0.200000
0.900000
0.157895
-0.033203
-0.031250
0.489362
0.703704
0.453125
0.153846
0.368421
0.527778
0.321429
0.615385
0.013672
0.019531
0.000000
-0.012695
1.692308
0.163265
0.282609
0.027344
0.102564
1.545455
0.068493
0.022461
1.205882
0.010742
-0.011719
0.014648
0.000000
0.029297
5.000000
0.009766
0.012695
0.281250
-0.004883
0.115385
-0.003906
0.008789
0.029297
0.132353
2.250000
0.046154
-0.024414
0.014648
-0.039062
-0.019531
-0.028320
0.046875
0.046154
-0.001953
0.140000
-0.003906
0.032227
-0.001953
0.010742
-0.010742
-0.020508
-0.033203
0.007812
0.004883
0.007812
-0.000977
0.013672
0.020508
0.001953
0.296296
-0.025391
0.433333
0.603448
0.092105
0.852941
0.027344
-0.049805
0.229167
0.098765
0.428571
0.271186
0.034180
0.001953
0.736842
0.131148
0.017578
-0.027344
0.687500
1.923077
-0.008789
-0.027344
-0.027344
-0.013672
2.000000
0.004883
-0.055664
0.015625
0.008789
0.028320
1.571429
0.145455
0.050781
0.004883
0.600000
0.895833
1.545455
0.011719
0.013672
-0.002930
0.192308
-0.006836
0.005859
0.008789
-0.015625
0.253333
0.684211
0.754098
0.551724
0.787879
0.008789
0.181818
0.250000
-0.023438
1.750000
0.027344
-0.000977
0.191781
0.137931
0.600000
-0.008789
-0.025391
1.038462
0.086207
0.212500
0.127907
0.027778
0.057143
0.000977
-0.009766
0.004883
0.026367
0.033203
0.704545
1.114286
1.000000
0.257143
0.478261
0.875000
2.000000
-0.050781
0.825000
0.507937
0.886792
-0.019531
0.692308
0.096774
0.066667
-0.045898
-0.013672
-0.028320
0.026367
-0.002930
-0.008789
0.012695
0.016667
0.261538
-0.011719
0.018555
0.000000
3.055556
0.003906
0.424242
0.005859
0.149254
0.343284
0.100000
0.829268
0.636364
0.537037
0.720000
0.007812
2.400000
0.701493
-0.000977
1.166667
0.031250
0.011719
0.666667
0.255814
0.202532
-0.009766
0.423077
0.473684
0.027344
0.010742
0.411765
-0.025391
0.027344
-0.021484
-0.001953
0.363636
0.121951
3.000000
2.761905
0.004883
-0.006836
0.121951
-0.035156
-0.000977
0.320755
-0.000977
1.292308
0.021484
0.014648
-0.003906
-0.024414
0.022461
0.016602
0.388889
0.033333
0.009766
0.016602
0.500000
0.396825
-0.002930
0.007812
-0.000977
-0.007812
-0.016602
-0.010742
1.000000
0.028320
0.000977
-0.013672
-0.022461
-0.030273
-0.028320
0.566038
0.172414
1.551020
1.777778
0.000000
0.004883
0.000000
0.896552
0.001953
0.366667
0.068359
0.081633
0.224138
0.000977
2.391304
0.482759
0.142857
0.011719
-0.003906
-0.014648
0.666667
-0.012695
0.084211
0.003906
21.000000
-0.006836
0.006836
0.030303
0.022461
0.781250
0.416667
-0.011719
0.012695
0.007812
-0.006836
-0.015625
0.246154
0.653846
0.024414
0.857143
0.353846
0.447368
0.095238
0.367089
0.009766
-0.030273
0.333333
0.935484
-0.018555
0.151515
-0.002930
0.006836
0.026367
-0.011719
0.000000
0.024414
1.240000
0.606061
0.038462
0.191489
0.477273
-0.012695
0.425000
0.022461
0.043945
0.271028
0.011719
0.196078
0.128205
0.154762
0.006836
0.017578
0.037109
0.017578
0.001953
0.226190
-0.002930
-0.009766
0.009766
0.327586
0.023438
0.002930
0.020508
0.261905
-0.019531
0.830986
0.528302
0.023438
0.285714
0.671642
0.516129
0.019231
0.030303
0.118421
0.012695
0.000000
0.020508
0.435897
0.010742
0.118644
0.947368
-0.027344
0.625000
-0.021484
0.188679
0.608696
0.018555
0.006836
-0.022461
-0.000000
0.016602
0.315789
0.833333
1.500000
0.175439
0.138462
0.004883
0.021484
0.021739
0.230769
-0.007812
0.000000
0.666667
-0.000977
0.002930
0.009766
-0.003906
0.035156
-0.020508
-0.000977
0.000000
0.542857
-0.012695
0.020508
0.333333
0.006836
0.266667
0.283186
-0.013672
1.375000
2.863636
-0.009766
0.018555
0.473684
-0.047852
0.043945
0.080078
0.244898
1.200000
0.181818
0.010742
-0.015625
0.789474
0.140845
0.962963
0.840000
0.080078
0.015625
2.222222
1.571429
0.015625
0.005859
0.033203
0.003906
-0.014648
0.333333
1.461538
1.255319
0.836066
0.704918
0.000000
0.900000
0.650000
-0.015625
0.347826
0.016129
0.529412
0.434783
0.009766
-0.024414
-0.004883
-0.017578
-0.021484
0.007812
0.042969
0.259259
0.120000
0.011719
0.019531
0.046875
0.287879
0.117647
0.012695
0.350000
3.421053
0.488889
1.700000
1.571429
0.461538
0.218182
0.003906
-0.056641
0.297872
0.004883
-0.031250
0.051724
0.129032
0.200000
-0.017578
0.013672
0.136364
-0.051758
0.014648
0.000000
4.400000
1.666667
0.041992
0.838710
0.002930
0.023438
0.760870
0.553191
0.276596
0.005859
0.343750
-0.009766
1.789474
0.700000
1.250000
0.287671
-0.007812
0.002930
0.240506
0.229885
0.004883
-0.021484
0.243243
0.088889
0.008789
0.002930
1.500000
0.342105
0.274510
-0.007812
0.021484
0.005859
0.027344
3.100000
0.207547
0.450000
1.111111
0.000000
0.010742
0.096774
0.666667
0.003906
0.146667
28.000000
-0.003906
0.281690
0.186047
0.039062
0.647059
0.175000
0.800000
1.000000
0.400000
0.081967
-0.001953
0.031250
-0.022461
-0.009766
0.012695
0.041016
0.025391
0.705882
0.409091
0.852459
0.181818
0.204545
0.838710
0.163265
-0.037109
0.142857
0.163934
0.365385
0.367647
0.348485
0.121951
-0.003906
0.343750
0.005859
0.024390
0.031250
0.771429
0.019531
0.530303
0.714286
0.011719
0.023438
-0.035156
0.068493
2.714286
2.357143
3.483871
0.000000
0.481481
0.006836
-0.036133
4.111111
2.105263
11.000000
0.162791
0.067568
2.785714
0.586207
0.003906
3.500000
2.666667
0.020508
-0.051758
0.693878
0.009766
0.213333
0.745455
-0.001953
0.014648
-0.003906
-0.020508
0.596154
2.166667
0.707317
1.013699
0.026367
1.393939
-0.009766
-0.033203
0.019531
0.058824
0.163265
0.000000
-0.004883
1.200000
0.008789
0.035714
-0.000977
-0.013672
0.285714
0.979167
1.028571
0.542373
0.041016
0.014648
0.055664
0.877193
0.157895
0.415385
0.745098
9.142857
0.459459
0.672414
0.009766
1.181818
0.093750
0.352941
0.040039
0.000000
0.005859
2.333333
0.574074
0.071429
-0.024414
0.007812
0.023438
0.606557
0.232143
0.027344
-0.031250
0.393939
-0.004883
0.013672
0.034180
-0.011719
0.000977
0.000000
1.714286
0.684211
0.800000
0.372340
0.166667
-0.000000
0.192308
-0.035156
0.001953
0.424242
-0.010742
0.004883
0.651163
-0.016602
0.017578
0.181818
0.139785
0.017391
0.443182
0.008789
0.440678
0.190476
-0.010742
0.015625
-0.004883
-0.007812
0.187500
0.642857
0.347826
0.692308
0.354839
-0.004883
0.040039
0.014648
0.047170
0.075000
-0.002930
0.255556
0.030273
0.288462
0.608696
0.023438
0.000000
0.197802
0.242718
-0.028320
0.346154
0.319149
0.009766
0.375000
0.002930
0.034180
0.945946
0.006836
-0.038086
0.042969
0.029297
0.001953
0.011719
0.554054
0.270270
-0.006836
0.177419
0.008789
0.017578
-0.026367
0.443182
0.010742
-0.017578
0.722222
0.120879
0.190000
0.085714
0.022461
-0.020508
0.913043
0.006836
0.904762
-0.033203
0.117647
0.523810
-0.006836
0.000000
0.066667
-0.031250
0.862069
0.244186
-0.015625
0.712121
0.000000
1.073171
0.011719
-0.005859
0.136364
0.011719
0.318182
0.122449
0.030273
0.030273
0.178571
0.005859
0.000000
0.224490
0.067797
2.214286
2.000000
0.846154
-0.020508
-0.006836
-0.022461
1.545455
0.026367
1.187500
-0.021484
-0.010742
0.037109
0.727273
0.490566
-0.000977
0.130435
0.021484
0.777778
0.012695
-0.004883
0.186441
0.024414
0.724138
0.007812
0.053571
0.593750
0.030303
0.008789
-0.007812
-0.019531
0.954545
0.804878
0.859649
-0.014648
-0.015625
0.900000
0.012695
0.063492
0.011719
0.645161
0.478723
0.200000
-0.029297
4.100000
0.003906
0.005859
0.269231
0.250000
-0.023438
-0.033203
0.079365
-0.021484
-0.021484
0.184211
-0.005859
0.687500
0.379310
-0.005859
0.177419
-0.046875
0.051724
0.001953
0.133333
-0.046875
0.976744
0.769231
1.078947
0.026367
-0.019531
0.013672
0.225352
0.516129
0.015625
0.001953
-0.005859
0.212766
-0.013672
0.941176
0.523810
1.250000
0.092308
0.033203
-0.006836
0.288889
0.000000
0.000000
0.500000
0.294118
16.333333
0.000000
0.758621
-0.017578
0.551724
0.000977
-0.013672
-0.027344
0.311111
0.002930
0.032227
0.050847
0.528302
1.193548
-0.011719
0.025391
0.065789
0.263158
-0.001953
0.483871
0.008789
0.017578
0.289855
0.039216
1.035088
0.004883
0.479167
0.019531
0.001953
-0.015625
0.135135
-0.020508
0.022222
0.216216
-0.001953
0.006836
-0.011719
0.380952
0.007812
-0.018555
0.578947
-0.027344
0.475410
0.012695
0.031250
0.054054
0.478261
0.006836
0.003906
0.155738
0.047852
0.550000
0.166667
1.259259
0.468085
0.156250
0.656250
4.181818
-0.043945
0.161290
-0.020508
-0.015625
0.032609
0.003906
0.862069
-0.006836
0.012695
0.019231
0.026367
-0.037109
0.294118
0.344828
0.015625
-0.025391
0.548387
0.014085
-0.018555
-0.009766
0.013672
0.002930
0.000000
0.033203
1.320000
4.666667
1.357143
0.460000
0.850746
1.084507
18.500000
0.552632
0.600000
0.852459
1.818182
0.941176
0.645833
1.000000
0.057692
0.053711
0.446429
0.003906
0.000000
-0.016602
0.365854
0.008789
0.008789
0.018555
9.000000
0.027778
0.121951
0.229885
0.016602
0.391304
1.387755
1.363636
2.203704
2.562500
0.585366
1.711864
45.500000
1.687500
2.000000
1.615385
1.730769
1.568182
1.812500
0.660000
0.017578
0.028571
0.018182
0.012695
0.023438
-0.005859
-0.006836
0.612245
0.052632
0.033203
0.016602
0.002930
0.430769
0.001953
1.452381
0.043945
1.687500
1.911765
1.585366
4.722222
0.718310
0.311111
2.250000
2.230769
1.142857
0.850000
0.609756
1.709677
0.092105
0.383333
-0.004883
0.005859
-0.012695
0.127907
0.380952
0.173077
-0.022461
0.257143
1.000000
-0.043945
0.394737
0.430769
4.000000
0.516129
1.277778
0.092784
0.041016
0.007812
0.362069
1.100000
-0.012695
0.529412
1.018519
0.758621
0.317073
0.120000
0.057143
0.243902
-0.025391
0.973684
0.321429
-0.023438
0.023438
0.036133
1.916667
1.075000
2.714286
0.039062
0.041992
1.312500
-0.000977
0.037109
-0.043945
0.833333
0.647059
-0.032227
-0.006836
0.638298
0.235294
0.280000
0.984127
0.803922
0.477612
0.722892
0.272727
0.041992
0.594595
2.250000
-0.000000
0.284553
0.166667
0.120690
0.004883
0.025391
-0.004883
0.372549
0.326923
0.000000
4.000000
-0.022461
0.051758
-0.007812
0.015625
-0.022461
2.333333
0.003906
0.306122
0.744681
0.772152
0.581818
-0.006836
0.555556
0.420000
0.017578
0.290323
2.833333
1.322581
0.205128
0.308642
-0.008789
0.022461
0.111111
0.010742
-0.012695
0.001953
0.547170
0.369565
-0.052734
-0.021484
1.052632
0.038086
0.029297
0.000000
1.279070
1.066667
2.772727
0.540541
0.648649
1.666667
1.305556
0.019531
0.027027
1.833333
0.018555
0.018555
-0.007812
-0.016602
-0.043945
0.377778
-0.015625
0.011719
1.000000
-0.021484
0.212121
0.005859
0.060606
2.125000
1.619048
0.040039
0.000000
0.160000
0.135135
0.147059
1.000000
0.446429
0.709091
0.788732
0.090909
-0.034180
0.254545
0.000000
0.069767
0.611111
0.008789
0.700000
-0.027344
0.010742
0.363636
0.003906
0.195652
-0.027344
-0.015625
0.743590
-0.000977
0.060606
2.277778
0.176471
-0.022461
1.400000
0.781250
0.044444
-0.005859
0.003906
1.148936
0.581818
0.055556
1.437500
-0.000977
0.000000
0.833333
0.000977
0.557692
-0.002930
0.345455
0.019531
-0.036133
0.175000
0.604651
0.002930
0.517241
0.586207
1.433333
0.002930
8.250000
0.281250
0.500000
1.464286
1.714286
0.655172
2.600000
0.210526
1.857143
0.047619
15.000000
0.021484
0.025391
-0.020508
0.595745
0.929825
0.735849
-0.015625
0.041992
1.000000
0.023438
0.062500
-0.028320
-0.006836
0.800000
0.904762
0.105263
0.017578
-0.011719
-0.028320
0.468085
5.166667
3.300000
0.228571
0.545455
-0.002930
0.238095
0.005859
-0.024414
0.027778
-0.029297
0.357143
0.013672
0.025391
-0.016602
-0.022461
-0.025391
0.500000
-0.002930
0.026367
0.008789
-0.011719
0.001953
0.545455
-0.001953
0.600000
0.500000
1.424242
0.358491
1.048387
0.791045
0.204819
0.561404
0.357143
0.019531
1.517241
0.078947
-0.007812
0.073171
-0.023438
2.333333
0.114286
0.000000
0.000000
0.972222
0.075472
0.426230
0.021739
-0.001953
0.636364
-0.008789
0.012695
1.484848
0.422535
2.444444
-0.001953
0.705882
0.127273
0.672727
2.142857
0.003906
1.170732
0.022461
0.097561
0.727273
-0.020508
0.003906
-0.020508
1.375000
0.185185
-0.011719
0.970588
-0.003906
-0.005859
0.000000
0.245614
-0.023438
1.823529
-0.008789
-0.008789
2.416667
1.416667
0.534247
0.741379
2.279070
1.457143
0.875000
-0.005859
1.285714
0.006836
0.156863
0.041016
0.685714
0.010742
0.214286
9.111111
0.469388
0.032227
-0.042969
0.340000
0.012695
0.393939
0.390625
0.000000
0.363636
0.585366
0.037109
0.491803
0.019531
1.333333
-0.003906
-0.004883
1.787879
-0.007812
0.895833
-0.000977
0.939394
-0.048828
0.263158
0.020508
0.174603
-0.004883
0.222222
0.833333
0.012695
0.031250
-0.013672
0.513158
0.009766
0.038086
0.651163
-0.034180
0.225806
0.014648
0.003906
1.000000
0.200000
1.846154
5.230769
0.476190
0.847826
0.238095
1.111111
1.350000
0.027344
-0.011719
0.020508
0.566667
0.146341
-0.030273
0.372881
0.263158
0.029851
-0.036133
0.027027
0.107692
0.049805
-0.031250
0.147059
-0.005859
0.013672
0.375000
0.508772
0.052632
0.537037
1.428571
2.541667
1.653846
0.614035
1.414634
1.333333
0.090909
0.017857
-0.005859
0.128205
0.000000
-0.004883
0.000000
0.000000
0.007812
0.006836
-0.000977
-0.025391
0.931818
-0.000977
0.009766
-0.007812
0.009766
0.018555
0.209302
0.001953
0.128571
0.736842
3.222222
2.157895
1.568182
0.037109
2.300000
0.527273
0.048828
-0.028320
0.210526
-0.023438
1.000000
0.285714
0.818182
0.240000
0.135135
-0.004883
1.413793
0.034180
0.166667
-0.008789
0.153846
0.048828
0.272727
-0.029297
0.714286
-0.018555
-0.019531
-0.030273
1.200000
2.695652
2.933333
0.448718
0.166667
0.097656
0.008789
0.000000
0.126761
0.294118
-0.023438
0.154930
0.153846
0.031250
0.080460
-0.010742
-0.028320
0.025974
0.006836
0.040541
0.214286
0.207547
-0.006836
0.074074
0.057692
1.580645
0.714286
0.962264
4.214286
0.600000
1.217391
0.393939
0.066667
0.154930
0.428571
0.303030
0.024390
0.686567
0.000977
0.032258
0.005859
0.097561
0.277778
0.022461
0.001953
0.135922
0.161616
0.024691
-0.032227
0.070423
-0.006836
0.031250
0.500000
0.023438
-0.020508
0.000000
0.287671
0.058824
0.380282
0.750000
0.033203
0.005859
0.013672
0.554217
-0.021484
-0.003906
0.342466
0.000977
0.013672
-0.009766
0.080460
0.406593
-0.008789
0.020508
0.013699
-0.015625
0.013672
-0.017578
0.560606
0.067797
-0.043945
-0.035156
-0.000000
0.733333
-0.019531
0.032227
-0.022461
-0.000000
-0.014648
0.010742
-0.000000
-0.008789
0.045455
0.755556
0.438596
0.029297
-0.030273
0.005859
0.007812
0.406250
-0.009766
0.325301
0.256410
0.236842
0.050000
0.052632
0.025391
0.004883
-0.008789
0.037736
0.033203
-0.024414
-0.036133
-0.036133
0.250000
0.004883
1.096774
0.013672
0.538462
0.037109
-0.018555
1.888889
-0.004883
0.350000
0.006836
0.215686
-0.006836
0.000977
0.016602
-0.057617
0.153846
0.543860
0.465517
0.511111
0.012695
-0.022461
1.243902
0.005859
-0.019531
22.500000
0.001953
0.534884
0.103448
0.008789
0.002930
2.428571
0.006836
0.304348
0.066667
2.428571
2.600000
0.001953
0.306122
0.043945
0.024414
0.012695
-0.004883
-0.003906
0.620690
0.343750
0.006836
-0.002930
0.100000
1.000000
1.052632
0.075000
0.020508
0.318182
0.051282
0.576923
-0.013672
0.040816
-0.009766
0.014648
1.125000
-0.031250
-0.017578
1.000000
0.800000
0.019531
-0.000000
0.019531
0.700000
0.769231
0.575000
0.024414
0.350649
0.131579
0.017578
0.103896
0.010742
0.066667
0.444444
0.750000
0.003906
1.583333
0.053333
-0.013672
1.320000
0.512195
0.305556
0.106383
-0.038086
-0.027344
0.535714
-0.005859
0.166667
0.018555
0.022461
-0.009766
0.015625
0.023438
0.460000
0.016602
0.773585
0.298246
0.015625
0.010742
4.000000
1.258065
-0.015625
3.400000
0.297297
0.083333
0.007812
0.311111
0.011719
0.468085
0.274194
0.047852
0.006836
0.860465
0.006836
0.023438
0.326923
0.062500
0.444444
1.069767
0.027778
0.000977
0.241758
0.005859
-0.000977
0.062500
-0.006836
-0.021484
0.252874
-0.024414
0.607143
0.816667
0.920635
1.000000
0.958333
3.705882
2.285714
2.600000
0.620000
9.500000
0.036133
0.907407
0.428571
0.000000
-0.013672
0.685714
0.379310
0.571429
0.150000
0.048387
0.310345
0.004883
-0.012695
-0.005859
0.725000
-0.022461
1.857143
0.558824
1.483871
1.769231
1.089552
5.454545
1.617021
3.333333
1.103896
0.555556
0.948718
0.948276
1.909091
3.000000
1.045455
0.921569
0.037109
0.666667
1.875000
0.785714
-0.015625
0.689655
0.207547
0.521739
-0.007812
0.010742
0.116279
0.513514
0.428571
0.220339
1.000000
0.719298
0.789474
0.543478
0.580000
0.793103
1.578947
0.250000
9.600000
0.647059
1.594595
4.571429
1.694444
0.175439
0.350649
0.026367
0.657895
0.312500
0.482759
0.846154
0.230769
0.315789
0.263158
-0.036133
-0.010742
0.135593
1.125000
-0.008789
0.013672
1.705882
0.003906
0.396825
0.711538
0.363636
0.017578
1.360000
1.217391
0.425926
0.270270
0.827586
0.328571
3.833333
0.593750
0.018555
0.041667
-0.022461
0.011719
0.002930
0.012695
0.625000
0.015625
-0.032227
-0.010742
0.638889
0.090909
0.237500
0.772727
0.006836
-0.054688
0.588235
0.120690
0.013672
0.800000
0.027344
0.196078
1.212121
0.962963
11.800000
1.212766
1.107692
-0.012695
0.301587
-0.011719
0.014648
0.491525
0.727273
0.586207
0.953488
0.186047
0.001953
0.001953
-0.007812
0.102041
0.166667
0.666667
0.010742
-0.015625
3.600000
3.083333
1.923077
0.006836
0.533333
0.015625
0.777778
1.350000
1.036364
108.000000
6.416667
0.153846
0.000000
0.003906
0.072165
-0.003906
0.014648
0.155844
0.465116
1.090909
0.550000
0.001953
-0.003906
0.652174
0.163265
-0.001953
0.500000
0.270270
0.000000
0.470588
0.515152
-0.033203
1.185185
0.000977
1.156250
1.548387
1.170213
1.242857
0.027344
-0.037109
0.281250
0.019531
-0.041016
0.014648
0.038462
0.141026
-0.019531
0.380952
0.011719
0.384615
-0.043945
0.036364
0.000000
0.194444
3.200000
0.464789
0.025391
0.128205
-0.039062
0.022472
0.150943
0.918919
1.317073
1.462687
1.098592
0.923077
1.466667
0.011719
-0.009766
0.421053
0.188679
-0.021484
1.307692
0.000000
0.010742
0.162162
0.036133
0.142857
0.006836
0.261364
-0.040039
0.674419
-0.008789
1.133333
0.065574
0.265306
0.254237
-0.018555
0.666667
0.191176
0.568966
2.700000
1.590909
0.104167
-0.039062
0.003906
0.179104
0.016949
0.312500
0.375000
0.136364
0.306452
1.684211
-0.057617
0.531915
0.892857
0.641026
2.000000
0.030273
0.004883
-0.000977
0.011719
0.002930
0.003906
0.979167
0.100000
0.000000
1.935484
1.096774
2.933333
0.931034
0.015625
-0.029297
0.111111
0.107692
-0.014648
0.023256
-0.018555
-0.001953
0.003906
1.190476
0.019531
0.593750
0.022461
0.274510
-0.024414
0.301587
0.026367
0.003906
-0.023438
-0.006836
0.055556
1.812500
0.003906
1.666667
0.846154
0.013672
0.848485
-0.011719
0.433962
0.033203
0.016602
0.128205
0.017578
0.551020
0.158730
0.058824
0.008789
0.395062
0.019531
-0.014648
0.002930
-0.005859
-0.039062
-0.014648
0.437500
1.900000
0.479167
-0.002930
0.347826
-0.012695
5.500000
3.096774
-0.012695
4.285714
1.466667
0.111111
-0.007812
-0.019531
0.008789
0.012695
0.188406
0.019531
-0.004883
0.500000
0.403226
0.012695
0.440678
0.347826
1.214286
0.015625
-0.011719
0.204545
0.656250
2.048780
-0.001953
-0.003906
-0.012695
0.150685
0.625000
4.636364
1.571429
-0.003906
1.461538
0.008789
-0.006836
0.333333
0.559322
0.057617
-0.078125
-0.032227
0.620000
0.190476
0.925926
-0.007812
0.197917
-0.000977
0.322581
0.000000
-0.019531
1.558824
-0.055664
-0.002930
1.850000
-0.000977
0.023438
0.534884
0.646154
0.400000
1.188406
1.411765
0.309859
0.017578
0.013672
-0.008789
0.316667
-0.013672
0.010742
0.004883
0.033203
3.466667
0.033898
-0.053711
0.075000
1.113636
0.023438
-0.013672
1.454545
-0.005859
0.039604
0.111111
-0.000977
0.225352
0.321429
6.230769
0.745763
1.475000
1.000000
0.004883
0.628571
0.025391
-0.009766
-0.013672
0.191489
-0.052734
0.333333
5.750000
0.772727
0.264706
-0.014648
0.166667
0.040000
0.258065
0.000000
0.034180
0.352941
-0.025391
-0.013672
0.010742
1.800000
0.860000
2.304348
0.753425
1.312500
2.200000
0.121622
0.280488
0.229508
0.230769
0.465116
0.809524
0.215686
0.787879
-0.003906
-0.041016
-0.020508
0.024414
-0.015625
0.857143
-0.030273
-0.005859
1.142857
-0.013672
-0.041992
0.464286
-0.021484
0.022461
0.240741
0.196970
0.292969
1.469697
3.944444
1.391304
0.078947
0.147059
-0.020508
-0.001953
-0.000977
0.605634
-0.014648
0.002930
-0.025391
0.033203
0.954545
-0.002930
0.031250
0.659574
0.238095
0.008789
0.320000
0.080000
0.035156
0.142857
0.015625
0.333333
-0.008789
0.568966
4.125000
0.876923
14.285714
0.480000
-0.007812
0.021484
0.181818
0.636364
-0.014648
0.608696
4.500000
-0.043945
0.024414
0.018555
1.117647
0.269231
0.006836
-0.008789
0.071429
0.009766
1.218750
0.186667
0.000000
1.484848
0.647059
-0.000977
0.005859
0.833333
1.171429
0.928571
0.730159
0.122449
0.086957
0.025391
0.019531
-0.000977
0.461538
0.000000
-0.030273
3.714286
0.304348
0.233333
0.782609
0.272727
-0.037109
-0.050781
0.041992
0.368421
-0.054688
0.476923
0.461538
0.007812
0.009766
0.419753
0.928571
0.300885
2.100000
1.370370
0.064935
-0.032227
0.076923
-0.019531
0.024414
-0.032227
0.023256
-0.008789
-0.043945
-0.025391
-0.020508
1.863636
0.070588
0.184615
0.451613
0.365591
0.152318
-0.015625
0.011765
0.380952
0.866667
0.347826
0.116279
-0.015625
0.011719
0.140000
-0.001953
0.404762
1.512821
-0.014648
0.033203
0.004883
-0.005859
-0.005859
0.545455
0.014648
0.002930
0.415094
0.012695
0.112360
1.093023
0.036133
0.394366
-0.027344
0.001953
0.234043
0.025000
0.467532
0.030273
0.053097
0.362500
-0.010742
0.023438
0.452830
0.021277
-0.019531
-0.003906
0.032227
0.076923
0.011719
0.177215
-0.049805
0.037037
0.659574
0.196721
0.196970
-0.031250
0.375000
0.190476
-0.016602
-0.007812
0.052632
0.255556
0.024414
0.333333
1.020408
1.000000
0.009766
0.512195
0.193548
0.382979
-0.027344
0.039474
0.885714
0.250000
0.009766
0.377049
1.562500
0.016602
0.011719
0.048387
-0.003906
0.016602
0.828571
-0.038086
-0.000000
1.090909
0.215686
0.002930
0.201754
0.738462
0.148936
-0.014648
-0.019531
0.100000
0.230769
1.368421
-0.021484
0.006836
-0.023438
0.343750
0.000000
0.009766
-0.028320
0.045898
0.652174
0.000000
0.000977
-0.003906
0.008789
2.888889
0.000000
0.023438
3.000000
0.016602
0.200000
-0.000000
0.322581
-0.032227
0.025000
0.024414
-0.003906
0.007812
0.038086
0.015625
0.680851
0.484375
0.083333
0.001953
0.866667
0.439394
0.097561
0.130435
2.333333
0.509091
-0.025391
-0.000977
-0.008789
0.540984
1.166667
0.416667
0.031250
0.010742
0.404762
0.187500
-0.018555
0.418919
1.775000
0.021484
-0.010742
0.024414
0.391304
-0.046875
3.125000
-0.043945
0.234043
0.001953
0.695652
0.716981
0.183333
37.000000
-0.018555
-0.007812
0.006836
0.070588
1.050000
0.175000
0.025391
0.185185
0.733333
-0.009766
-0.026367
0.383562
0.000977
0.640625
-0.022461
0.027344
-0.043945
-0.006836
1.538462
0.400000
0.454545
0.008789
0.014648
0.243902
0.014648
0.000977
0.008789
0.007812
0.433962
-0.017578
1.576923
0.102041
-0.002930
0.240506
0.000000
1.222222
0.173333
0.026367
0.512821
0.016602
-0.018555
0.833333
-0.000000
-0.022461
-0.015625
0.250000
0.571429
-0.011719
0.023438
0.017578
0.192308
0.002930
-0.020508
-0.014648
-0.013672
-0.003906
0.369048
0.043478
-0.020508
-0.022461
-0.021484
1.840000
0.005859
-0.041992
0.142857
0.009766
0.040039
0.030928
0.191176
-0.040039
0.262500
-0.007812
1.600000
0.064103
0.014648
1.466667
0.021484
0.115942
3.125000
0.002930
0.019531
0.072727
0.043945
0.006836
-0.026367
-0.007812
0.006836
0.259259
0.033203
1.222222
0.170732
-0.001953
0.327273
0.625000
5.000000
0.020508
0.116883
0.216667
0.011765
0.428571
-0.021484
5.571429
0.262295
0.002930
0.487179
0.333333
0.800000
0.418182
13.333333
0.467742
3.666667
0.015625
2.166667
1.583333
0.489362
0.007812
1.263158
0.014648
0.047852
0.393443
0.461538
1.434783
0.000977
0.081633
0.200000
0.111111
0.012695
0.022989
0.264151
0.894737
-0.016602
0.500000
0.230769
0.902439
0.945205
0.800000
1.750000
1.254545
0.222222
0.792453
0.148936
1.280702
2.625000
0.301887
-0.021484
0.333333
0.739130
10.666667
0.466667
0.022461
0.026367
0.677419
-0.017578
1.137255
-0.000000
0.031746
1.534884
2.111111
0.000000
3.333333
0.015625
0.426471
0.457143
0.456140
4.277778
0.404255
1.300000
1.000000
0.945455
7.666667
0.530303
0.229167
0.408451
0.769231
1.395833
16.000000
-0.009766
-0.022461
0.290909
0.002930
0.158537
0.011719
0.958333
0.230769
0.396226
0.048193
0.327273
0.285714
0.176471
0.038086
0.044118
1.350000
0.946429
0.136986
0.833333
0.028986
1.210526
0.275362
0.318841
0.003906
1.725000
0.647887
0.256757
0.255319
-0.015625
1.916667
0.004883
1.071429
0.025391
1.333333
0.000977
0.058594
0.466667
-0.006836
0.000000
0.142857
-0.011719
0.354167
0.396825
0.146341
0.151515
0.258621
0.019531
0.550000
1.333333
-0.052734
-0.007812
0.002930
0.095238
0.727273
1.437500
0.000000
0.015152
0.366667
0.600000
-0.042969
0.409836
0.095238
0.042969
0.923077
0.003906
-0.021484
0.265625
-0.031250
0.682927
1.222222
-0.007812
0.433962
-0.022461
-0.030273
-0.014648
0.003906
9.500000
0.042969
0.269231
-0.025391
0.012695
0.781818
0.133333
0.444444
0.027344
-0.011719
0.035156
0.000000
0.045898
0.666667
0.361111
0.297872
0.194805
0.046875
0.800000
0.346154
0.754098
2.200000
0.000000
-0.034180
0.050781
0.294118
1.714286
0.350000
0.001953
-0.025391
0.018868
0.000000
4.812500
1.977778
0.350000
0.318182
0.006836
0.002930
-0.009766
0.368421
0.240000
0.100000
0.343750
0.585366
0.384615
-0.002930
8.400000
13.000000
-0.028320
0.105263
0.279070
0.014648
0.067383
-0.002930
0.234375
1.048780
-0.003906
0.026367
0.021484
1.566667
0.352941
0.880952
2.600000
-0.008789
4.875000
0.021484
0.007812
0.126761
0.651163
0.226190
0.108108
0.000000
0.017578
-0.013672
0.600000
0.025391
4.000000
0.075949
-0.029297
0.001953
0.013672
0.022461
0.311111
0.012695
0.666667
0.312500
0.436364
1.379310
0.176471
-0.005859
2.818182
0.117647
0.285714
0.000000
0.046512
1.303030
0.442857
0.057692
-0.001953
-0.018555
-0.005859
0.047852
0.029851
0.015385
2.333333
0.185185
-0.028320
0.651163
0.031250
0.690476
-0.013672
0.015625
0.210526
-0.018555
1.739130
2.760000
-0.008789
0.111111
1.954545
0.500000
-0.001953
0.046875
0.311475
0.863636
0.360000
0.060870
-0.006836
-0.000977
0.882353
-0.009766
0.031746
0.587302
-0.029297
0.125000
1.472222
0.216216
0.029297
-0.028320
0.363636
0.041992
0.036133
1.384615
0.985075
0.618182
-0.013672
-0.019531
0.006836
-0.012695
0.600000
-0.001953
0.500000
0.571429
-0.001953
0.187500
-0.018555
0.009766
0.000000
-0.017578
0.316667
0.500000
0.683333
0.241379
0.059524
0.000000
0.925926
-0.000977
-0.028320
1.318182
6.692308
1.081081
0.488281
0.017578
-0.001953
0.366667
36.000000
0.366197
0.161290
0.003906
-0.028320
0.027344
0.047852
0.413793
-0.031250
0.769231
0.035088
18.000000
1.562500
-0.036133
0.268293
0.356164
0.727273
0.000977
0.007812
-0.003906
-0.008789
6.500000
2.125000
6.727273
2.108108
-0.002930
1.750000
0.040039
0.175781
-0.023438
0.037109
1.078431
-0.020508
1.714286
0.185185
-0.026367
0.126582
0.000977
-0.005859
0.210526
0.018555
0.952381
0.005859
0.338028
-0.026367
0.005859
0.067797
-0.030273
0.003906
3.583333
0.819672
-0.008789
0.542373
0.000000
0.015625
0.384615
0.033203
0.007812
2.333333
0.008789
0.071289
-0.035156
0.571429
0.185185
0.478261
0.032227
-0.000977
1.275862
0.875000
-0.001953
0.529412
-0.032227
0.230769
0.010742
0.078125
0.414634
-0.020508
0.771429
1.970588
0.866667
0.139535
0.030273
-0.022461
0.029851
0.588235
0.049180
-0.025391
0.006836
0.488372
0.018868
0.032967
0.731707
0.011719
0.015625
0.257143
0.225000
0.140351
0.934783
0.161290
0.904762
2.888889
0.351351
0.173077
0.086538
1.450000
1.291667
2.000000
1.034483
2.105263
0.013672
-0.000977
-0.000000
0.596491
0.061224
0.053333
0.028320
0.695652
0.018555
-0.010742
0.129032
1.040000
1.052632
0.105263
0.142857
-0.004883
0.018555
0.700000
0.000000
0.009766
0.022461
0.028320
0.436620
2.113636
-0.020508
0.492063
0.420000
0.019531
0.088889
-0.008789
0.005859
0.785714
0.928571
0.941176
11.666667
0.102564
0.080645
-0.008789
0.317460
0.088889
-0.012695
0.016602
0.012695
0.962963
0.913043
0.181818
2.000000
0.571429
1.038462
-0.002930
3.142857
2.900000
0.258065
0.309091
0.075472
4.000000
-0.040039
-0.020508
0.642857
0.037037
0.378788
0.447368
0.560000
0.004883
0.203125
-0.031250
0.451613
-0.019531
0.195652
0.256757
0.158537
-0.021484
0.006836
0.056338
-0.016602
0.666667
0.025391
0.529412
0.911765
0.972973
0.800000
0.518519
1.555556
0.266667
-0.007812
0.009766
0.062500
-0.007812
0.297297
2.000000
0.076923
0.033203
0.232558
-0.006836
0.066667
0.018555
-0.018555
-0.020508
0.027344
-0.022461
1.039216
-0.034180
0.661765
0.823529
0.000000
1.500000
0.641509
0.171875
0.844444
-0.027344
0.866667
0.241935
0.897436
0.247191
0.120000
0.015625
0.314815
-0.019531
0.153226
0.490196
0.002930
0.094595
-0.031250
0.280488
0.318182
0.015625
0.005859
0.152174
0.298507
0.065217
0.062500
0.004883
-0.007812
0.196721
-0.000977
-0.022461
0.115385
0.090909
-0.009766
0.588235
0.447368
-0.041992
0.225806
0.154762
-0.012695
0.003906
0.131579
0.562500
0.025391
-0.009766
0.256757
0.535211
0.003906
0.088235
-0.000000
-0.024414
0.037736
-0.019531
0.250000
-0.006836
0.310345
1.482759
0.013672
0.007812
0.011719
0.354167
0.578947
-0.009766
0.532258
0.571429
0.461538
0.534091
1.612903
0.096154
-0.038086
0.785714
0.066667
0.019531
0.004883
0.444444
-0.035156
0.583333
0.011719
0.150943
0.224490
0.010742
0.026367
-0.001953
0.312500
-0.005859
0.028320
1.130435
0.863636
0.040000
0.350000
-0.012695
0.011719
-0.005859
0.001953
-0.024414
-0.023438
1.347826
0.027344
7.600000
-0.000000
-0.020508
-0.008789
0.250000
3.555556
-0.002930
0.574468
0.600000
0.166667
-0.016602
0.004883
-0.039062
0.280000
0.049180
0.625000
0.004883
0.400000
0.005859
-0.039062
0.003906
1.194444
1.133333
0.023438
11.000000
-0.003906
0.227273
0.805556
-0.002930
0.000977
0.923077
-0.011719
0.067568
0.057617
0.205128
0.005859
0.052632
0.588235
0.312500
-0.007812
0.034180
0.025391
0.000000
0.833333
1.153846
0.647059
0.037109
-0.003906
0.019531
0.492308
-0.006836
0.190476
1.000000
-0.026367
-0.000977
-0.002930
0.018555
0.750000
-0.021484
-0.011719
0.016602
0.004883
0.208333
-0.035156
0.157895
0.126984
0.388889
-0.016602
0.027778
-0.003906
0.871795
-0.043945
0.008789
0.947368
0.650000
0.022461
0.125000
0.025391
-0.013672
0.000000
-0.007812
0.016602
0.050000
-0.034180
0.023438
-0.007812
0.050781
0.017578
0.261905
0.058824
0.069444
-0.025391
-0.003906
0.002930
0.020508
0.021484
0.015625
0.931034
0.000000
0.128205
7.000000
0.266667
0.029297
-0.016602
0.265306
0.461538
0.666667
-0.036133
0.467742
0.320755
-0.030273
-0.017578
0.015625
0.114286
0.920000
0.184211
0.500000
0.571429
-0.036133
0.340426
0.674419
0.481481
0.007812
0.010742
0.039216
0.000000
-0.020508
-0.018555
0.012695
0.052632
-0.014648
-0.021484
0.021484
1.600000
0.018555
0.006836
-0.019531
0.003906
-0.040039
-0.010742
0.189189
-0.005859
0.789474
0.506667
0.000000
0.142857
0.016602
1.000000
0.605263
1.461538
1.333333
0.400000
0.617647
0.482759
0.500000
0.697674
0.002930
0.210526
-0.010742
6.000000
1.068966
0.002930
-0.010742
-0.022461
0.125000
-0.028320
0.000000
-0.028320
1.166667
0.100000
0.005859
0.051546
-0.010742
0.935484
1.357143
0.044922
0.379310
0.363636
4.000000
0.307692
-0.016602
1.781250
-0.009766
2.150000
0.924528
0.706897
1.225000
0.020508
0.340909
0.660377
0.760000
0.105263
1.114286
2.600000
0.035714
0.039062
0.001953
0.021484
0.775510
0.033203
0.116279
1.520000
3.714286
-0.036133
0.757576
0.026367
0.028320
0.190476
0.008789
0.021484
7.000000
0.034483
0.024691
-0.040039
0.407407
4.850000
0.866667
0.113636
5.400000
-0.007812
0.916667
0.189189
0.037037
0.027778
0.308824
0.044922
0.032227
0.022727
0.006836
0.481481
0.161765
0.909091
-0.011719
0.020508
0.012695
0.023438
0.521739
0.812500
0.010742
0.409836
2.166667
0.029297
0.004883
0.009766
-0.016602
0.108696
0.422222
-0.012695
0.035156
0.153846
0.017578
-0.013672
0.064516
-0.009766
0.736842
-0.025391
-0.014648
4.333333
0.341176
0.696970
0.136364
0.025391
0.272727
0.007812
0.029297
-0.026367
0.020508
-0.012695
0.096154
-0.047852
0.055556
-0.014648
0.545455
0.138889
3.928571
0.432432
-0.007812
0.384615
1.750000
-0.001953
0.327273
0.178571
-0.039062
0.001953
0.006836
0.068182
0.027344
0.095890
-0.008789
-0.020508
-0.029297
-0.007812
0.468750
28.000000
-0.009766
1.000000
0.038086
0.073171
0.169811
1.000000
0.450704
0.426667
0.190476
0.014648
0.161290
1.214286
0.031250
1.250000
-0.016602
-0.016602
0.021484
0.140187
-0.029297
-0.006836
-0.000977
1.750000
0.590909
0.193182
1.062500
-0.034180
0.083333
0.006836
0.097561
-0.003906
0.257143
1.400000
0.014648
0.400000
0.833333
1.562500
0.068359
-0.036133
0.007812
0.006836
-0.016602
-0.025391
0.333333
0.046875
0.000000
1.666667
0.038086
2.857143
0.384615
-0.018555
0.500000
0.156250
-0.012695
0.518519
-0.007812
0.013672
0.000000
0.483871
0.006836
0.421875
0.005859
-0.045898
0.421053
0.130435
0.007812
0.007812
0.733333
0.001953
0.012695
-0.000977
2.600000
0.163636
0.009766
0.018555
0.104167
0.192308
0.777778
0.600000
0.341463
0.325000
0.681818
0.025391
1.000000
0.200000
0.005859
0.023438
-0.024414
0.022461
0.259259
0.166667
0.642857
0.061523
0.038086
0.388060
0.684211
0.270270
0.011719
0.032227
-0.038086
0.263158
0.008403
-0.031250
0.408163
13.333333
1.411765
-0.004883
1.230769
-0.004883
0.002930
1.238095
0.779412
0.003906
0.005859
1.180000
0.009766
0.007812
0.705882
-0.009766
0.017578
0.561404
-0.035156
0.342857
2.000000
0.437500
0.013672
2.625000
1.833333
0.631579
0.200000
-0.034180
0.000977
0.177778
-0.028320
0.375000
0.016602
0.078125
0.018519
-0.003906
0.862069
0.196078
0.003906
0.387500
0.009766
-0.008789
1.964286
2.153846
-0.035156
0.052632
5.222222
0.183099
0.750000
0.407407
-0.034180
0.875000
0.018555
0.166667
0.006836
0.033613
0.347826
0.122449
0.212121
0.153846
0.423077
0.847458
0.188406
0.050781
0.043478
-0.007812
0.279412
-0.020508
0.476190
0.462963
0.022461
0.022461
0.240000
0.920000
1.062500
-0.011719
0.000977
0.004883
0.090909
0.061728
0.011719
0.009766
0.007812
0.291667
0.337209
-0.010742
0.044444
-0.021484
0.241935
0.010742
0.026367
0.000977
0.526316
-0.019531
0.300000
0.542373
2.777778
2.437500
0.794872
33.000000
1.043478
0.021484
0.870968
0.007812
-0.002930
0.003906
0.055556
0.789474
1.043478
0.324324
0.096154
-0.020508
0.003906
0.565217
0.013672
0.205882
0.218750
-0.025391
0.666667
-0.056641
0.188406
0.228571
-0.027344
0.219512
0.480769
1.000000
0.297297
0.020508
1.555556
-0.002930
0.384615
-0.056641
0.029851
0.013672
0.459459
0.450000
0.014648
-0.012695
0.196721
0.162791
0.041016
0.400000
0.000000
0.361111
0.297297
0.275000
0.245902
0.203390
0.000000
1.900000
0.166667
1.000000
-0.011719
-0.006836
0.361111
0.042969
0.571429
-0.005859
0.382353
0.031250
0.022461
-0.031250
0.914286
0.029412
-0.044922
-0.042969
-0.046875
0.343284
0.171429
-0.023438
0.021484
0.002930
0.837209
0.911111
-0.000977
-0.040039
-0.005859
0.032227
0.900000
0.136364
0.574468
0.367347
0.359551
0.418182
-0.046875
0.115385
0.038462
3.428571
0.003906
-0.019531
0.001953
1.400000
-0.005859
-0.013672
0.636364
0.212121
0.254902
-0.010742
0.241379
0.008789
0.303030
0.034180
2.444444
4.285714
0.560000
1.175000
0.158730
0.182796
-0.028320
0.021484
0.039216
-0.015625
0.129032
0.439024
0.037109
0.740741
0.535714
2.222222
0.000977
0.023438
0.272727
1.909091
0.011719
0.145455
0.016602
0.053571
0.575000
0.007812
0.031250
0.357143
0.031250
0.025391
-0.041016
1.363636
1.274194
2.608696
0.061538
0.586957
0.296296
-0.049805
-0.016602
0.181818
-0.050781
0.704545
0.266667
1.115385
0.193548
-0.001953
0.002930
-0.005859
-0.004883
0.034483
0.011494
-0.015625
0.407895
3.700000
0.521739
0.017578
0.333333
0.006836
2.444444
1.360000
0.325000
0.017578
0.035156
-0.008789
0.403226
1.666667
0.023810
0.086207
0.012695
0.513761
0.019531
0.083333
0.836364
-0.002930
0.142857
0.233333
0.059701
0.011719
0.116667
-0.002930
0.063492
0.276316
0.142857
0.209302
0.137931
0.049805
1.158730
0.962963
0.211538
0.363636
0.044118
0.018555
0.122449
0.093750
0.036364
0.160920
0.218750
0.171875
-0.014648
-0.004883
0.002930
0.021484
0.385965
0.473684
0.446602
