-0.041992
0.037109
0.032227
0.021484
0.014648
-0.004883
-0.009766
-0.007812
0.007812
0.006836
0.020508
-0.035156
0.000000
-0.010742
-0.002930
-0.030273
0.012695
0.018555
0.013672
0.034180
-0.027344
0.014648
-0.046875
0.021484
0.016602
-0.010742
0.028320
-0.027344
0.015625
-0.036133
-0.024414
0.014648
0.045898
0.000000
-0.033203
-0.038086
-0.000977
0.000977
0.025391
0.032227
0.030273
-0.017578
-0.000977
-0.036133
0.012695
0.044922
-0.017578
0.035156
0.018555
0.009766
-0.003906
-0.012695
-0.000977
-0.008789
-0.005859
0.003906
-0.001953
-0.006836
-0.023438
-0.009766
0.020508
-0.002930
0.019531
0.017578
-0.010742
0.005859
-0.010742
-0.011719
0.027344
-0.002930
-0.010742
-0.017578
0.043945
-0.014648
0.002930
-0.004883
-0.008789
0.014648
-0.009766
0.002930
0.005859
-0.002930
-0.062500
0.001953
-0.008789
0.028320
0.017578
0.021484
0.059570
-0.002930
-0.006836
0.017578
-0.046875
-0.020508
-0.017578
-0.024414
0.026367
-0.025391
-0.013672
-0.021484
0.014648
-0.001953
0.008789
-0.025391
0.003906
0.005859
0.025391
0.071289
0.037109
-0.003906
-0.021484
0.026367
0.013672
0.024414
-0.030273
-0.023438
-0.017578
-0.004883
-0.015625
-0.018555
-0.016602
-0.009766
0.014648
0.000000
0.006836
-0.008789
-0.009766
-0.022461
0.029297
0.017578
0.021484
-0.017578
-0.014648
0.002930
0.017578
-0.022461
-0.000977
-0.006836
0.006836
-0.013672
-0.035156
0.010742
0.025391
-0.001953
-0.001953
0.018555
-0.011719
0.006836
0.037109
-0.011719
-0.015625
-0.015625
-0.033203
-0.018555
-0.006836
0.014648
0.031250
-0.012695
-0.007812
-0.010742
0.026367
-0.038086
0.040039
-0.011719
-0.001953
-0.022461
0.000000
-0.025391
-0.041992
-0.001953
-0.022461
0.008789
-0.010742
0.015625
-0.004883
-0.004883
-0.079102
-0.023438
0.029297
-0.011719
0.009766
-0.025391
-0.011719
-0.006836
-0.003906
0.012695
-0.034180
-0.003906
-0.035156
0.006836
0.004883
0.008789
0.009766
0.001953
0.007812
0.028320
-0.034180
-0.005859
0.005859
0.001953
0.019531
-0.018555
0.333984
0.749023
0.606445
0.559570
0.208008
0.155273
-0.021484
-0.001953
-0.010742
-0.020508
-0.039062
-0.038086
-0.004883
0.007812
0.003906
0.011719
0.010742
0.011719
0.006836
-0.030273
-0.019531
-0.037109
-0.018555
0.029297
0.029297
0.011719
-0.013672
-0.015625
0.867188
0.994141
0.995117
0.995117
0.994141
0.952148
0.805664
0.779297
0.789062
0.788086
0.775391
0.787109
0.738281
0.765625
0.662109
0.202148
0.026367
0.026367
-0.008789
0.006836
-0.002930
-0.020508
0.056641
-0.002930
-0.017578
-0.015625
0.004883
-0.001953
0.232422
0.427734
0.295898
0.470703
0.672852
0.897461
0.993164
0.877930
0.988281
0.988281
0.992188
0.964844
0.891602
0.988281
0.994141
0.552734
0.013672
0.005859
0.012695
-0.000977
-0.004883
-0.023438
0.026367
0.000000
-0.002930
0.019531
-0.004883
-0.012695
0.042969
0.005859
-0.011719
0.000000
-0.010742
0.059570
0.245117
0.046875
0.252930
0.281250
0.277344
0.218750
0.069336
0.916016
0.992188
0.447266
-0.001953
-0.006836
0.011719
-0.026367
0.005859
0.000000
-0.024414
-0.017578
-0.020508
-0.019531
-0.023438
0.024414
-0.000977
-0.009766
0.028320
-0.003906
-0.009766
0.012695
-0.006836
0.025391
0.027344
0.033203
0.041016
0.023438
0.344727
0.987305
0.824219
0.079102
0.009766
0.012695
-0.008789
0.016602
-0.034180
0.008789
0.038086
0.032227
0.007812
0.058594
0.024414
-0.009766
-0.043945
0.047852
-0.014648
-0.012695
-0.029297
0.022461
-0.001953
0.000977
-0.015625
-0.002930
-0.005859
0.070312
0.911133
0.998047
0.306641
0.014648
-0.022461
-0.016602
-0.029297
0.005859
0.010742
0.052734
0.025391
-0.030273
0.020508
0.015625
-0.032227
0.014648
-0.001953
-0.011719
0.003906
0.028320
-0.004883
0.000000
0.009766
0.014648
-0.014648
-0.005859
0.010742
0.499023
0.992188
0.907227
0.149414
0.045898
0.000977
0.022461
0.034180
0.001953
0.012695
0.019531
0.035156
0.033203
0.015625
0.022461
0.026367
0.000977
-0.041992
0.009766
0.017578
0.036133
0.002930
-0.049805
0.044922
0.010742
0.007812
0.040039
0.233398
0.974609
0.996094
0.234375
-0.004883
0.017578
0.003906
-0.010742
-0.014648
-0.008789
-0.016602
-0.007812
0.001953
-0.053711
0.010742
-0.003906
0.019531
0.002930
0.041992
-0.041016
-0.009766
-0.017578
0.003906
0.000000
-0.007812
-0.008789
0.017578
0.007812
0.496094
0.997070
0.721680
-0.017578
0.017578
-0.007812
0.009766
-0.000977
-0.011719
0.002930
0.000000
0.000000
-0.029297
-0.002930
-0.001953
0.000977
-0.014648
-0.003906
-0.017578
-0.008789
0.024414
-0.000977
0.000977
0.032227
0.028320
-0.004883
-0.028320
0.048828
0.787109
0.975586
0.196289
-0.011719
0.009766
-0.002930
0.021484
-0.035156
-0.011719
0.008789
-0.010742
0.009766
0.011719
-0.004883
-0.009766
0.008789
-0.004883
-0.017578
0.002930
-0.006836
0.011719
-0.020508
-0.031250
-0.000977
0.036133
-0.005859
-0.039062
0.479492
0.993164
0.721680
0.008789
-0.015625
0.030273
0.013672
-0.009766
-0.019531
0.027344
-0.043945
-0.061523
-0.024414
0.006836
-0.004883
-0.055664
0.012695
0.009766
-0.018555
0.018555
0.039062
0.009766
-0.022461
0.010742
0.028320
0.011719
-0.009766
0.265625
0.977539
0.951172
0.221680
-0.010742
-0.027344
-0.001953
0.006836
0.001953
-0.004883
0.003906
-0.014648
0.006836
-0.026367
-0.021484
0.006836
0.014648
0.021484
-0.026367
-0.013672
0.013672
0.010742
0.020508
-0.017578
-0.037109
-0.012695
-0.031250
0.083008
0.857422
0.992188
0.630859
0.019531
0.013672
-0.006836
-0.003906
-0.018555
-0.033203
0.000000
0.010742
0.003906
0.017578
-0.004883
0.004883
0.033203
-0.009766
0.013672
0.011719
-0.007812
0.024414
-0.028320
-0.026367
-0.004883
0.009766
0.026367
0.014648
0.775391
0.989258
0.855469
0.120117
-0.009766
-0.041016
-0.041992
0.052734
0.005859
0.022461
0.019531
0.006836
-0.004883
-0.009766
0.019531
0.011719
-0.003906
-0.011719
0.011719
0.049805
0.015625
0.025391
0.025391
0.012695
0.019531
0.001953
-0.017578
0.112305
0.998047
0.991211
0.315430
0.038086
0.030273
0.011719
-0.006836
0.020508
-0.024414
-0.011719
-0.043945
-0.015625
0.008789
-0.021484
-0.015625
-0.020508
0.004883
-0.024414
-0.005859
0.001953
-0.008789
-0.001953
0.020508
-0.004883
-0.018555
0.021484
0.116211
0.870117
0.990234
0.422852
-0.012695
-0.004883
-0.028320
0.000977
-0.008789
0.013672
-0.004883
0.017578
-0.013672
-0.021484
0.048828
-0.038086
-0.004883
-0.000977
0.008789
0.035156
0.022461
-0.003906
0.024414
-0.027344
-0.005859
-0.006836
-0.007812
0.034180
0.503906
0.992188
0.989258
0.166992
0.007812
0.017578
0.015625
-0.003906
-0.017578
-0.011719
-0.000977
-0.004883
0.013672
0.017578
-0.032227
-0.012695
0.000000
-0.008789
0.023438
-0.008789
-0.023438
-0.035156
-0.031250
0.014648
-0.008789
0.017578
-0.014648
0.293945
0.954102
0.994141
0.995117
0.177734
-0.010742
-0.051758
-0.002930
0.021484
0.013672
-0.005859
0.004883
0.047852
0.012695
0.006836
0.018555
0.012695
0.007812
-0.020508
-0.002930
0.014648
0.025391
0.023438
-0.017578
0.022461
-0.012695
0.001953
-0.006836
0.518555
0.997070
0.992188
0.839844
0.172852
0.062500
-0.014648
-0.000977
0.039062
-0.041016
-0.032227
0.004883
0.033203
0.006836
0.013672
-0.028320
-0.001953
-0.000977
0.004883
0.047852
0.020508
-0.021484
-0.013672
0.001953
0.000977
0.004883
0.007812
-0.032227
0.442383
0.987305
0.811523
0.051758
-0.020508
0.024414
0.021484
-0.026367
0.012695
-0.018555
-0.026367
0.029297
0.017578
-0.005859
0.000000
0.034180
0.025391
0.018555
-0.002930
-0.030273
0.015625
-0.007812
-0.001953
0.046875
-0.007812
0.024414
-0.011719
0.001953
-0.010742
0.024414
-0.028320
-0.025391
-0.044922
0.023438
-0.011719
0.018555
-0.004883
-0.009766
-0.037109
0.005859
-0.005859
0.031250
0.005859
-0.033203
0.007812
0.018555
