0.567164
0.470588
0.564516
16.000000
0.483871
2.833333
1.857143
0.785714
0.538462
0.833333
1.277778
0.010742
1.000000
0.492537
0.500000
0.153846
1.692308
1.000000
1.266667
0.003906
0.526316
0.896552
2.230769
1.636364
0.442308
0.684211
1.384615
0.777778
0.776119
0.631579
0.482759
0.454545
0.142857
1.125000
0.883721
3.700000
0.260870
0.620690
0.581395
0.454545
2.333333
0.132075
0.730769
0.604167
0.916667
0.047852
0.314815
19.000000
0.521739
0.138462
11.333333
0.564103
0.764706
0.397260
5.000000
0.278351
0.333333
0.750000
1.863636
0.250000
0.041016
0.535714
0.840000
0.218750
0.022461
-0.007812
0.440000
0.235294
0.318182
0.965517
0.400000
1.250000
1.205882
6.000000
0.036133
1.470588
0.342105
0.388889
0.173077
0.009766
0.045898
0.757576
0.102941
0.767442
0.166667
5.333333
1.380952
1.000000
0.631579
4.375000
1.933333
1.037037
0.034180
1.611111
0.046875
4.666667
0.511628
0.750000
4.333333
0.792453
0.485714
3.470588
0.625000
1.217391
0.058824
9.333333
0.014648
0.076923
2.181818
1.629630
0.500000
0.454545
0.011719
0.857143
0.004883
0.059570
2.642857
0.423077
0.869565
0.041016
0.024414
2.230769
0.565217
0.200000
1.038462
1.640000
0.660000
0.611111
0.365079
11.000000
2.400000
0.918919
0.014648
0.017578
0.384615
0.296296
0.428571
0.615385
0.306122
0.937500
0.226804
0.560976
0.937500
5.500000
1.562500
0.700000
0.031250
98.000000
1.666667
3.562500
0.307692
0.500000
0.018555
1.551724
0.052632
1.642857
4.583333
0.500000
0.392857
0.013672
0.014648
2.473684
0.550000
0.387097
0.619048
0.176471
0.814815
0.250000
1.240000
2.125000
0.033898
0.375000
0.013333
0.516129
0.333333
0.030769
1.421053
0.303030
0.425000
0.727273
0.200000
0.476190
0.343434
0.545455
0.368932
1.357143
0.144578
0.021484
0.021484
0.040039
0.670886
3.384615
0.436620
1.400000
0.117647
0.518072
0.886364
0.261538
0.207547
0.800000
0.581818
1.000000
0.183333
0.447761
0.435897
1.629630
0.021484
0.050633
0.816667
0.238636
1.173913
0.250000
0.642857
1.666667
0.578947
0.111111
2.086957
0.062500
1.600000
0.235294
0.652174
3.000000
3.750000
1.217391
0.282609
1.545455
5.000000
1.205882
0.200000
0.900000
5.000000
0.703704
0.453125
0.527778
0.615385
2.250000
0.014648
1.692308
0.428571
0.271186
0.736842
0.131148
0.687500
1.923077
0.007812
2.000000
0.020508
0.296296
1.571429
0.603448
0.852941
1.545455
0.127907
0.192308
0.005859
0.033203
1.114286
1.000000
0.875000
2.000000
1.750000
0.886792
0.692308
0.600000
1.038462
0.212500
0.423077
0.473684
0.411765
3.055556
0.424242
0.363636
3.000000
0.829268
0.720000
2.400000
1.292308
1.166667
0.666667
0.255814
0.388889
0.224138
2.391304
0.482759
0.011719
0.666667
1.000000
21.000000
0.006836
0.566038
1.551020
1.777778
0.007812
0.896552
0.653846
0.857143
0.447368
0.367089
0.333333
0.935484
0.151515
0.327586
0.020508
1.240000
0.830986
0.477273
0.671642
0.043945
0.666667
0.020508
0.435897
0.947368
0.625000
0.542857
0.608696
0.266667
0.283186
2.863636
1.500000
0.473684
0.080078
1.200000
0.434783
0.789474
0.962963
0.840000
2.222222
1.571429
0.287879
0.117647
3.421053
1.700000
1.571429
0.900000
0.347826
0.529412
0.229885
0.243243
0.136364
1.500000
4.400000
1.666667
0.838710
3.100000
1.111111
0.343750
1.789474
1.250000
28.000000
0.281690
0.647059
0.800000
1.000000
0.530303
0.714286
0.023438
2.714286
3.483871
0.852459
0.838710
4.111111
11.000000
2.785714
0.586207
3.500000
0.979167
1.028571
0.745455
0.877193
0.415385
9.142857
1.013699
1.393939
0.352941
0.058824
2.333333
1.200000
0.035714
0.606557
0.443182
0.440678
0.015625
0.034180
0.642857
1.714286
0.800000
0.166667
0.192308
0.424242
0.288462
0.651163
0.197802
0.242718
0.913043
0.904762
0.117647
0.945946
0.066667
0.862069
0.554054
0.712121
1.073171
0.136364
0.443182
0.722222
0.190000
0.593750
0.224490
2.214286
0.954545
0.859649
1.545455
1.187500
0.645161
0.727273
4.100000
0.777778
0.269231
0.186441
0.724138
0.184211
0.687500
0.379310
0.500000
16.333333
0.758621
0.976744
1.078947
0.311111
0.516129
1.193548
0.212766
0.941176
1.250000
0.155738
0.550000
1.259259
0.479167
4.181818
0.161290
0.216216
0.032609
0.862069
0.019231
0.578947
0.475410
0.054054
0.548387
0.018555
9.000000
0.229885
4.666667
1.387755
2.562500
18.500000
45.500000
2.000000
1.730769
1.812500
0.446429
0.018182
0.365854
0.612245
0.257143
1.000000
0.430769
4.000000
1.911765
4.722222
1.100000
2.250000
1.142857
1.709677
0.383333
0.973684
0.321429
0.166667
1.916667
2.714286
1.312500
4.000000
0.833333
0.647059
2.333333
0.744681
0.984127
0.722892
0.420000
2.833333
1.322581
0.308642
0.377778
1.000000
0.547170
0.369565
2.125000
0.040039
1.279070
2.772727
0.709091
1.666667
0.254545
1.833333
0.611111
0.700000
0.363636
0.604651
0.517241
1.433333
8.250000
0.500000
1.714286
2.600000
1.857143
15.000000
1.437500
0.833333
0.929825
0.041992
1.000000
0.062500
0.800000
0.904762
0.600000
1.424242
5.166667
0.561404
0.357143
1.517241
0.073171
2.333333
0.114286
0.972222
0.426230
0.245614
1.823529
2.416667
2.444444
2.279070
1.457143
2.142857
1.170732
0.727273
0.214286
9.111111
0.185185
0.513158
0.651163
0.363636
0.585366
1.000000
5.230769
1.787879
1.111111
1.350000
0.263158
0.566667
0.372881
0.833333
0.031250
0.931818
0.147059
0.018555
0.508772
0.736842
3.222222
1.653846
2.300000
0.090909
0.210526
1.000000
0.818182
0.135135
1.413793
0.166667
0.214286
0.272727
1.580645
0.962264
4.214286
2.933333
0.166667
0.428571
0.686567
0.154930
0.153846
0.277778
0.135922
0.161616
0.070423
0.560606
0.500000
0.733333
0.287671
0.750000
0.033203
0.554217
0.755556
0.438596
0.013672
0.406593
0.325301
0.543860
0.511111
0.025391
1.243902
22.500000
0.534884
0.250000
2.428571
0.538462
2.428571
2.600000
0.306122
0.024414
0.016602
0.620690
0.103896
1.000000
1.052632
1.583333
0.576923
1.320000
0.305556
1.125000
1.000000
0.800000
0.022461
0.769231
0.575000
0.773585
0.015625
4.000000
3.400000
1.000000
3.705882
2.600000
9.500000
0.907407
0.428571
0.685714
1.069767
0.150000
0.310345
0.010742
0.725000
1.857143
1.769231
5.454545
3.333333
1.578947
9.600000
4.571429
1.694444
0.666667
1.875000
0.846154
0.521739
0.263158
0.638889
1.125000
1.705882
0.588235
0.711538
1.360000
1.217391
11.800000
3.833333
0.593750
0.041667
0.727273
0.953488
1.090909
0.001953
0.652174
0.666667
3.600000
3.083333
1.185185
1.156250
1.548387
108.000000
0.281250
0.072165
0.038462
0.465116
0.380952
0.384615
0.261364
3.200000
1.133333
0.265306
0.666667
1.317073
2.700000
1.466667
0.179104
0.421053
1.307692
1.684211
0.593750
0.892857
2.000000
0.026367
0.011719
1.812500
1.666667
1.935484
2.933333
0.433962
0.128205
0.551020
0.158730
1.190476
0.440678
1.214286
0.204545
2.048780
0.479167
0.347826
5.500000
4.285714
1.466667
0.333333
0.559322
0.188406
0.620000
0.925926
1.113636
0.322581
1.558824
0.111111
1.850000
6.230769
1.475000
1.411765
0.628571
0.013672
0.316667
5.750000
3.466667
0.166667
0.258065
1.142857
0.464286
0.022461
1.800000
2.304348
3.944444
0.280488
0.230769
0.809524
0.787879
0.033203
0.954545
0.857143
0.238095
1.218750
1.484848
0.647059
0.833333
4.125000
14.285714
0.086957
0.636364
0.608696
4.500000
0.304348
1.117647
0.006836
0.368421
0.476923
0.866667
0.419753
0.928571
2.100000
1.512821
0.076923
0.024414
0.545455
0.415094
1.863636
1.093023
0.451613
0.255556
1.020408
1.000000
0.512195
0.452830
0.885714
0.250000
1.562500
0.177215
0.659574
0.828571
0.375000
1.090909
0.201754
0.738462
0.024414
0.230769
1.368421
0.484375
0.866667
0.439394
2.333333
0.509091
0.008789
2.888889
3.000000
0.404762
0.322581
1.775000
0.027344
1.538462
3.125000
0.234043
0.695652
0.716981
37.000000
1.576923
1.050000
0.240506
1.222222
0.512821
0.383562
0.833333
1.600000
0.571429
1.466667
3.125000
0.019531
0.072727
0.369048
0.043478
0.259259
1.840000
0.327273
5.000000
0.191176
0.216667
0.428571
5.571429
0.500000
0.945205
13.333333
3.666667
2.166667
2.625000
1.263158
0.739130
10.666667
1.434783
0.677419
1.137255
1.534884
2.111111
3.333333
0.457143
4.277778
1.300000
1.210526
7.666667
1.725000
1.395833
16.000000
1.916667
1.071429
1.333333
0.923077
0.265625
0.682927
1.222222
0.433962
0.258621
9.500000
0.269231
0.095238
1.437500
0.444444
0.600000
0.409836
0.666667
0.585366
8.400000
13.000000
2.200000
0.067383
1.714286
1.048780
0.026367
4.812500
2.600000
4.875000
0.021484
0.651163
0.226190
0.017578
0.600000
4.000000
0.185185
0.651163
0.690476
0.666667
1.739130
2.760000
2.818182
0.500000
0.311475
1.303030
0.187500
0.882353
0.316667
0.683333
1.472222
0.925926
0.363636
6.692308
1.384615
0.618182
36.000000
0.600000
0.500000
0.571429
0.413793
0.769231
18.000000
0.952381
0.727273
0.067797
0.003906
6.500000
6.727273
1.750000
0.384615
2.333333
1.078431
1.714286
0.731707
0.257143
1.275862
0.934783
2.888889
0.351351
1.450000
2.000000
2.105263
0.030273
0.596491
0.061224
0.695652
0.032967
1.040000
1.052632
0.962963
0.913043
2.000000
1.038462
3.142857
0.492063
4.000000
0.088889
0.785714
0.941176
11.666667
0.203125
0.451613
0.256757
0.158537
1.039216
0.823529
1.500000
0.972973
0.844444
1.555556
0.897436
0.120000
2.000000
0.490196
0.232558
0.535211
0.318182
0.152174
0.298507
0.250000
1.482759
0.013672
0.354167
0.588235
0.571429
0.534091
1.612903
0.785714
0.066667
0.444444
3.555556
0.600000
0.224490
0.026367
0.312500
1.130435
0.863636
0.350000
1.194444
11.000000
1.347826
7.600000
0.923077
0.067568
0.208333
0.157895
0.588235
0.034180
0.871795
1.153846
0.947368
0.125000
0.492308
1.000000
0.050000
0.023438
0.750000
0.500000
0.571429
0.674419
0.481481
0.039216
0.931034
7.000000
0.266667
0.265306
1.600000
0.467742
0.320755
0.189189
0.920000
0.506667
1.357143
1.000000
4.000000
0.617647
1.781250
2.150000
1.225000
6.000000
0.760000
1.114286
2.600000
1.166667
0.775510
0.116279
3.714286
0.909091
0.028320
0.521739
7.000000
2.166667
0.407407
4.850000
5.400000
0.916667
0.189189
0.308824
0.736842
0.006836
4.333333
0.696970
0.272727
0.468750
28.000000
1.000000
0.169811
1.000000
3.928571
0.432432
1.750000
1.250000
0.178571
1.666667
2.857143
1.750000
1.062500
0.518519
0.097561
0.483871
1.400000
0.833333
1.562500
0.733333
0.012695
2.600000
0.163636
0.408163
13.333333
1.230769
0.681818
1.238095
0.200000
1.180000
0.705882
0.642857
0.561404
2.000000
0.437500
2.625000
0.631579
0.347826
0.212121
0.423077
0.847458
0.862069
0.279412
0.476190
1.964286
2.153846
5.222222
0.750000
0.407407
0.875000
0.166667
0.337209
0.565217
0.241935
0.666667
0.526316
0.300000
2.777778
2.437500
33.000000
0.870968
0.029851
0.459459
1.043478
0.324324
0.343284
0.400000
0.837209
0.911111
0.203390
1.900000
1.000000
0.367347
0.571429
0.382353
3.428571
0.914286
1.400000
0.636364
0.254902
0.575000
0.303030
2.444444
4.285714
1.363636
2.608696
0.586957
0.129032
0.439024
0.740741
2.222222
0.272727
1.909091
0.116667
0.407895
3.700000
0.333333
2.444444
1.360000
0.363636
0.403226
1.666667
0.218750
0.513761
0.836364
0.385965
0.473684
