-0.079102
-0.069336
-0.161133
-0.219727
-0.120117
0.024414
-0.082031
0.000977
-0.194336
-0.071289
-0.085938
-0.193359
0.031250
-0.209961
-0.210938
0.203125
-0.194336
-0.039062
-0.047852
-0.070312
-0.069336
-0.227539
-0.117188
0.018555
-0.050781
-0.050781
0.237305
0.021484
-0.001953
-0.052734
0.345703
0.166992
-0.025391
0.137695
-0.187500
0.333008
-0.072266
0.105469
-0.099609
-0.052734
0.133789
-0.004883
0.108398
0.065430
0.000000
-0.161133
-0.084961
-0.221680
0.003906
-0.171875
0.130859
-0.093750
0.086914
-0.043945
0.004883
0.242188
0.076172
0.325195
0.344727
0.154297
0.201172
0.070312
0.276367
0.180664
-0.027344
0.049805
-0.170898
-0.113281
0.193359
0.142578
-0.124023
-0.242188
0.075195
0.118164
0.154297
-0.251953
0.076172
0.000000
0.208008
0.082031
-0.017578
-0.058594
0.144531
0.297852
0.123047
0.178711
0.166016
-0.016602
0.291992
0.273438
-0.215820
-0.020508
0.252930
0.177734
0.381836
0.057617
-0.188477
0.207031
0.081055
0.157227
0.130859
0.049805
0.242188
0.223633
0.115234
0.050781
0.296875
0.040039
0.081055
0.168945
0.353516
0.261719
0.058594
-0.015625
-0.145508
0.146484
0.153320
-0.182617
-0.143555
0.023438
-0.062500
-0.075195
-0.165039
-0.265625
0.043945
-0.182617
-0.044922
-0.042969
-0.051758
0.000977
0.213867
0.003906
0.214844
0.142578
0.287109
0.023438
0.001953
0.161133
0.247070
0.133789
-0.079102
0.184570
-0.068359
-0.200195
0.104492
0.029297
-0.281250
-0.094727
-0.241211
0.010742
