-0.008789
-0.071289
-0.006836
-0.041992
-0.002930
0.039062
0.018555
0.023438
0.043945
0.087891
0.041016
-0.087891
-0.091797
-0.029297
0.009766
-0.022461
-0.086914
0.071289
-0.099609
0.017578
0.034180
-0.003906
0.082031
0.070312
0.120117
-0.057617
-0.029297
-0.054688
0.027344
-0.052734
-0.089844
0.025391
-0.086914
0.091797
0.113281
-0.078125
-0.117188
-0.024414
0.033203
0.025391
-0.217773
0.002930
0.018555
0.014648
-0.131836
0.033203
0.046875
0.077148
0.072266
-0.075195
-0.021484
-0.041992
-0.072266
-0.080078
-0.094727
-0.113281
0.040039
0.107422
0.067383
0.101562
0.018555
0.095703
0.125000
-0.174805
-0.071289
0.012695
0.065430
0.050781
-0.015625
-0.141602
0.000977
0.057617
0.042969
-0.077148
-0.126953
-0.045898
0.041016
0.035156
0.077148
-0.024414
-0.112305
-0.020508
0.021484
-0.012695
-0.018555
-0.066406
0.074219
0.008789
-0.001953
-0.100586
0.105469
0.142578
0.041016
-0.125000
-0.108398
0.024414
0.196289
-0.107422
-0.188477
-0.075195
-0.099609
-0.062500
-0.153320
-0.052734
-0.015625
-0.058594
-0.186523
0.031250
0.099609
0.065430
-0.185547
-0.090820
0.106445
0.061523
-0.094727
-0.125000
-0.009766
0.051758
0.142578
-0.221680
-0.169922
0.124023
0.035156
-0.096680
-0.109375
-0.069336
-0.065430
-0.001953
0.053711
-0.023438
-0.039062
0.034180
-0.019531
-0.025391
-0.054688
0.012695
-0.049805
0.058594
-0.075195
0.025391
-0.034180
0.016602
-0.048828
-0.128906
0.010742
0.045898
-0.037109
0.074219
-0.101562
-0.066406
0.056641
-0.035156
-0.065430
0.028320
0.032227
0.050781
-0.112305
-0.115234
-0.117188
-0.093750
0.002930
-0.056641
-0.127930
0.001953
-0.172852
-0.120117
-0.000977
-0.050781
-0.150391
0.036133
-0.052734
0.003906
-0.156250
-0.037109
-0.110352
0.014648
-0.102539
0.022461
-0.042969
-0.108398
0.024414
0.072266
-0.029297
-0.144531
-0.024414
-0.035156
-0.004883
0.039062
0.071289
-0.032227
0.023438
-0.076172
0.049805
0.086914
-0.032227
0.094727
-0.019531
-0.017578
-0.000977
-0.012695
-0.024414
-0.078125
-0.087891
-0.023438
0.078125
-0.091797
-0.073242
-0.041016
-0.075195
0.030273
0.058594
0.026367
-0.078125
-0.081055
-0.020508
0.114258
0.151367
0.158203
0.147461
-0.113281
0.081055
0.107422
0.075195
-0.117188
-0.083984
-0.111328
-0.055664
-0.111328
0.035156
0.027344
-0.010742
-0.206055
0.002930
0.066406
0.090820
0.013672
0.055664
-0.057617
-0.016602
0.028320
0.037109
0.126953
0.097656
0.038086
0.024414
-0.173828
-0.166992
-0.087891
-0.021484
-0.147461
-0.027344
0.003906
0.083984
-0.034180
-0.018555
0.037109
-0.079102
-0.174805
-0.173828
0.042969
0.029297
-0.110352
-0.092773
-0.049805
0.127930
0.085938
0.008789
0.094727
0.149414
0.057617
0.073242
0.082031
-0.142578
-0.044922
-0.123047
0.050781
0.063477
-0.025391
-0.024414
0.060547
-0.074219
0.019531
0.032227
0.007812
0.000000
-0.078125
0.044922
0.086914
0.070312
0.062500
0.161133
0.151367
0.051758
0.101562
-0.049805
0.021484
0.109375
0.052734
-0.016602
0.087891
-0.089844
-0.107422
-0.048828
0.065430
-0.072266
0.042969
-0.036133
-0.020508
-0.094727
0.071289
0.011719
0.020508
-0.085938
0.050781
0.110352
-0.047852
-0.080078
0.035156
-0.005859
-0.013672
0.055664
-0.004883
0.103516
-0.062500
0.080078
0.047852
0.008789
0.048828
-0.005859
-0.037109
0.023438
-0.099609
-0.109375
-0.096680
0.099609
0.029297
-0.010742
0.120117
0.049805
-0.070312
-0.100586
0.057617
0.041016
0.079102
0.078125
-0.090820
-0.041016
-0.185547
-0.116211
-0.035156
-0.078125
-0.013672
-0.072266
0.018555
-0.153320
0.033203
-0.059570
-0.100586
0.079102
-0.115234
-0.024414
0.126953
0.208984
0.122070
0.216797
0.137695
0.033203
0.093750
-0.049805
-0.005859
-0.104492
-0.194336
-0.160156
-0.067383
-0.025391
0.094727
-0.000977
-0.095703
-0.059570
-0.146484
0.111328
-0.034180
0.085938
-0.152344
0.003906
-0.020508
0.077148
0.079102
0.170898
0.002930
-0.058594
0.017578
-0.120117
0.014648
0.023438
-0.213867
-0.074219
-0.206055
0.000977
0.016602
0.027344
0.029297
-0.018555
-0.019531
-0.109375
0.000977
0.020508
-0.114258
-0.061523
-0.105469
-0.000977
-0.034180
0.099609
0.144531
0.096680
0.073242
-0.001953
0.137695
0.011719
0.000977
-0.041016
-0.022461
-0.146484
-0.185547
0.042969
-0.032227
-0.028320
-0.132812
0.082031
0.000000
-0.036133
-0.051758
-0.001953
-0.041016
-0.120117
0.133789
0.141602
0.166992
0.129883
0.223633
0.104492
0.016602
0.053711
-0.012695
-0.014648
-0.036133
-0.145508
-0.112305
-0.094727
-0.045898
-0.040039
0.110352
0.088867
-0.014648
-0.017578
-0.041016
-0.051758
0.050781
-0.052734
0.044922
-0.001953
0.059570
-0.069336
-0.039062
-0.125977
0.039062
-0.077148
-0.001953
0.002930
-0.095703
0.127930
0.064453
-0.059570
-0.046875
-0.054688
-0.100586
-0.126953
0.073242
-0.006836
0.011719
0.000977
-0.060547
-0.058594
-0.050781
-0.106445
0.067383
0.025391
-0.082031
0.106445
-0.067383
-0.107422
-0.087891
-0.033203
-0.033203
0.041992
-0.111328
0.000977
-0.056641
-0.075195
-0.108398
0.014648
0.026367
0.015625
0.031250
-0.057617
-0.038086
-0.080078
0.133789
0.117188
0.059570
0.088867
-0.025391
0.085938
0.169922
0.123047
-0.108398
-0.166016
-0.141602
0.088867
0.193359
-0.054688
-0.118164
0.010742
-0.085938
-0.083008
-0.030273
-0.032227
0.100586
-0.074219
-0.088867
0.141602
0.059570
0.065430
0.157227
-0.012695
0.016602
0.003906
-0.037109
0.151367
0.113281
-0.160156
-0.173828
-0.112305
0.031250
0.054688
-0.017578
-0.125977
-0.161133
-0.128906
-0.040039
-0.027344
0.034180
-0.039062
0.012695
0.125000
0.041016
0.000977
-0.080078
-0.148438
0.071289
-0.036133
-0.037109
-0.005859
0.082031
-0.039062
-0.035156
-0.106445
-0.011719
0.083008
-0.094727
-0.148438
-0.141602
-0.061523
-0.114258
-0.095703
0.065430
-0.081055
-0.019531
-0.022461
0.038086
-0.080078
0.161133
-0.070312
0.037109
-0.011719
0.070312
-0.046875
-0.007812
0.004883
0.053711
0.015625
0.010742
-0.107422
0.036133
0.162109
0.049805
-0.071289
0.019531
-0.000977
-0.028320
-0.049805
-0.018555
0.029297
-0.083984
0.033203
-0.095703
-0.040039
0.011719
-0.094727
0.035156
0.049805
0.070312
-0.113281
0.058594
-0.080078
0.100586
0.016602
-0.041016
-0.078125
0.063477
-0.092773
-0.031250
0.031250
0.042969
0.012695
0.049805
0.125977
-0.023438
-0.030273
-0.060547
0.072266
0.024414
-0.076172
-0.022461
0.023438
0.065430
0.028320
0.090820
-0.036133
0.069336
0.026367
-0.079102
-0.066406
0.040039
-0.061523
-0.073242
0.011719
-0.068359
0.085938
-0.012695
0.061523
-0.046875
0.015625
-0.113281
-0.005859
-0.148438
0.044922
-0.025391
0.059570
-0.035156
0.002930
-0.078125
-0.047852
0.004883
0.051758
0.040039
0.016602
-0.025391
0.030273
0.025391
-0.051758
0.081055
0.097656
-0.109375
-0.139648
0.015625
0.015625
-0.077148
-0.028320
-0.088867
-0.124023
-0.118164
-0.044922
0.082031
0.092773
-0.022461
0.004883
0.021484
0.028320
0.059570
-0.018555
0.056641
0.105469
-0.089844
-0.058594
-0.001953
0.056641
0.074219
-0.101562
0.026367
0.036133
-0.011719
-0.070312
-0.113281
0.047852
0.012695
-0.116211
-0.005859
-0.043945
0.040039
-0.112305
-0.047852
-0.068359
-0.077148
0.066406
0.004883
-0.087891
-0.057617
0.148438
-0.075195
-0.029297
-0.041992
-0.045898
0.110352
0.010742
0.028320
-0.122070
0.061523
-0.031250
0.038086
0.048828
-0.125000
0.062500
-0.028320
-0.106445
0.050781
-0.033203
-0.025391
-0.124023
-0.061523
-0.007812
-0.096680
0.036133
-0.039062
-0.097656
0.028320
0.060547
0.051758
-0.124023
-0.027344
-0.023438
0.097656
0.015625
-0.116211
-0.029297
0.094727
0.063477
-0.069336
-0.055664
0.020508
-0.080078
0.060547
0.005859
-0.003906
0.057617
0.010742
-0.057617
0.111328
-0.037109
-0.023438
-0.001953
-0.136719
-0.061523
-0.036133
-0.056641
-0.090820
-0.068359
-0.043945
0.028320
0.051758
0.000000
-0.078125
0.036133
0.086914
0.029297
0.083008
-0.083008
0.101562
0.059570
0.034180
0.016602
0.141602
-0.069336
-0.036133
0.069336
-0.088867
0.041992
-0.134766
0.002930
0.074219
-0.038086
0.107422
-0.057617
-0.058594
-0.100586
-0.145508
-0.045898
-0.061523
0.060547
-0.092773
-0.115234
0.093750
0.102539
-0.087891
-0.122070
0.047852
0.005859
0.045898
-0.020508
-0.125000
-0.078125
-0.008789
0.103516
0.107422
0.056641
-0.015625
0.110352
0.074219
0.009766
0.016602
-0.072266
0.134766
-0.067383
0.044922
-0.072266
-0.070312
0.089844
0.008789
-0.145508
-0.177734
0.087891
0.070312
-0.089844
0.069336
-0.052734
-0.129883
-0.016602
-0.027344
-0.048828
0.118164
-0.026367
-0.094727
0.061523
0.073242
0.026367
-0.164062
0.005859
0.056641
0.033203
-0.083984
-0.036133
0.113281
0.101562
-0.021484
-0.018555
0.038086
0.000977
0.055664
-0.111328
-0.126953
-0.004883
0.107422
-0.040039
0.062500
-0.014648
-0.086914
-0.041992
-0.046875
0.032227
0.101562
-0.089844
-0.076172
0.060547
0.000000
-0.042969
0.074219
0.096680
0.060547
0.018555
-0.115234
0.072266
0.015625
-0.035156
0.083984
-0.086914
-0.041016
0.106445
-0.001953
0.059570
-0.018555
-0.055664
-0.045898
0.000000
-0.000977
0.051758
-0.015625
0.056641
0.106445
0.041992
0.105469
-0.017578
0.128906
0.006836
-0.018555
0.094727
0.014648
0.057617
-0.001953
0.031250
-0.044922
-0.059570
-0.009766
0.082031
-0.035156
-0.038086
-0.009766
-0.007812
-0.037109
0.030273
0.091797
-0.016602
0.007812
0.002930
-0.069336
0.074219
-0.086914
-0.088867
-0.044922
0.017578
-0.003906
0.044922
0.094727
0.047852
-0.099609
-0.058594
0.080078
-0.004883
0.057617
0.047852
-0.062500
0.005859
0.127930
-0.101562
-0.089844
-0.087891
-0.100586
-0.077148
0.018555
0.083008
-0.062500
-0.093750
0.052734
-0.066406
0.127930
-0.088867
-0.020508
-0.043945
0.029297
-0.045898
0.017578
-0.088867
0.044922
-0.028320
-0.021484
-0.035156
0.083008
-0.078125
-0.103516
-0.104492
-0.049805
0.058594
-0.027344
-0.068359
-0.021484
0.019531
0.016602
0.010742
0.083984
-0.075195
0.016602
-0.061523
0.053711
-0.036133
0.016602
-0.013672
-0.064453
-0.062500
0.026367
-0.105469
0.112305
-0.012695
0.055664
0.003906
0.098633
-0.058594
-0.039062
-0.039062
-0.037109
-0.097656
-0.042969
-0.032227
-0.031250
-0.036133
-0.030273
0.073242
-0.113281
-0.032227
-0.051758
0.084961
0.100586
0.076172
-0.104492
0.040039
-0.064453
0.061523
-0.083008
-0.083984
0.043945
0.039062
0.044922
0.019531
-0.058594
0.035156
-0.110352
0.077148
-0.098633
0.046875
-0.043945
-0.053711
0.029297
-0.015625
0.029297
0.085938
0.071289
0.007812
0.088867
0.018555
0.074219
0.099609
0.097656
0.087891
-0.037109
-0.047852
-0.067383
0.105469
-0.003906
-0.009766
-0.042969
0.072266
0.024414
-0.062500
0.021484
-0.103516
-0.068359
0.077148
-0.088867
-0.148438
-0.045898
-0.031250
0.043945
-0.010742
0.049805
-0.000977
0.031250
0.013672
0.029297
-0.000977
0.060547
-0.083984
0.090820
0.008789
-0.022461
0.022461
0.018555
0.034180
-0.099609
0.009766
-0.043945
-0.140625
-0.050781
-0.035156
-0.004883
0.058594
0.067383
-0.087891
0.048828
-0.115234
-0.084961
-0.001953
-0.049805
-0.092773
-0.128906
0.023438
-0.131836
-0.093750
-0.022461
-0.007812
-0.127930
-0.084961
-0.079102
-0.073242
0.099609
0.079102
-0.123047
-0.099609
0.089844
0.082031
0.099609
0.083008
0.047852
-0.040039
-0.000977
0.132812
0.172852
0.024414
-0.013672
-0.056641
0.103516
-0.079102
-0.008789
-0.099609
-0.099609
-0.058594
-0.037109
0.032227
-0.013672
0.106445
0.068359
-0.125977
-0.166016
-0.079102
0.092773
0.009766
0.055664
-0.008789
-0.042969
0.066406
0.119141
-0.030273
0.012695
-0.027344
-0.105469
-0.150391
0.072266
0.020508
-0.056641
0.050781
-0.079102
0.034180
-0.075195
-0.002930
-0.012695
-0.027344
-0.106445
-0.154297
0.120117
0.090820
-0.017578
-0.122070
-0.006836
0.050781
0.040039
0.076172
0.005859
0.026367
0.005859
0.097656
0.009766
0.031250
-0.115234
0.054688
0.055664
-0.064453
-0.066406
0.075195
0.081055
0.016602
-0.081055
0.000000
-0.106445
0.053711
0.006836
0.068359
-0.063477
0.027344
0.017578
0.035156
0.097656
0.029297
-0.099609
-0.015625
0.041016
-0.031250
0.063477
0.058594
-0.029297
0.034180
-0.021484
-0.032227
0.020508
0.006836
-0.051758
0.157227
0.003906
0.087891
0.037109
0.128906
0.024414
0.002930
-0.043945
0.077148
0.041016
0.093750
-0.083984
-0.045898
-0.087891
0.094727
-0.015625
-0.024414
-0.007812
-0.046875
0.091797
-0.083008
0.053711
-0.064453
0.082031
0.039062
0.038086
-0.085938
-0.083008
0.045898
0.032227
-0.144531
0.029297
0.074219
-0.008789
-0.084961
-0.110352
0.066406
0.148438
0.023438
-0.049805
0.025391
-0.053711
0.185547
-0.079102
-0.035156
-0.099609
0.016602
-0.100586
-0.041016
-0.049805
-0.151367
-0.061523
-0.003906
-0.015625
-0.032227
-0.146484
-0.100586
-0.096680
-0.051758
-0.021484
0.046875
-0.050781
-0.012695
0.092773
-0.107422
0.116211
0.011719
0.060547
0.062500
0.090820
-0.148438
-0.194336
0.068359
-0.012695
-0.162109
-0.019531
-0.078125
0.051758
-0.048828
-0.027344
0.077148
0.064453
-0.052734
-0.178711
0.031250
0.025391
0.095703
-0.004883
-0.020508
0.098633
-0.008789
0.126953
0.019531
-0.004883
0.125977
-0.079102
0.135742
0.037109
0.079102
0.030273
-0.035156
-0.012695
-0.123047
-0.117188
0.056641
-0.002930
-0.102539
-0.039062
0.075195
-0.139648
0.060547
-0.049805
0.194336
-0.003906
0.032227
0.061523
0.070312
0.166992
0.014648
0.057617
-0.079102
-0.087891
-0.058594
-0.042969
-0.054688
-0.094727
0.008789
0.071289
-0.019531
-0.020508
-0.042969
-0.051758
-0.087891
-0.105469
-0.083008
-0.031250
0.122070
-0.055664
-0.045898
0.106445
-0.013672
0.079102
-0.023438
-0.033203
0.039062
0.028320
-0.064453
-0.022461
-0.036133
-0.078125
0.063477
0.091797
-0.063477
-0.046875
0.086914
0.094727
0.068359
0.103516
0.099609
0.122070
0.004883
0.122070
0.052734
0.058594
0.096680
-0.023438
0.017578
0.064453
0.129883
0.044922
0.091797
0.008789
0.032227
0.031250
-0.115234
-0.067383
0.084961
0.035156
0.017578
0.081055
-0.046875
-0.101562
-0.028320
0.027344
-0.074219
-0.083008
-0.000977
-0.070312
-0.011719
-0.049805
-0.072266
-0.097656
0.027344
0.005859
-0.105469
0.041016
-0.105469
-0.073242
-0.025391
-0.118164
0.010742
-0.036133
-0.072266
0.023438
-0.066406
0.024414
-0.148438
-0.067383
0.030273
0.017578
0.069336
0.032227
0.068359
-0.055664
0.010742
-0.047852
-0.075195
-0.081055
0.071289
0.038086
-0.029297
0.012695
-0.026367
0.054688
-0.062500
-0.089844
-0.089844
-0.021484
-0.062500
0.057617
-0.020508
0.077148
0.053711
-0.113281
-0.100586
0.012695
-0.105469
0.026367
-0.039062
-0.088867
-0.076172
-0.001953
0.109375
0.099609
0.038086
-0.075195
-0.095703
0.050781
0.001953
-0.129883
-0.073242
0.086914
0.026367
-0.087891
-0.010742
-0.039062
-0.046875
-0.056641
0.062500
-0.033203
-0.096680
0.041992
-0.013672
-0.002930
0.060547
-0.095703
-0.029297
0.029297
0.021484
-0.102539
0.025391
0.096680
-0.005859
0.010742
-0.004883
0.069336
0.069336
0.029297
-0.039062
-0.005859
-0.051758
-0.079102
0.045898
-0.032227
-0.073242
-0.098633
-0.015625
-0.086914
0.003906
-0.006836
-0.019531
-0.046875
-0.035156
0.096680
0.015625
0.047852
0.087891
-0.134766
-0.033203
0.033203
0.099609
-0.003906
0.022461
-0.083008
-0.007812
0.054688
0.012695
0.074219
-0.084961
0.020508
0.047852
0.046875
0.001953
-0.032227
-0.009766
0.095703
-0.001953
0.149414
-0.044922
-0.009766
0.060547
-0.112305
0.056641
-0.001953
-0.025391
-0.151367
-0.111328
0.005859
-0.045898
0.124023
0.003906
0.031250
0.014648
-0.116211
-0.029297
-0.076172
-0.031250
-0.009766
-0.068359
0.091797
0.098633
0.163086
0.036133
0.012695
-0.106445
0.004883
-0.052734
-0.071289
-0.024414
0.005859
-0.052734
-0.104492
-0.126953
0.139648
-0.094727
-0.146484
-0.064453
0.004883
-0.068359
0.081055
0.061523
0.135742
0.036133
0.080078
-0.057617
-0.043945
0.114258
0.065430
-0.060547
-0.050781
0.014648
-0.150391
-0.092773
0.068359
-0.045898
-0.157227
-0.107422
-0.035156
0.051758
-0.011719
-0.061523
-0.011719
-0.040039
0.078125
0.111328
-0.079102
0.058594
-0.025391
0.079102
-0.090820
0.021484
0.149414
0.123047
-0.075195
0.096680
0.008789
0.004883
0.102539
-0.013672
-0.040039
-0.038086
-0.126953
-0.099609
0.001953
-0.071289
0.063477
-0.023438
-0.104492
0.096680
0.004883
0.111328
0.070312
-0.020508
0.094727
0.087891
0.013672
0.070312
0.076172
-0.037109
-0.028320
-0.082031
0.108398
0.037109
-0.043945
-0.097656
-0.076172
-0.097656
-0.047852
-0.052734
-0.046875
-0.027344
-0.037109
0.148438
0.105469
-0.026367
-0.088867
0.044922
-0.040039
0.048828
-0.086914
-0.072266
-0.058594
-0.061523
-0.082031
0.003906
0.000000
-0.043945
0.010742
0.037109
-0.029297
-0.092773
-0.116211
-0.016602
-0.054688
-0.071289
-0.004883
-0.054688
-0.055664
0.075195
0.010742
-0.008789
-0.000977
-0.026367
0.105469
-0.083008
-0.067383
-0.031250
0.043945
-0.061523
0.077148
-0.071289
-0.096680
0.077148
0.102539
-0.044922
-0.111328
-0.080078
0.065430
-0.017578
-0.000977
0.042969
-0.051758
-0.020508
-0.032227
-0.028320
0.060547
0.031250
0.017578
-0.054688
-0.057617
0.017578
-0.019531
-0.016602
-0.040039
0.049805
-0.114258
-0.025391
0.058594
-0.004883
0.038086
-0.075195
0.080078
-0.012695
0.022461
-0.034180
-0.041016
-0.000977
-0.066406
0.025391
0.034180
-0.052734
-0.054688
0.078125
-0.091797
0.098633
-0.037109
0.005859
0.085938
-0.019531
-0.003906
0.013672
-0.006836
0.047852
0.010742
-0.049805
-0.072266
0.074219
0.063477
-0.027344
-0.032227
0.041992
-0.039062
-0.042969
-0.045898
-0.028320
0.109375
0.013672
0.114258
-0.033203
-0.103516
-0.076172
-0.114258
-0.095703
0.069336
0.041992
-0.051758
-0.035156
-0.034180
0.069336
0.039062
-0.134766
0.044922
-0.038086
0.127930
-0.125000
-0.010742
-0.044922
0.086914
0.000977
-0.122070
0.039062
0.074219
0.029297
0.012695
0.039062
0.082031
0.010742
0.123047
0.002930
-0.093750
-0.042969
-0.107422
-0.006836
-0.082031
0.049805
0.101562
-0.046875
0.014648
0.064453
0.107422
-0.099609
-0.112305
-0.100586
-0.078125
0.074219
-0.074219
-0.054688
-0.120117
0.057617
-0.018555
-0.075195
0.001953
0.083008
0.050781
0.072266
-0.105469
0.026367
0.027344
0.088867
-0.074219
0.015625
-0.122070
-0.019531
0.079102
0.018555
-0.049805
0.020508
0.065430
0.093750
-0.027344
-0.092773
-0.074219
0.076172
-0.052734
0.003906
0.032227
-0.081055
-0.105469
0.081055
-0.060547
0.048828
0.046875
-0.000977
0.106445
-0.133789
-0.085938
0.123047
0.062500
-0.012695
-0.044922
-0.047852
0.115234
0.058594
0.021484
-0.112305
0.001953
0.179688
0.053711
-0.050781
0.054688
0.121094
0.080078
0.023438
-0.105469
0.155273
0.121094
-0.048828
-0.016602
-0.116211
-0.006836
0.025391
-0.110352
0.027344
-0.119141
0.050781
0.007812
-0.046875
0.057617
0.080078
-0.024414
-0.056641
0.051758
-0.100586
0.018555
-0.055664
-0.012695
-0.045898
-0.055664
-0.074219
0.105469
0.079102
-0.027344
-0.168945
-0.163086
0.069336
0.208008
-0.024414
-0.055664
-0.095703
0.194336
0.048828
-0.002930
-0.167969
-0.125977
0.180664
0.170898
-0.116211
-0.094727
-0.026367
-0.002930
-0.096680
-0.033203
-0.038086
-0.051758
0.038086
-0.037109
0.055664
-0.033203
0.029297
-0.136719
-0.159180
0.014648
0.046875
0.083984
-0.169922
-0.002930
0.201172
0.100586
-0.043945
-0.144531
-0.052734
0.161133
-0.073242
-0.058594
-0.049805
0.019531
-0.105469
-0.002930
-0.044922
0.106445
0.034180
0.013672
0.046875
-0.019531
0.146484
-0.033203
-0.091797
-0.011719
-0.072266
-0.072266
-0.071289
-0.076172
-0.036133
0.018555
0.027344
-0.004883
-0.148438
-0.040039
0.015625
-0.004883
-0.163086
-0.051758
0.038086
-0.081055
-0.067383
-0.176758
-0.083008
-0.080078
0.014648
-0.072266
0.081055
-0.042969
-0.023438
0.010742
0.070312
-0.058594
-0.094727
-0.012695
-0.058594
0.022461
-0.118164
0.025391
-0.007812
-0.013672
-0.091797
0.044922
-0.049805
-0.109375
-0.079102
-0.049805
0.112305
-0.033203
0.035156
0.021484
0.035156
0.066406
-0.147461
0.010742
-0.048828
0.008789
0.055664
0.015625
0.019531
-0.002930
-0.091797
0.102539
0.049805
0.044922
0.089844
-0.010742
-0.056641
-0.105469
-0.038086
0.067383
0.000977
-0.055664
-0.001953
0.006836
0.038086
0.007812
-0.052734
-0.041016
-0.095703
-0.008789
-0.081055
0.104492
0.028320
-0.100586
-0.029297
-0.087891
0.145508
0.128906
0.092773
0.113281
-0.001953
-0.096680
-0.000977
0.031250
0.081055
-0.018555
-0.097656
-0.097656
-0.108398
-0.030273
0.045898
-0.081055
-0.008789
-0.160156
0.078125
-0.025391
0.088867
-0.065430
0.085938
0.039062
-0.002930
0.022461
0.000977
-0.025391
-0.019531
0.042969
0.007812
-0.097656
0.032227
0.044922
0.001953
0.076172
0.005859
0.083984
-0.085938
-0.066406
0.020508
-0.089844
-0.011719
-0.012695
0.030273
0.073242
-0.149414
-0.071289
0.012695
0.031250
0.072266
-0.108398
-0.062500
-0.086914
0.009766
0.094727
-0.004883
0.050781
0.058594
-0.093750
-0.124023
-0.041016
-0.006836
-0.083008
-0.084961
-0.140625
0.083008
0.100586
0.086914
0.097656
0.047852
0.041992
0.079102
0.043945
0.003906
0.147461
0.020508
-0.027344
-0.107422
0.012695
-0.054688
0.012695
0.021484
-0.072266
0.050781
0.053711
0.042969
0.050781
0.021484
-0.039062
-0.047852
-0.018555
-0.070312
-0.082031
-0.056641
0.005859
-0.066406
-0.155273
-0.074219
0.023438
-0.072266
-0.031250
0.069336
-0.083008
-0.002930
-0.105469
-0.053711
0.083008
-0.003906
0.027344
-0.084961
0.062500
0.025391
0.070312
0.000000
0.000000
-0.086914
-0.079102
0.058594
0.035156
0.003906
0.083984
-0.045898
-0.099609
-0.094727
-0.045898
-0.044922
0.086914
0.007812
0.094727
0.008789
0.018555
0.119141
0.063477
-0.018555
-0.099609
0.157227
0.121094
0.104492
0.029297
-0.061523
0.121094
0.000977
-0.082031
0.019531
-0.098633
-0.000977
-0.035156
-0.071289
-0.072266
0.005859
-0.026367
-0.009766
0.099609
-0.041992
0.003906
0.118164
0.061523
0.058594
-0.083008
-0.089844
-0.023438
0.123047
0.111328
-0.146484
0.006836
0.064453
0.144531
-0.126953
-0.079102
-0.010742
0.017578
-0.022461
0.032227
0.112305
0.096680
-0.030273
0.008789
-0.042969
-0.068359
0.042969
-0.068359
-0.041992
-0.038086
-0.071289
0.063477
-0.055664
-0.090820
-0.008789
0.010742
-0.071289
0.033203
-0.048828
0.112305
-0.089844
-0.128906
-0.102539
-0.033203
-0.020508
-0.095703
-0.076172
-0.006836
-0.018555
-0.085938
-0.059570
-0.083984
0.046875
-0.083008
-0.063477
0.087891
-0.001953
0.166992
-0.101562
-0.040039
0.034180
0.030273
0.088867
0.000000
0.067383
-0.172852
-0.097656
-0.015625
0.106445
-0.038086
-0.064453
0.052734
-0.093750
0.002930
0.025391
-0.066406
-0.010742
0.080078
-0.086914
0.080078
-0.109375
0.053711
-0.077148
-0.025391
0.090820
-0.071289
-0.005859
0.057617
0.063477
0.014648
-0.043945
0.022461
-0.052734
0.020508
-0.016602
-0.018555
-0.085938
0.000000
0.064453
-0.032227
-0.096680
-0.060547
0.064453
0.025391
-0.092773
-0.088867
0.089844
0.083984
0.010742
-0.062500
-0.033203
0.105469
-0.006836
0.098633
0.052734
0.010742
0.000000
-0.087891
-0.033203
-0.033203
0.076172
-0.012695
-0.009766
-0.003906
-0.016602
0.128906
0.021484
0.020508
0.109375
-0.052734
0.043945
-0.093750
-0.068359
-0.035156
-0.023438
-0.073242
0.003906
-0.129883
0.089844
-0.082031
0.028320
-0.066406
0.064453
0.039062
-0.088867
0.014648
-0.029297
-0.080078
0.047852
0.053711
-0.026367
0.149414
0.004883
-0.079102
0.039062
-0.094727
-0.095703
-0.105469
-0.070312
-0.120117
0.011719
-0.133789
-0.003906
0.116211
0.018555
-0.118164
-0.064453
-0.016602
0.121094
-0.079102
0.054688
0.019531
0.059570
0.055664
-0.104492
-0.033203
0.148438
0.125000
0.090820
-0.075195
-0.016602
-0.041992
-0.012695
-0.118164
-0.062500
0.056641
-0.049805
-0.104492
-0.069336
0.128906
-0.052734
-0.148438
0.006836
-0.029297
-0.037109
-0.059570
-0.016602
0.013672
0.066406
-0.048828
0.113281
-0.052734
0.064453
-0.002930
0.047852
-0.029297
-0.063477
0.013672
-0.102539
-0.070312
0.070312
-0.084961
-0.105469
0.047852
0.062500
-0.060547
0.075195
0.088867
0.084961
0.104492
-0.030273
-0.037109
0.010742
0.049805
