0.181818
2.857143
0.300000
1.125000
0.003906
0.315789
0.607143
0.206897
0.036133
0.388889
0.004883
4.000000
0.968750
-0.020508
0.000000
0.100000
-0.015625
0.025391
2.187500
-0.004883
0.011719
2.000000
-0.019531
0.952381
-0.000977
-0.010742
0.800000
8.000000
-0.025391
0.018555
-0.041016
3.066667
0.666667
1.500000
-0.002930
-0.021484
-0.032227
-0.026367
0.229167
1.076923
0.222222
-0.011719
-0.009766
0.944444
-0.039062
0.019531
0.692308
1.500000
-0.015625
-0.002930
0.028320
2.833333
4.500000
0.781250
0.022461
-0.032227
0.434783
-0.000000
2.666667
0.006836
0.017578
7.000000
0.121951
-0.016602
0.001953
0.022461
11.200000
9.000000
37.000000
3.000000
0.013672
2.454545
-0.007812
0.003906
0.550000
0.003906
-0.005859
-0.013672
0.230769
0.000000
0.037109
5.125000
-0.007812
-0.009766
-0.041016
3.000000
-0.016602
-0.008789
3.000000
4.750000
0.020508
0.208333
2.714286
0.862069
1.066667
3.375000
1.500000
2.818182
0.001953
0.357143
0.008789
0.000000
-0.047852
0.590909
2.000000
0.002930
0.642857
2.428571
0.138889
-0.001953
0.947368
0.147059
5.166667
0.097656
2.666667
1.562500
-0.025391
0.008789
0.028320
0.583333
0.523810
0.230769
2.125000
0.022461
10.000000
-0.001953
0.761905
1.000000
-0.030273
0.008789
-0.020508
1.684211
-0.010742
0.500000
0.390625
1.133333
0.600000
1.222222
0.030273
6.400000
0.008789
0.400000
0.000977
1.034483
0.011719
-0.031250
0.040039
0.500000
1.153846
0.611111
-0.021484
0.465116
0.916667
-0.021484
0.909091
0.012695
0.018555
0.777778
0.692308
-0.003906
14.000000
0.846154
2.666667
-0.021484
-0.000977
2.846154
-0.004883
5.363636
0.019531
-0.028320
-0.012695
1.105263
2.000000
0.006836
-0.015625
1.300000
0.333333
3.600000
0.026367
0.022222
-0.041992
1.714286
-0.010742
0.002930
0.863636
0.003906
1.909091
1.500000
0.421053
0.017578
0.346154
0.238095
0.016602
3.200000
1.181818
-0.006836
-0.011719
0.760000
0.214286
0.004883
2.111111
-0.050781
0.297872
-0.010742
5.428571
-0.040039
0.545455
0.190476
-0.005859
1.000000
0.461538
0.512821
3.166667
-0.002930
-0.020508
0.020508
-0.000000
-0.031250
-0.036133
-0.004883
0.012695
4.666667
-0.002930
0.014648
0.045455
0.007812
0.011719
0.053711
-0.000977
0.013672
-0.008789
-0.007812
-0.026367
0.035156
0.047852
1.777778
0.488889
1.333333
0.000000
0.008789
0.013672
1.866667
-0.004883
0.333333
1.222222
0.321429
-0.028320
0.270270
-0.004883
-0.026367
0.372093
2.076923
0.008789
-0.000000
5.500000
2.666667
0.009766
0.083333
-0.000000
0.857143
1.538462
-0.010742
0.022461
0.031250
26.000000
0.896552
0.214286
0.027344
0.010742
1.736842
1.066667
1.000000
0.920000
0.012695
0.001953
0.058824
-0.015625
-0.045898
5.600000
-0.012695
0.761905
-0.021484
0.049180
-0.023438
0.444444
0.818182
-0.018555
3.333333
-0.008789
0.039062
1.148148
2.333333
0.700000
0.031250
3.250000
-0.002930
2.900000
-0.020508
0.291667
0.001953
-0.029297
-0.042969
0.008789
-0.000000
1.200000
-0.023438
-0.020508
-0.020508
1.272727
0.120000
0.538462
30.000000
0.004883
-0.032227
0.012695
-0.030273
0.000000
1.571429
-0.010742
2.454545
20.666667
-0.018555
0.000977
-0.025391
-0.060547
-0.000977
5.750000
0.767857
0.040000
3.500000
39.000000
2.631579
0.001953
0.333333
0.500000
0.000977
-0.038086
0.280000
41.000000
0.004883
0.692308
0.952381
-0.029297
1.151515
1.666667
2.642857
-0.012695
-0.026367
-0.031250
0.001953
4.166667
-0.026367
0.011719
0.833333
0.750000
31.000000
-0.004883
-0.010742
0.254902
-0.012695
-0.010742
0.588235
-0.011719
0.028320
0.800000
0.016602
1.875000
0.032227
0.846154
3.333333
0.014648
0.147059
1.375000
0.688889
-0.049805
1.000000
0.013672
0.010742
10.750000
0.365854
0.017578
-0.004883
0.028320
0.016602
0.040039
31.000000
0.108696
0.192308
-0.045898
0.045455
-0.005859
-0.009766
0.012695
0.019531
6.666667
-0.038086
2.400000
0.204545
-0.036133
-0.003906
0.333333
0.153846
3.600000
6.500000
0.906250
0.008789
0.000977
-0.028320
0.020508
1.218750
-0.016602
3.500000
-0.011719
-0.015625
2.473684
-0.016602
1.375000
-0.010742
0.500000
0.008789
-0.018555
44.000000
0.021484
1.055556
0.909091
0.005859
1.066667
1.238095
0.600000
0.645161
0.036133
0.001953
0.259259
-0.049805
0.071429
0.866667
-0.009766
3.750000
-0.000977
-0.011719
0.037109
1.666667
-0.016602
0.013672
0.004883
1.677419
0.010742
0.030273
0.560000
-0.008789
47.000000
2.583333
-0.008789
-0.019531
-0.003906
0.061224
0.000977
1.214286
-0.052734
0.875000
1.200000
0.028320
0.130435
-0.009766
0.009766
0.045898
21.333333
0.863636
-0.008789
0.032227
0.019531
0.005859
0.000000
0.206897
0.032258
0.037109
0.466667
0.017578
6.666667
29.000000
1.666667
0.024414
0.024414
0.009766
0.175439
0.400000
-0.017578
-0.018555
0.011719
0.444444
1.111111
0.309524
-0.018555
0.611111
0.571429
0.000977
0.192982
0.038086
1.260870
0.600000
0.015625
0.444444
-0.003906
1.222222
-0.016602
-0.013672
5.666667
0.625000
-0.030273
1.000000
1.882353
0.535714
0.615385
0.062500
0.500000
2.700000
0.254545
1.666667
0.297297
-0.017578
0.666667
0.005859
2.000000
-0.007812
0.769231
0.023438
0.461538
0.037109
1.500000
0.386364
0.583333
-0.029297
0.583333
3.636364
-0.041016
-0.002930
0.058824
0.057617
0.837838
0.282051
0.002930
3.250000
-0.006836
2.700000
0.250000
2.666667
0.011719
0.027344
0.608696
0.006836
-0.016602
0.002930
0.571429
0.000977
4.000000
-0.003906
0.617647
11.750000
1.642857
0.008789
0.014648
0.888889
0.283203
0.035156
-0.019531
0.031250
-0.008789
3.333333
0.000000
0.333333
-0.023438
0.315789
0.283582
-0.021484
-0.028320
-0.006836
0.846154
0.000977
0.204545
0.023438
0.005859
0.153846
-0.024414
0.166667
-0.032227
0.010742
1.217391
6.000000
1.636364
0.666667
-0.044922
4.166667
0.039062
2.173913
0.352941
0.011719
1.888889
2.400000
0.058594
0.115385
1.176471
0.018555
2.363636
0.500000
0.400000
0.004883
0.027344
0.166667
-0.043945
-0.041992
0.000000
-0.014648
1.555556
-0.012695
0.571429
0.888889
0.292683
0.571429
0.122807
0.562500
-0.017578
0.225806
0.052632
1.166667
0.333333
0.360000
2.666667
0.006836
1.187500
3.000000
0.080000
2.350000
0.214286
-0.005859
1.235294
-0.017578
0.259259
1.200000
-0.025391
1.000000
1.000000
-0.015625
2.375000
-0.030273
0.324324
0.280000
18.000000
1.720000
-0.015625
0.000000
0.894737
1.750000
-0.013672
14.000000
0.009766
-0.028320
0.018555
0.351852
-0.021484
0.125000
7.000000
0.250000
0.400000
-0.001953
4.000000
1.000000
-0.001953
0.666667
0.627907
0.001953
1.136364
0.413793
0.004883
-0.011719
0.562500
0.022461
-0.011719
0.875000
-0.013672
0.305085
-0.026367
0.010742
3.083333
-0.041016
0.001953
0.647059
-0.004883
-0.002930
1.357143
13.000000
1.666667
0.384615
0.018555
0.014648
4.000000
0.483871
0.027344
-0.030273
-0.023438
-0.003906
-0.021484
0.500000
1.280000
19.000000
0.013672
0.021484
2.428571
-0.004883
1.000000
5.714286
27.000000
-0.056641
-0.007812
0.027344
-0.027344
0.393939
0.551724
3.000000
1.117647
-0.042969
1.000000
7.000000
5.666667
1.333333
0.037109
0.020508
0.016602
-0.023438
0.428571
0.026367
-0.011719
3.750000
-0.009766
1.238095
2.727273
-0.034180
1.615385
0.026367
0.166667
0.789474
1.562500
0.636364
0.287671
0.037109
-0.040039
0.002930
1.318182
0.382353
0.444444
-0.026367
3.100000
-0.027344
0.173913
0.017578
0.016602
0.675000
0.023438
0.028320
5.692308
-0.008789
10.000000
-0.017578
0.146484
0.000000
-0.000977
17.333333
0.032227
0.125000
0.589744
1.529412
0.590909
1.625000
-0.003906
7.333333
1.320000
0.166667
1.133333
5.500000
1.444444
0.019531
0.010742
0.722222
0.317073
-0.047852
2.714286
0.018555
-0.009766
0.012695
-0.000000
1.700000
0.769231
0.250000
1.769231
2.000000
0.023438
0.508772
0.008789
0.090909
4.444444
-0.001953
1.500000
0.863636
1.514286
-0.000977
0.034180
0.002930
-0.012695
0.046512
-0.050781
0.500000
-0.021484
38.000000
-0.016602
11.666667
-0.005859
0.005859
-0.007812
0.015625
0.115385
-0.011719
-0.022461
0.001953
0.018555
-0.012695
-0.005859
0.413793
0.032227
0.714286
0.273438
2.428571
0.642857
1.272727
0.058824
0.006836
0.647059
0.028320
-0.005859
-0.006836
3.571429
6.444444
0.952381
-0.029297
3.500000
-0.019531
0.023438
-0.021484
0.002930
0.333333
11.400000
-0.009766
0.030273
-0.041992
0.400000
5.000000
-0.000977
3.125000
-0.001953
-0.007812
4.000000
0.004883
2.750000
1.833333
0.434783
-0.009766
-0.024414
1.937500
0.166667
-0.012695
-0.008789
0.030273
-0.024414
-0.017578
0.888889
0.005859
0.481481
2.187500
0.020508
3.000000
0.012695
1.875000
0.000000
0.023438
0.500000
0.937500
-0.010742
0.000000
0.017578
3.500000
0.020508
20.000000
0.291667
0.054054
-0.002930
-0.033203
0.030273
0.666667
4.666667
0.785714
0.000977
-0.013672
0.166667
0.023438
0.037109
3.588235
0.018555
0.002930
2.190476
0.004883
0.012695
0.007812
-0.032227
0.652174
-0.041992
1.444444
0.000977
0.014648
0.005859
0.070175
0.000977
2.222222
5.000000
0.413793
0.011719
1.400000
0.039062
1.444444
0.002930
3.600000
-0.003906
2.750000
0.428571
0.294118
-0.005859
0.500000
0.312500
0.016602
3.100000
19.000000
0.033203
0.727273
1.714286
0.009766
0.002930
0.016602
1.888889
0.012695
-0.004883
-0.028320
4.000000
0.000000
-0.000000
-0.009766
1.148148
-0.002930
0.058824
0.028320
2.533333
0.021484
0.277778
0.270833
0.002930
4.500000
0.016602
0.363636
1.000000
3.375000
1.090909
-0.016602
-0.005859
0.002930
-0.004883
0.005859
0.011719
0.166667
2.166667
0.444444
0.487805
0.023438
0.000000
0.041667
8.000000
0.323529
0.017578
9.750000
0.461538
0.500000
0.666667
0.269231
-0.017578
30.000000
3.000000
-0.004883
0.045455
3.000000
6.500000
0.500000
0.004883
-0.015625
0.031250
18.000000
0.012695
0.166667
0.136719
-0.004883
0.009766
-0.019531
0.000000
-0.006836
1.500000
2.363636
-0.001953
0.129032
0.625000
-0.011719
-0.043945
-0.010742
0.015625
0.250000
-0.039062
0.590909
2.166667
0.010742
0.466667
-0.009766
0.005859
15.000000
-0.009766
-0.015625
0.125000
-0.006836
0.047852
2.857143
2.043478
-0.006836
-0.021484
0.030273
0.050781
0.006836
0.031250
0.017578
0.225000
0.055556
-0.009766
3.058824
0.400000
0.027344
0.015625
0.240000
0.400000
1.000000
0.952381
0.642857
0.181818
0.666667
2.250000
2.533333
0.692308
0.444444
0.125000
0.002930
0.875000
0.600000
0.827586
-0.010742
-0.042969
-0.063477
1.592593
0.388889
-0.011719
1.000000
0.241379
0.923077
-0.052734
-0.012695
-0.001953
0.003906
1.227273
0.014648
0.014648
3.111111
-0.001953
0.525000
-0.039062
0.032258
0.380952
0.195312
-0.041992
0.478261
0.049805
0.005859
-0.009766
0.812500
0.450000
-0.023438
-0.030273
0.005859
-0.000000
0.023438
0.002930
3.833333
0.676471
21.500000
0.002930
-0.017578
1.444444
-0.022461
0.022461
0.001953
0.600000
-0.014648
-0.026367
-0.000000
0.010742
-0.015625
1.560000
-0.000977
0.638298
1.615385
0.037109
1.000000
0.028320
-0.000977
-0.014648
-0.009766
-0.014648
0.019531
4.666667
1.800000
0.230769
0.021484
0.072727
5.200000
-0.014648
9.666667
1.000000
0.017578
0.208333
1.538462
1.111111
-0.007812
0.478261
0.200000
1.250000
0.003906
12.500000
0.303030
-0.003906
-0.017578
-0.037109
-0.043945
0.025391
-0.029297
0.009766
0.000000
1.041667
0.018555
0.012695
-0.003906
-0.023438
0.434783
0.000000
0.012695
0.032258
-0.018555
0.600000
0.333333
0.054688
-0.003906
-0.005859
2.458333
-0.005859
0.000000
7.750000
0.014648
0.000000
0.035156
-0.021484
0.035156
0.037109
0.008789
-0.008789
-0.007812
0.133333
1.476190
0.010742
0.125000
0.012695
-0.033203
0.001953
0.523810
1.714286
-0.006836
2.833333
0.022461
2.409091
-0.028320
0.007812
0.076923
0.302734
0.012695
2.428571
3.000000
0.007812
0.913043
0.391304
3.800000
-0.000977
0.040039
-0.028320
0.038086
0.294118
-0.056641
0.034180
-0.039062
-0.017578
3.571429
-0.016602
0.615385
39.000000
0.000000
0.022461
0.777778
-0.013672
0.083333
0.166667
1.500000
0.024414
-0.005859
6.000000
0.025391
4.312500
-0.006836
0.009766
0.054688
1.615385
4.500000
3.285714
0.018555
0.000000
0.009766
-0.027344
1.111111
-0.028320
0.046875
0.040000
0.318182
0.006836
0.828571
-0.014648
0.025391
1.785714
3.833333
2.545455
0.017578
4.428571
0.019531
0.019531
39.000000
1.024390
0.857143
4.666667
1.285714
1.625000
-0.003906
3.166667
0.009766
0.027027
13.500000
0.074074
-0.017578
0.187500
0.014648
0.010742
1.238095
-0.015625
0.024414
22.000000
0.342105
-0.008789
2.619048
-0.022461
-0.013672
0.142857
1.000000
2.187500
-0.020508
0.036133
0.013672
1.909091
-0.008789
0.722222
-0.021484
4.800000
0.003906
-0.010742
2.269231
0.017578
0.421053
0.014648
-0.008789
0.027778
0.119403
-0.002930
0.571429
0.003906
2.076923
0.583333
1.833333
-0.013672
0.001953
0.007812
0.875000
0.051758
0.000977
0.571429
1.095238
1.666667
1.153846
0.026367
8.000000
1.000000
0.000000
-0.007812
0.297872
0.666667
0.027344
1.062500
0.034483
-0.023438
1.428571
1.000000
1.000000
0.054688
7.000000
1.000000
2.111111
1.307692
-0.007812
1.416667
-0.006836
38.000000
-0.004883
0.012695
0.037037
0.000977
1.347826
0.451613
-0.000000
-0.008789
0.407407
0.028320
2.333333
0.888889
-0.006836
1.722222
1.266667
0.029297
-0.001953
-0.028320
0.722222
1.769231
7.800000
1.600000
-0.018555
0.005859
1.052632
-0.006836
0.363636
1.800000
0.285714
0.340426
-0.003906
-0.020508
0.022461
0.095238
5.500000
35.000000
0.012695
-0.007812
0.428571
-0.004883
1.071429
0.026367
0.005859
6.111111
0.033203
0.009766
0.042969
-0.014648
4.666667
0.571429
0.178571
0.010742
0.005859
0.008789
0.016602
-0.009766
-0.033203
-0.001953
4.333333
0.190476
0.039062
0.005859
0.666667
1.583333
1.100000
-0.035156
-0.002930
9.666667
0.024414
-0.001953
-0.019531
-0.004883
0.010742
0.135135
0.210526
0.027027
0.006836
0.888889
0.013672
14.000000
-0.005859
0.631579
3.400000
-0.019531
1.733333
2.222222
0.020508
2.894737
-0.020508
0.396226
0.437500
2.200000
0.025391
1.200000
1.000000
-0.004883
0.025391
0.310345
0.058594
0.006836
0.006836
0.200000
-0.026367
0.625000
0.666667
-0.026367
-0.028320
-0.004883
0.370370
-0.006836
0.022461
-0.029297
0.011719
0.015625
2.769231
-0.033203
2.333333
0.038086
3.500000
0.863636
3.750000
2.058824
-0.014648
0.361111
-0.027344
0.846154
-0.024414
1.100000
1.000000
0.026316
0.011719
-0.000000
7.000000
12.000000
0.230769
3.181818
0.038086
-0.035156
1.000000
0.030273
1.875000
0.439024
0.010742
0.033203
-0.000000
2.666667
0.142857
5.000000
1.205882
-0.009766
0.057971
1.045455
1.333333
2.636364
-0.022461
0.593750
0.600000
0.026367
-0.023438
0.153846
0.272727
0.629630
0.024414
0.006836
1.222222
-0.009766
0.002930
0.761905
0.021484
0.411765
0.320755
0.001953
-0.035156
-0.010742
1.111111
0.142857
8.000000
2.562500
-0.006836
0.866667
0.307692
-0.011719
9.800000
-0.018555
0.007812
0.023438
-0.012695
0.500000
-0.016602
0.520000
6.000000
3.900000
0.015625
0.121212
0.576923
1.285714
0.612903
1.100000
-0.000977
-0.006836
0.045898
1.214286
0.187500
-0.016602
-0.022461
2.111111
-0.001953
-0.003906
4.000000
0.011719
2.500000
0.254545
0.636364
0.882353
0.033203
0.015625
1.250000
0.533333
0.016602
-0.000000
1.217391
-0.028320
1.608696
0.724138
-0.035156
0.010742
1.227273
7.333333
3.750000
-0.000000
-0.009766
0.014648
5.000000
9.000000
-0.020508
1.538462
-0.038086
0.042969
-0.000000
0.008789
1.000000
1.625000
0.042969
0.571429
0.285714
3.000000
-0.050781
1.000000
1.608696
-0.044922
1.944444
-0.014648
0.027344
0.500000
0.029297
1.250000
0.666667
-0.030273
0.014648
