0.052734
7.250000
2.333333
2.250000
15.000000
0.666667
3.100000
7.000000
0.969697
10.000000
2.400000
2.666667
11.000000
5.600000
3.000000
0.181818
0.074074
0.037109
1.000000
1.583333
0.256410
3.818182
0.263158
0.083333
6.090909
1.125000
3.600000
0.526316
2.888889
5.000000
1.733333
5.500000
2.875000
5.500000
0.555556
33.000000
2.714286
2.000000
4.800000
6.100000
3.300000
1.692308
1.240000
0.303030
2.875000
-0.015625
1.962963
2.900000
0.761905
3.000000
3.500000
0.256410
8.250000
7.250000
1.000000
2.812500
0.733333
2.888889
2.750000
3.000000
1.428571
0.928571
0.629630
1.190476
6.000000
1.071429
1.000000
2.818182
0.380952
12.500000
2.000000
16.500000
4.000000
0.010742
29.500000
0.457143
0.100000
15.000000
1.375000
3.400000
1.000000
14.000000
0.666667
37.000000
1.250000
0.666667
12.000000
48.000000
0.312500
1.310345
1.125000
1.666667
14.000000
0.739130
0.560000
8.500000
0.016602
1.611111
0.666667
2.222222
4.833333
0.702128
1.000000
0.172414
2.000000
0.035156
1.333333
0.054054
4.714286
3.384615
1.461538
1.035714
0.011719
1.450000
22.000000
1.444444
1.055556
0.005859
0.437500
3.833333
2.400000
28.000000
2.454545
1.393939
7.000000
43.000000
4.700000
5.000000
0.024414
0.630435
1.812500
0.017578
4.666667
2.500000
2.142857
17.500000
0.125000
2.125000
19.000000
1.500000
0.012695
0.038086
2.062500
0.250000
1.714286
0.450000
3.153846
3.166667
0.787879
4.714286
19.000000
0.285714
0.615385
0.923077
5.875000
0.848485
1.583333
12.000000
0.228571
1.666667
0.818182
1.090909
1.600000
0.028320
2.181818
2.250000
1.193548
4.000000
1.781250
18.000000
1.440000
6.600000
0.052734
0.035156
0.875000
10.666667
25.000000
0.916667
3.083333
0.875000
0.235294
2.000000
0.818182
4.285714
4.750000
0.028320
1.292683
2.625000
3.000000
2.235294
0.814815
2.555556
1.777778
10.000000
11.000000
1.433333
2.400000
16.000000
20.000000
2.500000
0.611111
8.000000
5.000000
9.000000
0.211538
1.450000
3.250000
0.409091
0.210526
1.285714
4.250000
1.571429
0.607143
9.000000
1.666667
0.838710
7.000000
2.153846
1.062500
0.727273
1.071429
0.040000
0.708333
1.857143
0.888889
7.333333
2.300000
1.416667
0.333333
2.857143
1.695652
18.000000
2.571429
2.000000
20.000000
3.666667
21.000000
5.000000
0.333333
0.800000
0.029297
1.333333
0.459459
1.500000
35.000000
5.285714
0.875000
27.000000
1.677419
0.545455
1.500000
1.225806
4.000000
3.857143
2.272727
3.800000
0.175781
2.050000
2.437500
2.833333
0.073171
0.400000
2.692308
4.777778
2.800000
0.023438
0.036133
3.800000
0.421053
0.523810
3.500000
11.250000
1.000000
0.125000
1.517241
0.176471
3.000000
5.500000
0.000000
1.666667
1.000000
0.033203
0.875000
2.111111
40.000000
1.750000
1.680000
0.944444
0.550000
4.000000
9.600000
0.023438
0.035156
3.000000
0.227273
11.500000
2.142857
7.750000
3.375000
2.000000
5.125000
12.000000
0.208333
3.000000
3.000000
0.708333
0.461538
1.000000
6.400000
4.700000
1.250000
1.000000
1.684211
4.000000
2.500000
0.020508
2.000000
0.014648
2.181818
0.659091
13.000000
35.000000
1.550000
9.500000
0.033333
12.000000
1.952381
2.000000
4.500000
1.000000
1.307692
1.095238
1.400000
0.270270
21.000000
25.000000
1.363636
6.000000
2.625000
2.600000
0.512821
8.000000
1.833333
2.777778
0.388889
2.210526
1.000000
0.041992
0.583333
0.466667
1.375000
2.428571
4.600000
2.800000
2.176471
19.000000
1.230769
26.000000
5.714286
1.619048
1.636364
0.466667
0.208333
1.200000
0.031250
0.980392
0.038086
0.012695
1.222222
2.500000
0.666667
6.750000
0.018555
16.333333
0.500000
3.200000
2.181818
0.653846
0.375000
1.611111
2.545455
1.000000
0.186047
32.000000
0.736842
0.652174
5.250000
0.571429
3.090909
0.476190
25.000000
8.000000
1.600000
11.000000
-0.008789
0.533333
4.500000
1.368421
0.361111
4.000000
