-0.039062
3.500000
0.013672
3.875000
-0.006836
0.010742
0.897436
0.013672
0.085714
0.038086
-0.022461
4.500000
-0.020508
-0.004883
3.666667
0.008789
2.352941
0.607143
3.000000
-0.011719
0.714286
1.200000
0.043945
0.001953
2.187500
0.019531
-0.033203
8.000000
-0.000977
-0.019531
0.020508
0.011719
0.087891
-0.000977
-0.003906
-0.033203
0.095238
35.000000
-0.031250
0.028571
-0.011719
15.500000
4.000000
0.066667
0.333333
-0.013672
3.777778
0.000977
1.888889
2.214286
-0.021484
1.727273
0.054688
4.285714
-0.040039
-0.006836
4.500000
1.266667
1.000000
0.017578
0.481481
-0.065430
2.166667
-0.015625
1.583333
-0.044922
1.212121
0.428571
0.100000
0.000977
1.346154
-0.022461
-0.022461
-0.028320
-0.010742
2.666667
0.500000
8.000000
0.006836
3.000000
2.555556
5.500000
0.042969
0.005859
1.200000
1.733333
-0.003906
0.026367
1.071429
2.666667
0.333333
0.033203
1.090909
0.011719
4.000000
1.350000
-0.038086
-0.020508
0.006836
0.756757
-0.060547
1.888889
4.000000
-0.008789
0.448276
0.555556
0.000000
3.000000
-0.007812
-0.050781
0.052632
0.024414
0.400000
-0.012695
0.000000
-0.024414
0.022461
0.384615
-0.026367
0.017578
