-0.258789
0.159180
-0.143555
0.078125
-0.075195
-0.164062
-0.257812
0.084961
-0.276367
-0.219727
0.065430
0.131836
0.032227
-0.193359
0.078125
0.281250
-0.132812
-0.176758
-0.137695
0.159180
0.153320
-0.080078
0.125977
-0.252930
0.153320
0.188477
-0.115234
0.166992
0.007812
0.074219
-0.193359
0.230469
-0.140625
0.058594
-0.118164
0.043945
-0.051758
0.138672
-0.069336
0.042969
-0.019531
0.167969
0.225586
0.072266
-0.158203
-0.031250
-0.190430
-0.126953
-0.122070
-0.098633
-0.088867
-0.000977
0.023438
0.198242
-0.143555
-0.060547
-0.021484
0.094727
0.168945
0.090820
-0.144531
-0.194336
-0.154297
0.092773
-0.106445
0.113281
0.039062
-0.069336
-0.181641
0.192383
0.119141
-0.112305
-0.071289
0.032227
-0.061523
0.219727
0.233398
-0.012695
-0.091797
-0.022461
0.144531
0.113281
0.196289
-0.076172
-0.151367
0.044922
-0.111328
0.022461
-0.021484
0.079102
0.138672
0.244141
0.139648
0.169922
0.131836
-0.129883
-0.207031
-0.116211
-0.136719
-0.035156
-0.051758
-0.179688
0.103516
-0.003906
0.085938
-0.147461
-0.127930
0.183594
0.019531
-0.125977
0.019531
0.212891
0.173828
0.043945
-0.075195
-0.067383
0.135742
-0.226562
0.129883
-0.158203
0.081055
-0.188477
-0.246094
0.019531
0.208008
-0.182617
0.132812
0.062500
-0.174805
0.206055
-0.018555
0.010742
0.063477
-0.032227
0.190430
-0.187500
-0.057617
0.054688
-0.024414
-0.186523
-0.202148
-0.159180
0.170898
-0.102539
0.289062
-0.249023
-0.008789
-0.028320
-0.045898
0.130859
0.140625
-0.007812
-0.099609
0.212891
0.190430
-0.098633
-0.085938
0.081055
-0.154297
-0.060547
0.234375
-0.143555
0.182617
-0.037109
-0.220703
0.041992
0.055664
-0.083984
-0.121094
-0.126953
-0.107422
-0.058594
0.146484
-0.183594
0.129883
-0.232422
-0.158203
0.129883
0.130859
-0.182617
-0.104492
-0.114258
-0.161133
-0.125977
0.059570
0.055664
0.189453
0.125977
0.154297
0.111328
-0.168945
0.115234
-0.229492
0.040039
0.053711
-0.116211
-0.093750
-0.130859
0.124023
0.092773
0.051758
-0.046875
-0.106445
-0.013672
-0.202148
-0.136719
0.086914
-0.054688
-0.102539
0.183594
0.119141
0.164062
-0.108398
0.149414
-0.030273
0.186523
-0.151367
0.172852
0.144531
-0.053711
-0.194336
0.179688
0.186523
-0.007812
-0.051758
0.058594
-0.179688
0.077148
-0.049805
0.149414
0.031250
0.041992
-0.069336
0.127930
-0.115234
0.085938
0.063477
-0.122070
0.165039
0.020508
0.192383
-0.149414
-0.125977
-0.038086
0.088867
0.236328
0.201172
-0.057617
0.154297
0.125977
0.123047
0.252930
0.077148
-0.036133
0.171875
0.058594
0.295898
0.090820
-0.162109
0.236328
0.160156
-0.089844
0.328125
-0.178711
-0.101562
0.094727
-0.202148
-0.044922
0.132812
0.052734
-0.062500
-0.167969
-0.150391
-0.219727
-0.161133
-0.148438
-0.123047
-0.061523
0.212891
0.075195
-0.038086
-0.056641
-0.080078
0.118164
-0.106445
0.106445
-0.052734
0.193359
0.243164
-0.224609
-0.104492
-0.102539
-0.082031
-0.228516
0.177734
0.208984
0.128906
-0.152344
-0.197266
-0.035156
0.150391
-0.089844
-0.174805
-0.145508
-0.034180
0.092773
0.075195
-0.189453
-0.235352
0.006836
-0.040039
0.169922
-0.107422
-0.077148
-0.066406
0.095703
0.130859
-0.183594
0.054688
-0.147461
0.169922
-0.134766
-0.168945
0.148438
0.009766
-0.067383
-0.231445
-0.184570
0.068359
-0.061523
0.126953
0.069336
-0.041016
0.117188
0.025391
-0.164062
-0.194336
0.103516
-0.091797
0.067383
0.130859
0.145508
-0.145508
-0.013672
-0.097656
0.102539
0.141602
-0.184570
-0.211914
-0.238281
-0.008789
-0.117188
-0.058594
-0.166016
0.069336
-0.044922
0.030273
-0.174805
-0.040039
0.053711
-0.163086
-0.004883
-0.082031
0.166016
-0.194336
-0.143555
0.224609
-0.016602
0.111328
0.187500
-0.131836
0.125000
-0.211914
-0.144531
-0.234375
-0.055664
0.094727
-0.176758
-0.014648
-0.120117
-0.139648
-0.101562
0.001953
-0.223633
0.013672
-0.170898
0.002930
0.111328
0.132812
0.189453
-0.118164
0.145508
-0.060547
-0.157227
-0.083984
0.086914
-0.019531
0.063477
-0.028320
-0.165039
0.129883
0.098633
0.080078
-0.156250
0.188477
-0.227539
-0.074219
-0.015625
0.244141
0.052734
-0.212891
0.106445
0.179688
-0.085938
-0.017578
-0.200195
-0.259766
0.201172
-0.156250
-0.166016
-0.087891
-0.229492
0.119141
-0.243164
0.256836
-0.100586
0.197266
-0.160156
0.039062
0.011719
0.152344
-0.143555
-0.076172
0.114258
-0.035156
-0.195312
-0.077148
-0.059570
0.027344
-0.100586
-0.040039
0.125977
0.054688
0.135742
0.000977
0.061523
-0.090820
0.095703
-0.109375
0.079102
0.097656
-0.132812
0.135742
-0.068359
-0.106445
0.125977
-0.041016
0.045898
-0.172852
-0.072266
0.035156
0.048828
0.060547
0.077148
0.180664
0.191406
0.042969
-0.070312
-0.153320
0.174805
0.172852
-0.144531
0.007812
-0.128906
0.201172
-0.210938
-0.098633
0.011719
0.037109
0.090820
0.166016
0.229492
-0.119141
-0.022461
0.074219
0.188477
0.140625
0.043945
-0.004883
0.075195
-0.165039
0.115234
-0.057617
-0.090820
-0.155273
-0.239258
-0.168945
0.045898
0.018555
-0.067383
-0.209961
-0.212891
-0.263672
0.185547
-0.032227
-0.085938
0.232422
0.014648
0.062500
0.118164
0.072266
0.012695
-0.075195
0.244141
-0.090820
0.017578
-0.009766
0.174805
-0.086914
-0.168945
0.068359
0.277344
-0.197266
-0.154297
-0.171875
0.111328
0.239258
0.129883
0.023438
-0.084961
0.031250
-0.177734
-0.100586
0.010742
-0.176758
-0.146484
-0.050781
0.067383
0.105469
0.225586
-0.058594
0.262695
-0.060547
0.215820
-0.333984
0.187500
0.119141
0.147461
-0.022461
0.099609
0.173828
0.056641
-0.153320
-0.222656
-0.082031
-0.104492
0.080078
0.122070
-0.132812
-0.073242
-0.215820
-0.060547
-0.069336
0.140625
0.217773
0.197266
0.045898
0.136719
-0.052734
0.158203
0.101562
0.089844
-0.246094
-0.035156
-0.108398
0.155273
-0.174805
-0.027344
0.217773
-0.116211
0.079102
0.041016
-0.109375
-0.133789
-0.113281
-0.102539
0.214844
0.191406
0.087891
-0.024414
0.157227
-0.177734
0.026367
-0.085938
-0.172852
-0.216797
0.170898
0.154297
0.117188
0.019531
0.035156
-0.074219
0.107422
-0.177734
-0.207031
-0.032227
-0.135742
-0.079102
-0.026367
0.144531
-0.176758
0.159180
0.170898
0.213867
-0.179688
-0.124023
0.058594
0.043945
-0.204102
-0.155273
0.041992
0.101562
-0.083008
0.061523
-0.129883
0.007812
-0.159180
0.212891
0.103516
0.161133
-0.153320
0.136719
-0.169922
0.156250
-0.100586
0.266602
0.011719
-0.023438
-0.165039
-0.000977
-0.093750
-0.156250
-0.065430
0.099609
-0.094727
0.193359
0.199219
-0.125000
-0.139648
-0.159180
-0.034180
-0.065430
0.041992
-0.109375
-0.130859
-0.176758
0.056641
0.185547
0.115234
0.150391
-0.122070
0.176758
0.208008
0.069336
0.210938
-0.061523
0.021484
-0.105469
0.088867
-0.181641
0.212891
0.079102
0.137695
0.096680
0.231445
0.216797
0.036133
-0.088867
0.081055
-0.142578
-0.229492
0.120117
-0.111328
-0.054688
0.012695
0.177734
-0.288086
-0.163086
-0.242188
0.011719
-0.095703
0.028320
0.232422
-0.068359
-0.189453
-0.033203
0.020508
-0.062500
0.062500
-0.040039
-0.184570
0.127930
-0.117188
0.146484
-0.094727
-0.015625
-0.095703
0.168945
0.151367
-0.213867
-0.041992
0.126953
0.112305
0.027344
0.033203
0.091797
-0.178711
0.166016
0.127930
-0.021484
-0.091797
-0.177734
-0.136719
-0.132812
0.116211
0.113281
0.114258
0.300781
0.169922
-0.297852
0.032227
-0.071289
0.275391
0.079102
-0.055664
0.039062
0.069336
0.020508
-0.115234
-0.127930
-0.066406
0.022461
-0.253906
0.136719
-0.020508
0.204102
-0.208008
0.031250
-0.029297
0.066406
0.072266
-0.151367
-0.037109
0.020508
0.010742
0.043945
-0.172852
0.012695
-0.034180
0.009766
0.215820
-0.272461
0.016602
0.049805
-0.181641
-0.081055
-0.069336
-0.130859
0.149414
0.152344
0.005859
0.197266
-0.033203
0.122070
0.170898
0.095703
0.006836
0.162109
-0.115234
0.038086
0.167969
-0.146484
-0.146484
-0.019531
-0.292969
-0.037109
0.133789
-0.025391
-0.183594
-0.025391
0.047852
-0.092773
-0.077148
0.050781
0.158203
-0.088867
0.176758
-0.153320
-0.157227
0.119141
0.236328
-0.110352
-0.113281
0.195312
0.225586
-0.005859
-0.108398
0.247070
-0.023438
0.109375
-0.177734
0.168945
0.180664
-0.014648
-0.085938
-0.063477
0.098633
0.037109
0.135742
-0.028320
0.154297
-0.197266
0.133789
0.216797
-0.048828
0.134766
0.126953
-0.012695
0.072266
0.074219
0.142578
0.225586
0.010742
0.029297
-0.259766
-0.142578
-0.065430
0.010742
0.232422
0.099609
-0.007812
0.020508
0.177734
0.099609
0.071289
-0.179688
0.102539
0.110352
-0.015625
0.100586
-0.069336
0.028320
0.044922
-0.131836
0.179688
0.181641
-0.085938
-0.000977
0.227539
0.277344
-0.000977
-0.139648
-0.134766
0.171875
0.178711
0.111328
-0.023438
0.168945
-0.207031
-0.023438
-0.172852
0.084961
0.155273
-0.081055
-0.073242
0.031250
-0.075195
0.009766
-0.006836
0.043945
-0.039062
-0.140625
-0.070312
0.024414
-0.212891
-0.124023
-0.069336
-0.175781
0.133789
0.107422
0.002930
-0.057617
0.081055
-0.265625
-0.153320
0.283203
-0.287109
0.152344
0.116211
0.049805
-0.123047
0.259766
0.252930
-0.147461
0.237305
0.025391
-0.200195
-0.198242
0.137695
0.135742
0.192383
-0.155273
-0.163086
-0.076172
-0.182617
0.010742
0.028320
-0.162109
0.138672
-0.199219
-0.190430
-0.238281
0.004883
-0.050781
-0.178711
0.033203
-0.201172
-0.088867
-0.191406
0.159180
0.006836
0.059570
-0.304688
0.037109
0.196289
-0.029297
-0.174805
0.158203
-0.148438
-0.189453
0.075195
0.095703
0.124023
-0.100586
-0.117188
-0.233398
-0.128906
0.096680
0.204102
0.131836
-0.076172
-0.216797
0.022461
0.030273
-0.246094
-0.049805
0.173828
0.027344
-0.027344
-0.153320
0.056641
-0.110352
0.067383
-0.214844
0.210938
-0.216797
-0.218750
-0.164062
-0.136719
-0.125000
0.121094
-0.059570
-0.045898
-0.178711
0.033203
-0.191406
-0.058594
-0.111328
0.010742
0.120117
0.056641
-0.156250
0.079102
0.162109
0.207031
0.054688
0.124023
-0.015625
0.083008
-0.206055
-0.125977
-0.058594
-0.027344
-0.053711
0.157227
-0.253906
-0.157227
0.237305
0.175781
0.126953
0.062500
-0.197266
0.087891
0.069336
-0.129883
0.038086
0.010742
-0.083008
0.140625
-0.174805
-0.129883
0.117188
-0.157227
0.000000
-0.170898
-0.131836
0.064453
0.042969
0.071289
0.134766
0.054688
-0.141602
0.227539
0.140625
0.230469
-0.005859
-0.065430
0.109375
-0.110352
0.132812
0.072266
0.142578
-0.126953
-0.175781
-0.016602
0.180664
0.040039
0.145508
-0.174805
0.163086
0.168945
0.162109
-0.134766
0.156250
0.222656
-0.126953
0.075195
-0.201172
0.225586
0.208984
0.120117
-0.087891
-0.056641
-0.105469
0.144531
-0.095703
0.081055
0.224609
0.194336
0.071289
-0.180664
-0.134766
0.066406
-0.197266
0.185547
-0.073242
0.185547
-0.142578
0.022461
-0.161133
0.031250
0.005859
-0.207031
-0.186523
0.201172
0.203125
0.108398
0.025391
0.096680
0.161133
0.227539
0.000977
-0.147461
-0.144531
0.068359
-0.064453
0.063477
0.135742
0.208984
0.066406
0.021484
0.119141
0.115234
-0.180664
-0.002930
-0.132812
-0.248047
0.117188
-0.162109
0.083008
-0.121094
0.048828
-0.024414
0.241211
-0.218750
0.135742
0.197266
0.120117
-0.008789
-0.091797
-0.126953
-0.131836
0.133789
-0.155273
-0.142578
0.109375
-0.198242
-0.087891
0.130859
-0.110352
0.166992
0.216797
-0.109375
-0.074219
-0.171875
-0.034180
0.097656
0.141602
-0.113281
0.130859
0.041992
-0.064453
-0.182617
-0.184570
0.106445
0.076172
-0.219727
-0.069336
-0.015625
-0.218750
-0.102539
0.291992
0.285156
-0.039062
-0.066406
0.109375
0.020508
-0.103516
0.187500
-0.052734
0.250977
-0.200195
0.002930
-0.039062
0.205078
0.158203
0.208008
0.218750
0.156250
0.189453
-0.262695
0.045898
-0.020508
0.001953
-0.266602
0.222656
-0.188477
0.016602
0.188477
0.036133
0.218750
-0.146484
-0.068359
0.053711
-0.159180
0.196289
-0.109375
0.045898
-0.110352
-0.177734
0.197266
0.108398
-0.099609
-0.098633
0.191406
0.151367
0.118164
0.065430
0.053711
-0.138672
-0.183594
-0.189453
0.100586
-0.172852
0.008789
-0.131836
-0.022461
-0.131836
-0.049805
0.203125
