0.400000
1.750000
0.571429
2.263158
3.625000
2.615385
1.666667
0.650000
1.333333
1.687500
35.000000
0.432432
0.750000
0.475000
0.652174
1.074074
0.733333
0.139535
2.000000
0.263158
0.307692
0.315789
0.056641
3.200000
1.785714
0.483871
0.421053
2.833333
2.076923
2.200000
1.333333
2.500000
0.950000
1.516129
7.500000
2.357143
3.600000
1.523810
2.818182
0.727273
1.857143
0.250000
0.025391
1.400000
4.000000
1.000000
0.222222
0.333333
4.400000
0.531915
0.342105
2.142857
1.357143
2.235294
0.250000
-0.001953
0.800000
0.545455
0.055556
-0.007812
0.230769
34.000000
0.062500
0.037109
6.500000
0.025391
0.666667
1.411765
4.555556
0.605263
7.200000
1.150000
1.909091
1.117647
0.033203
0.833333
0.034483
1.750000
1.000000
4.600000
33.000000
0.033203
1.208333
3.714286
1.062500
0.821429
0.013672
0.064516
0.033203
0.312500
1.000000
7.333333
0.050781
0.039062
0.041016
0.060547
0.344828
0.428571
1.769231
0.857143
1.666667
0.048828
0.444444
0.714286
0.300000
0.003906
0.019531
0.054688
0.156250
0.031250
6.750000
0.500000
11.333333
0.017578
0.500000
0.375000
4.272727
0.950000
0.080000
0.260870
27.500000
0.666667
23.500000
0.500000
0.888889
1.357143
1.400000
0.777778
0.800000
14.000000
2.125000
2.000000
0.375000
28.000000
1.333333
1.200000
0.703704
0.593750
2.100000
1.400000
0.529412
0.428571
0.042969
2.000000
2.222222
0.642857
0.033203
7.250000
0.370370
22.000000
10.000000
0.666667
0.666667
0.928571
0.458333
3.375000
3.750000
0.882353
0.037109
1.086957
0.833333
0.615385
0.485714
19.000000
1.000000
2.833333
4.666667
0.361111
0.060547
2.000000
0.619048
0.263158
16.000000
0.033203
0.021484
0.000000
0.250000
0.677419
1.777778
1.250000
0.800000
0.782609
1.285714
0.314286
0.700000
2.000000
0.268293
0.066406
0.023438
0.368421
0.001953
0.062500
0.363636
2.600000
0.428571
0.500000
0.660000
0.466667
0.666667
0.750000
0.365854
1.800000
0.916667
0.473684
1.777778
1.000000
0.303030
0.090909
0.454545
0.760000
20.000000
0.227273
0.409091
0.033203
1.600000
3.666667
0.269231
0.529412
1.863636
0.888889
0.500000
0.111111
2.000000
0.692308
0.722222
1.000000
2.500000
0.814815
1.800000
0.884615
0.851852
1.100000
0.033203
1.575758
1.500000
1.000000
1.352941
3.750000
0.382979
0.410156
0.187500
0.066667
22.000000
2.750000
0.352941
0.170732
-0.001953
0.370370
0.190476
0.923077
2.833333
0.888889
1.846154
0.666667
0.642857
4.000000
4.111111
20.000000
1.928571
1.269231
3.777778
1.142857
8.333333
2.125000
9.000000
0.600000
0.461538
2.312500
0.900000
0.423077
0.387097
0.516129
1.750000
0.541667
0.358491
4.000000
15.250000
1.666667
0.882353
2.500000
0.261905
0.866667
0.807692
16.500000
0.407407
0.724138
0.031250
0.005859
0.090909
5.000000
0.842105
1.411765
0.566667
2.363636
0.291667
0.019531
0.015625
0.581395
0.052734
5.750000
0.472222
3.750000
1.333333
1.285714
0.711538
0.857143
0.533333
23.000000
1.192308
0.666667
0.758621
2.833333
2.000000
0.388889
4.000000
0.500000
7.000000
2.888889
3.333333
0.384615
1.133333
0.371429
1.000000
0.285714
9.000000
0.722222
1.105263
1.200000
0.009766
0.039062
4.300000
3.250000
0.005859
0.365854
0.210526
2.210526
3.428571
1.333333
1.428571
0.270270
3.333333
0.250000
1.904762
1.000000
0.860000
2.600000
1.111111
6.000000
1.080000
0.540541
0.807692
0.583333
1.000000
1.307692
1.000000
11.000000
0.380952
1.909091
0.820312
0.189189
0.500000
0.307692
1.357143
0.320000
3.000000
0.647059
1.000000
1.272727
1.000000
0.742857
1.666667
1.736842
1.000000
-0.005859
0.500000
0.947368
22.000000
0.607143
0.001953
0.019531
0.366667
0.487805
0.307692
0.428571
1.800000
8.000000
0.023438
0.019531
0.044444
4.250000
0.480000
0.007812
0.392857
0.333333
0.228571
1.333333
0.115234
1.000000
0.041667
2.375000
0.204082
0.040000
0.894737
1.800000
0.166667
0.134328
16.000000
0.869565
5.000000
3.900000
1.185185
0.214844
0.714286
1.333333
0.230769
1.666667
3.222222
0.631579
8.000000
0.134615
2.625000
1.400000
0.441176
0.680000
0.640000
0.025391
2.583333
2.000000
0.013672
0.500000
1.333333
3.000000
0.652174
3.166667
0.589744
0.500000
1.045455
0.093750
0.578947
3.307692
0.533333
0.666667
0.888889
1.375000
0.750000
0.089844
0.044922
1.045455
0.347826
0.720000
25.000000
1.483871
7.714286
3.083333
1.473684
3.142857
3.571429
2.818182
0.687500
0.900000
1.428571
1.075000
4.250000
0.033203
0.750000
1.000000
0.100000
1.029412
2.833333
2.235294
1.777778
11.000000
0.285714
1.217391
0.636364
0.812500
0.071429
0.551724
0.588235
0.421053
4.285714
5.500000
1.000000
2.200000
1.550000
1.529412
7.000000
0.680000
2.000000
0.740741
0.023438
0.102564
0.176471
1.200000
0.177778
0.377358
0.500000
1.428571
0.884615
0.615385
5.000000
0.072266
5.500000
0.463415
0.636364
0.083984
1.000000
0.200000
14.000000
0.230769
5.666667
1.076923
1.653846
1.684211
0.555556
2.714286
2.777778
0.230769
3.800000
1.777778
0.343750
0.318182
0.843750
0.714286
1.045455
1.333333
1.769231
1.869565
4.333333
3.454545
1.238095
0.592593
0.833333
1.142857
0.013672
0.500000
0.812500
1.117647
2.692308
2.375000
11.500000
2.142857
0.035156
13.000000
1.700000
6.000000
0.888889
2.333333
0.852941
6.000000
0.074074
3.700000
1.846154
0.964286
0.550000
1.950000
0.304348
22.500000
6.000000
0.029297
1.470588
0.210526
0.666667
10.000000
0.015625
7.200000
2.000000
0.269231
0.054688
0.600000
0.013672
0.666667
1.625000
0.414634
0.269231
1.200000
0.023438
0.250000
1.500000
0.872727
1.647059
14.000000
1.142857
6.000000
1.125000
12.000000
1.181818
0.714286
0.312500
0.658537
1.285714
1.125000
0.255814
2.133333
0.694444
0.258065
0.333333
0.804878
0.675676
0.462963
0.666667
0.290323
0.133333
0.240000
0.400000
0.764706
1.384615
2.777778
2.000000
8.333333
1.947368
0.521739
5.000000
1.478261
0.025391
0.156863
0.129032
2.166667
0.102041
2.285714
2.666667
0.545455
1.368421
0.928571
0.037109
2.000000
1.600000
0.800000
0.678571
0.739130
0.857143
1.619048
12.000000
8.333333
5.000000
4.500000
0.952381
5.285714
0.357143
0.666667
9.750000
0.357143
0.437500
0.324324
1.111111
1.000000
2.095238
7.000000
2.687500
4.500000
6.400000
3.333333
1.576923
7.166667
2.466667
2.400000
0.206897
0.447368
2.333333
3.400000
2.000000
4.000000
1.083333
2.208333
4.800000
0.481481
2.916667
10.666667
0.705882
1.555556
20.000000
1.750000
1.785714
5.000000
1.041667
1.103448
2.000000
0.500000
1.684211
1.038462
8.333333
1.290323
1.650000
1.562500
1.400000
1.375000
0.361111
4.250000
13.000000
2.000000
0.031250
0.333333
0.013672
29.000000
2.833333
0.863636
0.459459
8.666667
2.500000
1.052632
8.000000
0.809524
0.870968
0.476190
6.400000
3.000000
1.000000
12.000000
2.000000
0.875000
1.090909
0.894737
0.928571
0.304348
2.500000
1.727273
1.200000
0.388889
0.052632
2.166667
4.900000
2.625000
0.238095
0.565217
2.333333
0.003906
0.268293
0.944444
0.227273
0.384615
0.060547
0.025391
1.052632
0.944444
2.909091
4.600000
0.052734
0.044922
0.758621
0.321429
0.019531
3.100000
0.095703
1.000000
0.636364
0.521739
1.571429
1.500000
3.166667
7.000000
0.818182
0.761905
3.666667
1.000000
1.789474
0.692308
0.146341
0.062500
1.444444
3.444444
2.166667
8.714286
1.520000
0.023438
2.400000
1.562500
1.692308
3.666667
0.025391
0.586957
0.372093
1.687500
2.666667
1.000000
0.764706
1.541667
7.428571
0.379310
0.090909
1.764706
1.590909
1.166667
0.157143
0.272727
1.206897
1.142857
0.642857
17.000000
1.250000
1.000000
0.106383
0.195652
1.454545
0.066667
0.473684
1.181818
0.041016
0.653061
1.166667
0.500000
0.571429
0.104167
0.666667
0.772727
11.000000
0.274510
5.375000
0.281250
0.466667
0.266667
4.600000
1.136364
1.105263
1.111111
0.818182
3.000000
1.812500
0.500000
1.437500
0.046875
1.571429
2.000000
0.800000
13.000000
1.619048
0.142857
0.794118
1.230769
0.019531
0.583333
0.800000
0.941176
0.250000
1.166667
0.054688
2.000000
0.344828
1.190476
3.333333
0.375000
2.076923
9.000000
4.000000
0.428571
2.642857
1.700000
4.428571
4.400000
1.214286
0.850000
14.000000
2.571429
0.395349
0.444444
0.826087
1.000000
0.333333
1.958333
1.235294
1.500000
0.102564
0.833333
1.727273
3.750000
4.636364
3.750000
0.121951
0.466667
0.485714
0.500000
2.375000
1.952381
2.133333
1.076923
4.000000
3.500000
0.029297
3.777778
0.880952
1.214286
0.363636
0.800000
0.285714
2.100000
0.687500
0.875000
0.147059
0.015625
0.600000
0.545455
0.833333
2.846154
3.250000
0.913043
-0.005859
0.380952
0.070312
17.000000
-0.005859
0.314286
-0.001953
0.500000
1.043478
0.273438
1.153846
2.071429
0.317073
17.000000
28.000000
0.446809
0.410714
1.900000
8.000000
7.000000
0.625000
0.448980
0.354839
0.333333
10.666667
1.000000
12.500000
0.225000
1.714286
3.666667
2.000000
0.666667
1.000000
1.000000
8.200000
8.500000
2.200000
1.105263
1.190476
4.666667
0.857143
1.666667
1.761905
0.034483
0.920000
1.171429
5.400000
2.181818
0.294118
0.333333
0.909091
8.500000
1.000000
2.142857
0.450000
0.017578
0.812500
0.923077
0.484848
3.666667
0.055556
0.344828
1.375000
0.653846
2.000000
1.750000
0.454545
0.322581
0.103448
1.176471
0.692308
0.500000
7.000000
4.000000
0.250000
0.410256
0.583333
1.550000
3.000000
3.583333
0.760000
1.300000
0.017578
6.000000
2.000000
0.263158
0.436364
8.000000
0.902439
0.560000
0.387097
0.209302
1.312500
3.333333
0.628571
0.690476
0.039216
0.500000
1.933333
0.385965
1.285714
1.583333
1.100000
0.482759
0.250000
0.842105
4.250000
1.500000
0.722656
1.125000
3.444444
0.017578
0.625000
0.363636
0.500000
1.285714
5.571429
1.000000
0.428571
0.750000
2.000000
0.260870
1.166667
0.750000
0.954545
1.823529
0.282051
0.590909
1.040000
1.100000
1.304348
0.727273
0.031250
12.500000
1.153846
2.636364
0.130435
0.260000
0.800000
0.900000
0.785714
4.375000
0.062500
0.473684
1.000000
1.666667
1.173913
14.000000
16.500000
1.888889
1.375000
3.750000
1.176471
1.000000
5.800000
7.333333
0.480000
11.500000
3.333333
0.540541
1.764706
1.090909
1.142857
0.285714
1.266667
5.000000
0.029297
0.884615
0.421053
0.500000
0.617021
2.625000
0.444444
1.928571
2.764706
0.875000
0.268293
0.583333
0.357143
1.055556
4.000000
0.017578
0.333333
3.142857
1.228571
0.846154
13.000000
1.000000
0.875000
0.214286
1.200000
0.333333
0.428571
2.055556
0.029297
1.312500
0.562500
2.666667
0.039062
0.292969
0.013672
0.007812
0.056641
0.314286
0.333333
6.250000
1.200000
5.000000
1.133333
0.062500
3.230769
2.076923
0.516129
0.019531
1.000000
0.513514
0.687500
0.656250
0.625000
3.285714
2.000000
4.857143
4.125000
2.750000
0.875000
1.800000
2.000000
5.333333
7.000000
1.733333
0.625000
0.001953
2.250000
1.000000
0.583333
2.875000
2.250000
6.000000
8.800000
1.250000
0.545455
1.500000
1.444444
0.250000
0.448276
0.913043
2.200000
1.200000
2.111111
1.200000
0.515152
1.388889
3.000000
0.500000
0.296296
0.666667
1.166667
0.029297
0.435897
0.066406
1.250000
0.015625
0.285714
2.000000
4.000000
2.375000
0.054688
1.181818
0.346154
0.750000
0.652174
0.500000
0.458333
1.054054
3.000000
0.400000
1.722222
1.000000
1.230769
0.833333
0.212121
1.562500
