-0.082031
-0.005859
-0.224609
-0.251953
-0.125000
-0.062500
-0.050781
-0.027344
-0.193359
-0.083984
-0.068359
-0.242188
-0.027344
-0.171875
-0.250000
0.123047
-0.216797
0.005859
-0.123047
-0.066406
0.011719
-0.195312
-0.111328
0.048828
-0.082031
-0.031250
0.232422
-0.005859
0.060547
-0.125000
0.380859
0.212891
-0.041016
0.183594
-0.167969
0.304688
-0.085938
0.150391
-0.076172
-0.082031
0.253906
-0.009766
0.158203
0.023438
-0.015625
-0.109375
-0.089844
-0.273438
0.001953
-0.203125
0.125000
-0.087891
0.076172
-0.058594
0.052734
0.214844
0.037109
0.343750
0.406250
0.224609
0.181641
0.117188
0.234375
0.197266
0.046875
0.058594
-0.123047
-0.095703
0.232422
0.187500
-0.134766
-0.267578
0.105469
0.121094
0.171875
-0.259766
0.019531
-0.052734
0.169922
0.046875
-0.046875
-0.050781
0.166016
0.283203
0.111328
0.097656
0.082031
0.019531
0.238281
0.242188
-0.238281
0.052734
0.253906
0.164062
0.388672
0.054688
-0.166016
0.218750
0.066406
0.154297
0.150391
0.095703
0.226562
0.197266
0.072266
0.003906
0.328125
0.027344
0.080078
0.189453
0.353516
0.259766
0.076172
-0.064453
-0.142578
0.091797
0.158203
-0.169922
-0.109375
0.039062
-0.017578
-0.058594
-0.179688
-0.277344
0.035156
-0.222656
0.023438
-0.056641
-0.056641
0.048828
0.208984
-0.013672
0.132812
0.130859
0.324219
0.039062
0.087891
0.187500
0.246094
0.113281
-0.103516
0.212891
-0.078125
-0.173828
0.109375
0.009766
-0.304688
-0.085938
-0.269531
0.021484
