-0.027344
0.025391
0.011719
-0.001953
0.044922
0.027344
0.000000
-0.023438
0.025391
-0.037109
-0.023438
0.042969
-0.023438
-0.048828
0.001953
0.089844
0.025391
-0.009766
-0.017578
-0.003906
0.001953
-0.007812
-0.048828
-0.023438
-0.013672
0.031250
-0.009766
-0.058594
-0.001953
-0.054688
-0.050781
-0.072266
-0.029297
0.035156
0.046875
0.031250
-0.021484
-0.013672
0.019531
-0.013672
0.031250
0.021484
-0.011719
-0.015625
0.029297
-0.005859
-0.023438
-0.009766
0.009766
0.019531
-0.009766
-0.017578
0.017578
-0.015625
-0.025391
-0.013672
0.015625
0.029297
-0.025391
0.021484
0.015625
0.000000
-0.005859
0.027344
-0.027344
-0.009766
0.056641
0.003906
-0.029297
0.046875
-0.056641
-0.093750
0.021484
-0.013672
0.000000
-0.029297
0.015625
0.001953
-0.015625
-0.009766
-0.013672
0.041016
0.031250
0.005859
-0.019531
-0.035156
-0.021484
-0.041016
-0.011719
0.005859
-0.021484
-0.033203
-0.007812
0.025391
-0.005859
-0.007812
0.000000
0.007812
0.013672
0.017578
0.027344
-0.009766
0.031250
0.021484
0.039062
0.037109
-0.066406
-0.031250
-0.054688
-0.039062
0.007812
0.046875
-0.017578
-0.019531
-0.009766
0.037109
0.011719
0.011719
0.025391
-0.093750
-0.003906
-0.017578
-0.044922
-0.066406
-0.017578
0.064453
-0.037109
0.001953
-0.013672
-0.001953
-0.027344
-0.009766
-0.042969
0.039062
0.066406
0.046875
0.011719
0.033203
0.052734
-0.027344
0.031250
-0.011719
0.011719
-0.015625
-0.052734
0.003906
0.070312
0.009766
-0.011719
0.029297
-0.042969
0.015625
0.025391
-0.019531
0.005859
0.031250
0.000000
0.013672
0.039062
0.029297
-0.013672
-0.003906
0.037109
-0.039062
0.046875
0.033203
-0.027344
-0.023438
-0.039062
-0.031250
0.035156
-0.021484
0.000000
0.029297
0.023438
-0.001953
0.015625
-0.033203
-0.078125
-0.001953
0.011719
0.003906
0.003906
0.025391
-0.011719
-0.009766
0.037109
0.005859
-0.017578
-0.009766
0.029297
0.037109
0.023438
0.035156
-0.019531
0.042969
-0.041016
0.042969
0.003906
-0.017578
-0.021484
0.021484
0.300781
0.691406
0.648438
0.595703
0.224609
0.140625
0.052734
-0.001953
0.023438
-0.027344
0.005859
-0.052734
0.035156
0.007812
0.027344
-0.015625
0.035156
-0.001953
0.001953
-0.025391
0.013672
0.003906
0.007812
-0.041016
0.031250
0.046875
-0.013672
-0.017578
0.867188
0.994141
0.992188
0.994141
0.994141
0.939453
0.777344
0.804688
0.787109
0.748047
0.781250
0.740234
0.796875
0.796875
0.683594
0.224609
0.015625
-0.025391
-0.023438
0.003906
0.015625
0.009766
0.070312
-0.005859
0.009766
0.009766
0.042969
0.021484
0.277344
0.507812
0.345703
0.394531
0.673828
0.900391
0.992188
0.876953
0.990234
0.988281
0.990234
0.976562
0.898438
0.996094
0.992188
0.533203
0.031250
0.007812
-0.025391
0.003906
-0.029297
0.015625
-0.013672
-0.033203
-0.015625
-0.027344
0.013672
0.001953
0.068359
0.007812
-0.017578
-0.005859
0.019531
0.019531
0.291016
0.126953
0.240234
0.279297
0.228516
0.208984
0.113281
0.933594
0.998047
0.390625
-0.011719
-0.039062
-0.031250
-0.011719
-0.046875
0.021484
-0.001953
0.048828
-0.003906
0.015625
0.021484
0.013672
0.042969
-0.021484
0.013672
0.011719
-0.013672
-0.046875
0.005859
0.021484
0.011719
-0.050781
0.041016
0.001953
0.300781
0.994141
0.832031
0.087891
-0.031250
-0.031250
-0.017578
-0.039062
0.019531
0.019531
0.031250
-0.052734
-0.005859
0.005859
-0.007812
-0.023438
-0.019531
0.003906
0.044922
-0.021484
-0.005859
-0.011719
0.015625
-0.009766
0.023438
0.039062
-0.031250
0.066406
0.892578
0.994141
0.335938
-0.023438
0.009766
0.046875
-0.023438
0.013672
0.011719
-0.025391
-0.070312
-0.033203
0.007812
0.037109
0.011719
-0.009766
-0.003906
0.015625
0.083984
-0.025391
0.009766
-0.027344
0.027344
-0.050781
-0.054688
0.041016
0.011719
0.552734
0.994141
0.935547
0.185547
0.011719
-0.003906
-0.048828
-0.015625
-0.068359
0.025391
0.013672
-0.017578
-0.033203
-0.046875
0.017578
-0.003906
0.017578
0.021484
0.007812
0.005859
0.009766
0.033203
-0.039062
0.025391
0.001953
0.011719
-0.009766
0.208984
0.976562
0.992188
0.328125
-0.017578
0.001953
-0.003906
0.076172
0.037109
0.005859
-0.017578
-0.009766
0.029297
0.035156
0.000000
0.042969
0.027344
0.023438
-0.031250
-0.044922
0.039062
-0.031250
0.007812
0.042969
-0.072266
-0.031250
0.001953
-0.027344
0.537109
0.996094
0.777344
0.007812
-0.001953
0.019531
0.054688
-0.011719
-0.021484
0.027344
0.027344
-0.076172
0.058594
-0.009766
0.011719
0.076172
0.021484
0.003906
-0.037109
-0.056641
0.056641
-0.023438
-0.011719
0.017578
-0.031250
-0.027344
0.007812
0.027344
0.781250
0.974609
0.208984
0.039062
0.027344
-0.033203
0.031250
0.011719
-0.001953
0.009766
-0.023438
-0.001953
-0.041016
-0.011719
0.009766
0.000000
0.015625
-0.007812
-0.007812
-0.019531
-0.003906
0.011719
-0.054688
0.103516
-0.013672
0.001953
-0.037109
0.470703
0.986328
0.693359
0.005859
0.021484
-0.001953
-0.015625
0.007812
-0.001953
0.007812
-0.029297
-0.033203
-0.001953
-0.013672
-0.037109
-0.007812
-0.037109
-0.011719
-0.035156
0.013672
-0.015625
0.009766
0.074219
0.074219
0.050781
0.013672
-0.035156
0.275391
0.972656
0.927734
0.263672
-0.017578
-0.041016
-0.001953
0.027344
-0.001953
0.013672
-0.035156
-0.037109
-0.017578
-0.003906
0.029297
0.037109
-0.019531
0.005859
0.011719
0.041016
-0.015625
0.041016
-0.031250
-0.029297
0.048828
0.029297
-0.035156
0.042969
0.871094
0.996094
0.650391
-0.031250
0.029297
0.039062
-0.007812
-0.005859
0.025391
0.001953
0.021484
0.009766
0.011719
-0.027344
-0.044922
0.015625
0.005859
0.001953
0.011719
0.017578
0.003906
0.035156
-0.003906
-0.048828
-0.019531
-0.035156
-0.007812
0.802734
0.990234
0.857422
0.136719
0.031250
-0.021484
-0.007812
0.041016
-0.023438
-0.011719
-0.023438
0.033203
-0.029297
-0.013672
0.001953
0.000000
-0.003906
0.027344
0.011719
0.029297
-0.015625
0.025391
-0.005859
0.009766
-0.013672
0.011719
-0.013672
0.203125
0.994141
0.990234
0.257812
0.011719
-0.009766
0.035156
0.054688
0.046875
-0.039062
-0.011719
-0.019531
0.042969
-0.021484
-0.017578
-0.015625
0.029297
-0.007812
-0.031250
-0.017578
0.015625
0.013672
0.029297
-0.013672
-0.080078
-0.101562
0.037109
0.130859
0.880859
0.986328
0.453125
0.009766
0.021484
0.031250
0.000000
-0.007812
-0.007812
-0.009766
-0.050781
0.000000
0.027344
0.007812
0.062500
-0.029297
-0.021484
0.005859
-0.031250
0.011719
0.023438
-0.023438
0.009766
-0.023438
0.005859
-0.005859
-0.037109
0.519531
0.992188
0.992188
0.197266
0.044922
-0.013672
0.009766
-0.003906
-0.046875
-0.003906
-0.001953
-0.027344
0.052734
0.013672
0.015625
0.003906
-0.060547
0.044922
-0.058594
-0.031250
0.025391
-0.076172
0.005859
0.023438
-0.056641
0.007812
-0.046875
0.279297
0.937500
0.988281
0.998047
0.210938
0.001953
0.021484
0.037109
-0.037109
-0.054688
-0.029297
0.029297
-0.007812
-0.015625
0.017578
0.003906
0.025391
-0.027344
0.011719
-0.009766
0.009766
0.027344
-0.015625
-0.003906
0.007812
-0.017578
0.017578
0.017578
0.484375
0.992188
0.992188
0.873047
0.132812
-0.003906
-0.015625
0.035156
0.015625
0.015625
0.000000
0.017578
0.011719
0.000000
-0.007812
-0.033203
-0.052734
-0.021484
0.013672
-0.023438
-0.064453
-0.039062
0.072266
0.003906
-0.005859
-0.001953
0.046875
0.021484
0.468750
0.992188
0.792969
0.083984
0.017578
0.007812
-0.013672
-0.041016
-0.005859
-0.048828
0.044922
0.044922
0.027344
0.021484
-0.003906
-0.003906
0.003906
-0.027344
0.025391
0.013672
0.037109
0.013672
0.005859
0.027344
0.015625
0.054688
0.060547
0.017578
-0.023438
0.007812
-0.050781
-0.068359
-0.001953
0.064453
-0.001953
-0.019531
-0.023438
-0.046875
-0.015625
0.085938
0.021484
0.009766
-0.007812
0.001953
-0.037109
0.023438
