0.400000
0.328125
0.702703
1.750000
0.162791
0.437500
1.000000
1.388889
0.250000
0.800000
2.615385
-0.039062
0.333333
0.125000
-0.050781
0.093750
-0.044922
-0.001953
0.142857
0.098361
0.541667
0.192308
0.257143
0.432432
0.013672
0.750000
0.184211
0.093023
0.313433
0.052734
0.033203
0.200000
0.571429
0.450000
2.263158
-0.041016
0.021484
3.625000
0.642857
0.787879
0.238095
1.666667
-0.052734
0.650000
1.333333
0.259259
1.687500
0.078125
35.000000
0.289474
-0.003906
0.007812
-0.023438
0.027344
0.015625
0.475000
0.652174
-0.029297
1.074074
0.434783
0.733333
-0.005859
-0.007812
-0.003906
1.909091
0.125000
0.263158
-0.042969
0.280000
0.062500
-0.046875
-0.080078
0.044922
0.007812
3.200000
0.007812
-0.001953
1.785714
0.421053
0.483871
0.421053
-0.070312
2.833333
1.041667
-0.074219
-0.001953
0.000000
0.468750
0.013672
-0.031250
0.139535
-0.019531
2.000000
0.015625
0.082031
0.000000
0.021484
0.307692
-0.041016
0.315789
0.025641
0.056641
-0.046875
0.156863
-0.042969
0.015625
0.042969
-0.042969
0.027778
0.303030
0.019531
0.545455
-0.007812
0.318182
0.000000
0.054054
0.705882
0.021484
2.500000
0.035156
-0.033203
0.000000
-0.011719
1.516129
0.350000
0.029297
0.282051
0.056641
-0.019531
3.600000
1.523810
0.352941
0.011719
0.391304
0.027344
0.727273
1.857143
0.666667
0.021484
0.117647
0.035714
2.076923
1.071429
2.200000
0.029297
1.333333
0.013672
0.045455
0.950000
-0.021484
1.500000
-0.041016
-0.017578
7.500000
2.357143
0.960000
0.037109
0.058594
0.027344
0.064516
2.818182
1.000000
0.150000
0.019531
-0.019531
0.023438
-0.037109
0.250000
-0.054688
-0.046875
0.194444
0.013672
0.074219
4.000000
-0.011719
1.000000
0.222222
-0.019531
-0.044922
0.023810
4.400000
0.235294
0.531915
-0.009766
0.342105
0.003906
0.121212
1.000000
1.357143
-0.003906
2.235294
0.033203
0.162791
0.250000
-0.017578
-0.013672
0.000000
0.025391
0.666667
1.400000
0.255319
-0.056641
1.000000
0.023438
0.027344
0.011719
-0.013672
0.333333
0.000000
-0.019531
0.000000
-0.013672
0.029297
0.025391
2.142857
0.019531
0.019531
-0.033203
0.866667
0.025391
-0.007812
0.029297
-0.021484
-0.001953
-0.023438
0.800000
0.428571
-0.033203
0.055556
-0.062500
-0.015625
-0.029297
0.039062
0.230769
0.011719
3.800000
-0.003906
0.062500
0.000000
-0.009766
6.500000
-0.017578
-0.078125
0.011719
0.000000
0.003906
-0.001953
-0.011719
0.048780
4.555556
-0.078125
0.282051
0.500000
0.035156
0.545455
-0.005859
0.031250
0.019531
-0.025391
-0.007812
0.011719
-0.023438
1.000000
34.000000
-0.007812
-0.039062
0.037109
-0.019531
-0.031250
2.571429
0.025391
0.013672
0.007812
0.666667
-0.027344
1.411765
-0.011719
0.541667
0.571429
0.605263
1.250000
7.200000
-0.007812
0.045455
0.680000
-0.017578
-0.048828
0.031250
0.033203
-0.003906
0.029297
0.001953
0.034483
0.029297
0.005859
-0.009766
0.035714
1.000000
0.019531
-0.031250
-0.058594
33.000000
0.027344
0.000000
0.375000
0.015625
-0.027344
3.714286
0.186047
0.011719
0.214286
1.150000
-0.027344
1.909091
-0.054688
1.117647
-0.031250
0.000000
0.833333
-0.052734
0.000000
-0.013672
1.750000
0.238095
1.000000
0.031250
4.600000
2.333333
0.056641
-0.035156
0.033203
-0.029297
1.208333
0.031250
0.021484
0.054688
1.062500
0.125000
-0.058594
-0.009766
-0.009766
0.013672
-0.076172
0.003906
0.033203
0.000000
0.312500
-0.017578
-0.044922
0.000000
0.375000
-0.031250
-0.048828
0.050781
0.021484
-0.015625
0.041016
0.003906
0.060547
0.013672
0.344828
0.166667
0.083333
0.000000
0.023438
0.039062
0.821429
0.645161
-0.005859
-0.001953
0.047619
0.064516
-0.011719
0.019531
-0.033203
0.250000
0.009766
1.000000
-0.009766
7.333333
0.027344
-0.011719
0.039062
-0.060547
-0.054688
0.000000
-0.058594
0.015625
-0.005859
0.044922
0.428571
-0.013672
-0.005859
0.485714
0.857143
0.304348
0.214844
0.619048
0.019531
-0.031250
0.444444
0.166667
-0.013672
0.714286
-0.048828
0.300000
-0.029297
0.003906
-0.017578
-0.078125
-0.041016
-0.066406
-0.037109
0.044922
-0.041016
-0.042969
1.363636
6.750000
-0.019531
0.500000
1.769231
-0.001953
0.187500
-0.050781
0.019531
1.666667
0.048828
-0.015625
0.019531
-0.021484
0.625000
-0.052734
0.011719
0.019531
-0.039062
-0.041016
-0.060547
0.019531
0.054688
-0.029297
0.021484
0.156250
0.013672
0.031250
0.900000
0.019531
-0.021484
-0.017578
0.000000
11.333333
-0.007812
0.017578
0.266667
0.500000
0.041016
0.066406
0.011719
3.666667
0.070312
0.950000
0.013672
-0.005859
0.260870
-0.042969
0.003906
-0.009766
0.666667
0.007812
0.000000
23.500000
0.500000
-0.031250
-0.035156
0.005859
0.352941
1.357143
2.222222
1.857143
-0.031250
-0.025391
0.307692
0.411765
0.375000
-0.003906
4.272727
1.285714
0.003906
-0.017578
0.044922
0.080000
0.009766
0.066667
0.046875
27.500000
0.529412
-0.033203
0.259259
-0.044922
-0.001953
-0.017578
0.181818
0.888889
0.750000
0.340426
1.400000
0.428571
0.777778
0.007812
0.548387
0.000000
-0.009766
0.100000
1.108108
0.050781
-0.023438
0.013672
0.375000
0.153846
-0.021484
28.000000
-0.029297
0.000000
1.200000
0.333333
0.160000
0.703704
0.593750
0.013672
1.285714
2.100000
-0.003906
0.679245
0.783784
0.031250
-0.062500
-0.021484
-0.021484
0.800000
-0.052734
14.000000
0.733333
2.125000
0.150000
2.000000
-0.021484
-0.013672
0.017578
3.375000
0.021484
1.333333
0.007812
0.125000
0.404255
0.107143
0.290323
0.085106
2.083333
-0.009766
1.400000
0.470588
0.080000
0.529412
0.021484
0.039062
0.042969
0.033203
0.000000
2.000000
-0.017578
0.000000
0.642857
0.600000
0.033203
0.033203
0.000000
7.250000
-0.001953
0.001953
13.000000
5.000000
10.000000
-0.011719
0.666667
0.000000
0.196078
0.666667
-0.000000
0.928571
0.304348
0.250000
0.034483
0.428571
-0.041016
-0.001953
0.363636
0.007812
0.011719
2.222222
-0.050781
-0.009766
-0.076172
-0.005859
2.666667
0.066406
0.370370
-0.037109
1.200000
22.000000
1.000000
0.019531
0.253906
-0.050781
0.042969
-0.023438
-0.013672
0.032258
0.280702
0.421053
0.458333
3.375000
0.037109
0.621622
0.882353
0.001953
0.037109
0.033203
0.696970
0.001953
0.833333
-0.019531
-0.003906
0.615385
0.050000
0.027344
1.000000
19.000000
0.009766
-0.025391
0.444444
0.035156
0.705882
0.850000
0.175000
0.361111
0.458333
0.035156
0.000000
0.027344
3.750000
1.611111
0.058594
0.037109
0.031250
0.027344
1.086957
-0.009766
0.037109
0.025391
0.027344
-0.044922
0.485714
0.019531
0.179487
0.048828
-0.005859
1.000000
0.181818
2.833333
4.666667
4.600000
-0.058594
0.000000
0.060547
0.027344
-0.013672
-0.048828
0.009766
0.619048
0.263158
0.208333
0.615385
16.000000
0.013672
0.017578
-0.029297
-0.033203
0.000000
-0.015625
0.250000
-0.033203
-0.042969
0.011719
0.433333
0.011719
0.042969
0.054688
0.800000
-0.015625
0.052632
0.191489
0.039216
0.007812
2.000000
0.625000
0.090909
0.576923
-0.013672
0.033203
-0.003906
1.000000
0.013672
0.033203
0.011719
0.021484
0.000000
-0.019531
-0.037109
0.033333
0.677419
0.013672
1.777778
0.066667
1.250000
-0.052734
-0.001953
-0.001953
0.782609
0.151515
0.250000
1.285714
0.108696
-0.029297
0.700000
0.044922
0.005859
0.125000
0.005859
-0.017578
0.066406
0.003906
0.023438
0.001953
0.038462
0.368421
-0.005859
-0.039062
-0.037109
0.033203
0.344828
0.153846
0.019231
0.263158
0.013672
0.184211
0.425000
-0.015625
0.233333
-0.029297
0.044444
0.314286
0.687500
-0.011719
0.000000
2.000000
0.268293
0.250000
0.015625
-0.017578
0.017578
-0.013672
0.003906
-0.029297
0.001953
0.000000
-0.011719
0.062500
-0.001953
0.363636
-0.042969
2.600000
0.428571
0.029297
0.038961
0.500000
0.660000
0.383333
-0.013672
0.466667
0.666667
0.333333
0.005859
0.027344
0.365854
0.195652
0.166667
0.009766
0.916667
0.015625
0.473684
0.027027
0.001953
1.777778
-0.011719
0.909091
0.000000
0.082031
0.041016
0.003906
0.090909
-0.029297
0.194444
0.015625
0.050781
0.375000
-0.005859
0.142857
-0.000000
0.384615
0.750000
0.518519
0.234375
0.314286
1.800000
1.000000
-0.050781
0.011719
0.461538
0.250000
0.250000
0.019531
0.750000
1.000000
0.013672
0.303030
0.080000
0.090909
-0.050781
0.454545
0.013672
0.760000
1.000000
20.000000
0.227273
-0.005859
0.023438
0.102941
0.017578
0.017578
1.285714
-0.003906
0.043478
3.666667
0.065217
0.028571
0.529412
-0.029297
1.863636
0.000000
0.007812
0.009766
0.500000
0.021484
0.007812
0.005859
1.500000
2.000000
-0.013672
0.041016
0.317073
0.021484
-0.027344
0.000000
0.031250
0.409091
0.033203
-0.013672
1.600000
0.019531
-0.041016
0.277778
0.269231
-0.017578
0.217391
0.005859
1.500000
0.218182
0.888889
0.285714
-0.000000
0.044922
-0.003906
0.111111
1.000000
0.214286
0.692308
0.378378
0.041016
0.050781
1.000000
0.015625
2.500000
0.400000
0.814815
0.000000
-0.031250
0.360000
0.884615
-0.023438
0.757576
0.742857
0.285714
0.236364
0.009766
0.017578
1.575758
0.064516
0.269231
-0.044922
1.000000
0.000000
1.352941
0.512195
2.125000
0.001953
0.031250
0.722222
0.526316
-0.003906
0.894737
0.264706
-0.046875
0.250000
0.074074
1.800000
0.062500
0.222222
0.088235
0.851852
0.750000
1.100000
0.023438
0.033203
-0.019531
0.232558
0.277778
1.500000
0.001953
0.260870
0.023438
-0.050781
-0.037109
3.750000
0.000000
-0.029297
0.410156
-0.003906
0.003906
-0.013672
-0.011719
0.035714
0.157895
0.046875
0.001953
0.011719
-0.023438
0.352941
0.170732
0.142857
-0.001953
-0.044922
0.072266
-0.035156
-0.058594
0.015625
0.037109
0.923077
2.076923
0.387097
-0.031250
-0.048828
0.297297
0.382979
0.052734
-0.005859
-0.029297
0.187500
0.066667
-0.078125
22.000000
0.023256
1.062500
2.750000
-0.025391
-0.050781
0.027344
-0.023438
-0.019531
-0.029297
0.370370
0.019531
0.011719
0.190476
0.020833
-0.000000
2.833333
0.025391
0.888889
-0.013672
1.230769
0.709677
-0.001953
-0.031250
-0.027344
0.642857
0.916667
4.000000
4.111111
0.161290
1.166667
0.250000
1.928571
0.001953
-0.025391
-0.025391
0.954545
-0.021484
0.023438
1.000000
0.600000
0.291667
0.529412
-0.029297
9.000000
1.187500
-0.027344
0.333333
1.846154
-0.000000
0.666667
0.035156
0.290323
0.011719
0.031250
0.000000
0.916667
0.777778
4.166667
20.000000
0.312500
0.023438
1.269231
0.833333
3.777778
-0.044922
1.142857
0.529412
8.333333
-0.031250
0.003906
2.125000
0.005859
0.052734
0.062500
0.600000
0.009766
0.461538
-0.027344
0.025391
-0.027344
0.290323
0.423077
-0.007812
0.005859
0.250000
0.516129
0.066667
0.066667
-0.015625
0.541667
0.037109
0.027344
0.358491
4.000000
0.475000
15.250000
1.333333
1.666667
0.449219
0.882353
0.013672
2.500000
0.011719
-0.017578
-0.029297
0.015625
2.312500
0.250000
0.900000
-0.015625
-0.078125
0.387097
0.000000
0.348837
-0.031250
1.750000
0.631579
-0.003906
-0.099609
-0.021484
0.037109
-0.041016
0.023438
0.009766
0.000000
0.416667
0.037109
0.056641
0.689655
0.791667
-0.019531
-0.037109
0.261905
0.001953
0.040000
0.033203
0.625000
0.052734
0.023438
-0.001953
0.041016
0.011719
0.285714
-0.046875
0.000000
0.005859
-0.001953
-0.033203
0.090909
0.111111
0.378378
0.552632
0.281250
0.772727
0.035156
-0.013672
0.054688
2.363636
0.689655
-0.005859
-0.000000
0.739130
0.866667
0.807692
0.029297
16.500000
0.200000
0.039062
0.407407
-0.027344
0.724138
0.031250
0.000000
-0.011719
-0.025391
0.068359
-0.005859
0.007812
5.000000
0.842105
0.470588
0.205882
1.411765
0.029297
0.566667
0.266667
1.727273
0.291667
0.225000
-0.009766
0.000000
0.015625
0.005859
0.581395
0.080000
0.041016
-0.044922
5.750000
0.048828
0.472222
0.037037
-0.023438
3.750000
-0.027344
0.368421
1.047619
0.031250
0.711538
0.318182
0.366667
0.857143
0.516129
0.001953
2.125000
0.035156
0.044922
0.029297
0.019531
-0.048828
-0.013672
-0.005859
0.256410
-0.009766
0.052734
-0.027344
1.157895
-0.003906
0.017578
0.019531
0.021484
0.000000
-0.042969
1.333333
-0.019531
1.285714
0.700000
0.058594
0.076923
-0.039062
-0.046875
0.533333
0.027344
23.000000
1.105263
1.192308
-0.039062
-0.003906
0.136364
0.758621
0.875000
-0.046875
0.042969
2.000000
-0.011719
0.388889
4.000000
0.013672
0.066667
0.011719
-0.009766
7.000000
0.277778
2.888889
3.333333
-0.013672
0.228571
0.384615
1.133333
0.400000
0.019531
-0.037109
0.681818
0.440000
0.666667
0.312500
0.013672
0.029297
-0.015625
2.833333
-0.033203
-0.044922
0.001953
-0.017578
0.009766
0.033203
0.021484
0.500000
0.000000
0.003906
1.550000
-0.041016
-0.005859
0.913043
-0.029297
0.062500
-0.048828
0.142857
0.052734
0.371429
0.142857
0.064453
-0.029297
0.285714
9.000000
0.001953
0.072266
0.368421
1.105263
0.000000
-0.013672
0.068359
-0.042969
-0.027344
0.027344
0.000000
4.300000
1.533333
3.250000
-0.015625
0.000000
0.005859
-0.001953
0.365854
-0.000000
0.210526
0.037109
0.034483
0.088235
1.000000
0.033203
0.200000
0.111111
0.636364
-0.046875
0.722222
-0.054688
-0.013672
-0.000000
1.200000
-0.011719
0.009766
0.039062
-0.007812
0.416667
4.117647
1.625000
2.666667
-0.037109
-0.001953
0.052734
-0.023438
-0.037109
0.021484
0.090909
2.210526
0.001953
-0.042969
-0.023438
0.341463
0.485714
-0.005859
0.015625
0.156250
3.333333
0.005859
0.250000
0.005859
0.000000
0.019531
1.000000
0.315789
0.001953
0.037109
0.468750
-0.017578
0.230769
1.111111
0.285714
0.400000
1.080000
1.000000
0.052734
-0.009766
0.378378
3.428571
1.333333
1.214286
1.428571
0.034483
0.270270
0.125000
-0.007812
0.031250
0.013672
0.003906
0.001953
1.904762
-0.044922
0.285714
0.860000
0.500000
-0.068359
2.600000
0.013672
-0.015625
6.000000
-0.044922
0.727273
-0.054688
0.540541
0.326531
0.807692
-0.017578
0.296296
0.011719
-0.009766
1.000000
1.307692
0.033203
0.173913
1.000000
0.040000
11.000000
0.027344
0.035156
0.009766
-0.033203
0.820312
-0.050781
0.066667
0.029297
-0.019531
0.013672
0.307692
-0.029297
0.437500
0.272727
0.056641
-0.013672
0.600000
0.044922
0.583333
0.057143
-0.009766
0.030303
0.011719
0.015625
0.027344
0.011719
0.001953
0.379310
0.023438
0.380952
1.000000
1.909091
0.333333
0.029297
0.189189
0.117647
0.232558
0.500000
0.000000
0.033203
1.357143
0.090909
0.320000
0.054054
3.000000
0.255814
0.015625
0.647059
1.000000
0.142857
0.000000
1.272727
0.285714
-0.039062
-0.029297
-0.007812
1.125000
1.666667
1.736842
-0.013672
1.000000
0.086957
-0.005859
-0.017578
0.307692
0.500000
0.947368
0.078947
-0.027344
3.083333
0.160000
-0.021484
0.268657
0.322581
-0.015625
-0.015625
0.041016
-0.000000
-0.011719
-0.050781
0.029297
1.000000
0.742857
0.416667
0.538462
0.437500
0.147059
0.500000
0.593750
0.136364
-0.066406
-0.005859
-0.025391
-0.011719
-0.033203
0.000000
0.285714
22.000000
0.607143
0.325000
-0.031250
-0.039062
0.017578
0.017578
-0.000000
0.366667
0.136364
0.487805
0.307692
-0.005859
0.037109
0.269231
0.125000
1.631579
8.000000
0.468085
-0.046875
-0.056641
-0.017578
-0.025391
0.005859
0.027344
0.034483
-0.019531
0.007812
0.048828
0.003906
0.007812
-0.007812
0.001953
0.000000
0.019531
0.062500
0.003906
0.423077
0.117647
-0.007812
0.017578
0.342105
0.428571
1.800000
0.883721
0.350000
-0.027344
-0.029297
0.023438
0.019531
-0.011719
0.044444
0.023810
4.250000
0.078125
0.480000
0.070312
-0.013672
-0.021484
0.005859
-0.042969
0.029297
-0.005859
-0.037109
0.162162
1.333333
1.111111
0.019531
-0.007812
-0.011719
0.450000
0.041667
0.015625
0.019531
2.375000
0.000000
0.031250
0.007812
-0.011719
0.129032
0.894737
1.800000
-0.011719
-0.029297
-0.003906
0.011719
-0.029297
0.066667
0.392857
-0.003906
0.333333
0.015625
0.228571
0.074219
1.000000
-0.021484
0.115234
0.580645
1.000000
0.009766
-0.066406
0.800000
0.629630
-0.037109
0.204082
0.040000
0.031250
-0.044922
-0.041016
-0.025391
0.003906
-0.007812
0.166667
0.102564
0.134328
-0.017578
0.054688
0.120000
0.052734
0.042969
0.880000
3.900000
0.019531
0.015625
1.185185
-0.011719
0.013672
0.375000
-0.005859
0.003906
1.333333
0.230769
-0.054688
0.407407
1.666667
3.222222
0.718750
0.324324
0.631579
8.000000
0.046875
0.134615
0.013672
0.048828
16.000000
0.869565
0.040000
5.000000
1.000000
1.318182
0.150000
0.025391
0.342105
0.214844
0.055556
-0.044922
0.714286
0.025391
-0.054688
0.111111
0.023438
-0.031250
-0.021484
0.000000
-0.035156
-0.068359
-0.017578
0.037109
0.916667
0.013672
-0.017578
0.322034
2.625000
1.400000
0.023438
-0.017578
0.441176
0.309524
0.021484
-0.001953
-0.046875
0.025391
-0.013672
0.023438
-0.062500
-0.005859
2.000000
-0.001953
0.013672
0.000000
0.500000
0.023438
0.058594
0.033333
0.009766
0.272727
0.500000
0.340000
0.296296
0.068182
-0.001953
0.001953
0.015625
-0.015625
0.035156
0.680000
0.055556
0.392857
0.640000
0.003906
0.000000
0.117647
2.583333
-0.007812
0.545455
-0.005859
0.007812
0.428571
0.015625
1.333333
0.086957
3.000000
0.264706
0.196078
0.652174
3.166667
0.500000
0.019531
0.039062
0.500000
0.472222
0.916667
1.045455
0.093750
-0.005859
0.250000
-0.001953
3.307692
0.047619
0.533333
0.423077
0.666667
0.044922
0.888889
0.070312
0.111111
1.375000
0.000000
-0.003906
0.089844
-0.042969
0.019531
0.044922
0.031250
0.340000
0.013672
0.589744
0.003906
0.005859
0.285714
0.562500
0.046875
-0.029297
0.019531
0.578947
0.878788
-0.021484
0.005859
-0.076172
0.350000
0.017578
0.076923
-0.041016
0.750000
0.033203
0.750000
0.066406
0.005859
-0.009766
0.025391
0.009766
1.045455
0.021484
0.200000
0.315789
-0.072266
0.720000
0.472222
25.000000
0.714286
1.483871
3.888889
0.925926
0.090909
1.916667
0.642857
0.227273
0.019531
0.176471
0.546875
1.083333
2.818182
0.125000
0.023438
0.687500
0.000000
0.025391
0.111328
0.176471
0.041016
1.075000
-0.039062
0.347826
0.019531
0.011719
0.000000
0.001953
0.116279
1.263158
2.727273
7.714286
2.625000
3.083333
1.190476
1.473684
1.666667
3.142857
0.021484
3.571429
0.822222
0.703704
-0.039062
-0.005859
0.035156
0.900000
1.428571
0.019531
0.021484
0.011719
0.048828
0.046875
0.033203
0.005859
0.042969
-0.029297
0.600000
1.000000
0.042969
-0.025391
1.029412
0.030769
2.833333
2.000000
1.047619
2.235294
1.777778
-0.033203
11.000000
5.909091
0.037109
0.285714
-0.033203
0.761905
-0.031250
0.636364
-0.039062
0.812500
0.029297
4.250000
-0.011719
-0.019531
0.000000
0.750000
0.017578
0.892857
0.100000
-0.035156
-0.011719
0.920000
1.058824
0.840000
-0.058594
1.545455
0.238095
0.947368
5.500000
0.516667
-0.017578
-0.058594
1.217391
0.037109
0.000000
0.423077
-0.025391
0.071429
0.000000
0.071429
0.200000
0.380952
0.588235
0.551724
-0.005859
0.421053
0.148148
-0.023438
5.500000
1.818182
0.039062
0.042969
0.131148
0.000000
0.044922
0.636364
0.333333
0.200000
7.000000
0.128205
0.680000
-0.015625
-0.015625
2.000000
-0.080078
0.740741
-0.027344
0.021484
0.025391
0.551724
-0.023438
-0.023438
0.029297
0.035156
-0.007812
4.285714
0.406250
0.015625
0.015625
1.000000
-0.033203
2.200000
1.461538
1.550000
0.575758
1.529412
0.005859
1.800000
0.565217
0.062500
0.478261
0.027344
0.250000
0.696970
-0.019531
-0.052734
0.055556
0.102564
0.013672
-0.007812
-0.005859
1.200000
0.003906
0.007812
0.377358
-0.007812
0.500000
0.013672
-0.048828
1.428571
0.793103
-0.003906
0.500000
0.234375
5.000000
0.007812
0.009766
0.019531
5.500000
0.056641
0.405405
0.000000
0.003906
0.023438
-0.087891
0.000000
-0.029297
0.176471
0.037109
-0.005859
-0.005859
0.177778
-0.054688
0.375000
-0.046875
0.015625
-0.009766
0.046875
0.884615
0.529412
0.615385
0.028571
1.500000
-0.027344
0.009766
0.072266
0.413793
0.736842
0.217391
0.463415
0.636364
0.263158
0.000000
0.001953
0.666667
1.000000
0.200000
0.023438
5.000000
4.500000
0.230769
-0.025391
0.060606
5.666667
0.206897
1.076923
1.653846
1.125000
-0.003906
1.684211
0.555556
0.029297
1.000000
2.714286
0.000000
2.777778
0.025391
0.128205
-0.007812
0.513514
0.003906
0.083984
0.875000
0.133333
-0.003906
0.075472
14.000000
0.003906
0.023438
0.083333
2.800000
1.086957
0.529412
0.333333
-0.007812
-0.003906
-0.064453
0.782609
-0.021484
-0.029297
0.024390
-0.007812
1.000000
2.000000
0.230769
-0.003906
-0.021484
3.800000
1.777778
0.937500
-0.019531
0.027344
0.307692
0.017578
0.843750
-0.025391
0.019531
0.228571
0.200000
0.607143
0.013672
1.333333
0.266667
0.183333
-0.003906
-0.052734
4.333333
0.000000
0.047619
0.005859
1.238095
-0.052734
-0.048828
0.001953
0.000000
0.272727
0.039062
0.007812
0.343750
-0.015625
0.037109
0.318182
-0.029297
-0.003906
0.714286
0.157895
-0.005859
1.045455
0.017578
0.818182
1.769231
-0.009766
1.869565
1.000000
-0.019531
0.750000
1.222222
3.454545
0.019531
0.444444
-0.019531
0.592593
-0.007812
0.833333
0.003906
0.013672
-0.001953
0.007812
0.333333
0.040000
0.812500
0.021484
-0.037109
1.117647
1.172414
2.692308
0.039062
0.621622
11.500000
1.615385
0.681818
2.142857
0.035156
0.023438
-0.050781
13.000000
1.700000
0.809524
0.033333
-0.025391
-0.005859
0.611111
0.428571
1.142857
-0.009766
0.013672
0.500000
-0.029297
0.107143
0.005859
0.444444
0.555556
2.529412
0.870968
0.361702
2.375000
0.003906
0.741935
0.031250
0.013672
0.019531
0.015625
-0.056641
1.888889
-0.001953
1.192308
6.000000
0.171429
0.642857
0.888889
-0.001953
0.090909
0.275862
0.852941
6.000000
0.075000
-0.023438
-0.027344
0.371429
1.464286
1.846154
1.294118
0.964286
0.423077
0.013672
0.013672
0.100000
0.000000
0.023438
0.017578
2.166667
22.500000
0.277778
6.000000
0.011719
0.029297
0.160000
-0.007812
0.009766
2.333333
0.015625
0.555556
0.039062
-0.005859
0.003906
0.074074
3.700000
0.333333
0.722222
0.023438
0.035156
0.757576
0.027344
0.550000
0.333333
1.950000
-0.033203
0.304348
2.666667
2.000000
0.260870
-0.068359
-0.011719
-0.003906
0.545455
0.714286
0.210526
0.011719
-0.001953
0.666667
10.000000
-0.042969
0.015625
-0.042969
2.650000
0.928571
2.000000
-0.039062
0.003906
0.130435
0.054688
-0.017578
0.003906
-0.091797
-0.037109
0.000000
0.666667
0.256410
-0.001953
-0.029297
-0.044922
-0.017578
1.470588
0.035156
0.048828
0.013672
0.500000
-0.042969
0.000000
0.042969
-0.001953
-0.001953
1.533333
7.200000
1.812500
1.000000
0.269231
-0.039062
-0.009766
0.000000
0.029297
0.600000
-0.037109
0.013672
0.133333
-0.066406
1.625000
0.534884
0.414634
0.023438
-0.039062
0.163265
0.866667
1.200000
-0.009766
-0.041016
-0.042969
0.019531
0.454545
0.212121
0.333333
0.872727
1.647059
1.176471
0.172414
14.000000
1.142857
0.003906
0.060606
6.000000
0.326923
0.303030
12.000000
0.333333
-0.044922
0.548387
0.714286
0.450000
0.005859
0.269231
0.027344
0.261905
-0.007812
0.023438
-0.042969
0.250000
1.500000
0.600000
0.675000
0.228571
1.086957
0.531915
-0.060547
0.092593
-0.025391
-0.017578
0.029297
0.296296
0.019531
1.125000
0.068966
-0.011719
0.208333
1.181818
0.005859
-0.042969
0.033203
0.147541
0.019531
0.658537
0.692308
0.033203
0.000000
-0.039062
0.048828
0.048828
2.133333
0.950000
0.694444
0.658537
0.060000
0.258065
-0.027344
-0.033203
0.019531
0.804878
0.675676
0.280702
0.000000
0.462963
0.666667
0.000000
0.290323
0.150685
0.312500
-0.021484
0.558140
0.039062
1.285714
-0.000000
1.125000
-0.027344
0.255814
0.017578
0.015625
0.531250
-0.009766
0.060606
0.017578
0.083333
0.333333
0.196429
0.484848
0.148148
0.160714
-0.015625
0.459459
-0.041016
0.031250
0.038462
-0.035156
0.090909
0.018519
0.133333
-0.017578
0.056641
0.041016
0.001953
-0.033203
-0.042969
-0.023438
0.192308
0.148148
0.363636
0.166667
2.000000
0.029297
8.333333
1.947368
0.166667
-0.048828
0.521739
0.011719
0.039062
0.903226
1.478261
0.013672
0.011719
0.153846
0.156863
0.009766
0.015625
0.240000
0.233333
0.021484
0.400000
0.764706
0.588235
1.150000
1.384615
2.777778
0.176471
0.050000
0.064453
-0.021484
-0.003906
0.000000
-0.042969
0.042969
0.007812
5.000000
0.023438
0.285714
-0.005859
0.025391
0.013672
0.130435
-0.011719
-0.048828
0.037109
0.021484
0.009766
-0.015625
-0.042969
-0.037109
2.285714
-0.058594
0.013672
0.027344
0.545455
0.064453
0.003906
0.062500
0.928571
0.017578
0.037109
1.157895
-0.023438
1.600000
0.166667
0.750000
-0.003906
0.044922
-0.009766
-0.019531
-0.041016
0.129032
0.120000
2.166667
0.526316
-0.031250
0.102041
-0.011719
0.333333
2.666667
0.009766
0.005859
0.433333
1.368421
-0.003906
-0.003906
0.152174
-0.009766
0.007812
2.000000
0.260870
0.200000
0.011719
0.800000
0.666667
-0.027344
0.678571
0.739130
0.041667
0.610169
0.482759
-0.021484
0.037037
0.011719
0.033203
0.243902
0.007812
3.125000
0.900000
4.500000
-0.005859
0.952381
0.029297
0.607143
0.039062
0.178571
0.041016
0.666667
0.000000
0.019531
-0.074219
0.357143
0.044922
0.437500
0.066667
0.324324
-0.017578
0.000000
0.857143
-0.029297
1.619048
0.285714
12.000000
1.076923
8.333333
4.750000
5.000000
1.500000
4.100000
0.354839
0.000000
5.285714
1.521739
0.357143
0.196078
0.278689
0.250000
0.297297
9.750000
0.001953
0.005859
0.000000
0.300000
-0.013672
-0.005859
0.133333
0.500000
-0.017578
0.428571
-0.007812
2.095238
7.000000
1.342105
0.809524
0.863636
0.578947
4.500000
0.636364
0.860000
1.363636
0.487179
1.576923
-0.015625
1.190476
-0.009766
0.806452
1.111111
1.100000
2.400000
0.007812
-0.019531
0.019531
0.447368
0.033203
1.111111
1.000000
0.001953
0.705882
0.025391
0.115385
0.025391
2.687500
0.214286
0.444444
0.007812
0.277778
6.400000
0.098039
3.333333
0.088235
1.392157
7.166667
1.117647
2.466667
0.333333
0.730769
2.333333
0.206897
0.000000
-0.013672
-0.021484
2.333333
-0.003906
3.400000
0.037109
0.375000
0.428571
0.777778
1.428571
1.000000
1.083333
0.011719
2.208333
0.500000
0.794118
-0.000000
0.003906
2.666667
1.043478
2.103448
1.611111
0.538462
0.037109
-0.021484
1.555556
20.000000
0.393939
0.055556
-0.007812
0.250000
0.448276
-0.025391
0.037109
2.000000
0.750000
0.019531
4.000000
0.461538
0.454545
0.318182
0.001953
4.800000
-0.089844
0.481481
-0.037109
0.964286
2.916667
1.531250
10.666667
0.705882
0.017578
-0.042969
0.025391
0.666667
0.485714
-0.035156
1.750000
0.121212
1.785714
0.044922
-0.011719
-0.017578
-0.044922
0.005859
1.103448
0.044922
0.428571
-0.013672
-0.027344
1.684211
0.410256
-0.033203
0.090909
0.750000
0.102041
1.290323
0.333333
0.025391
0.800000
-0.025391
1.562500
0.391304
0.031250
0.035156
1.375000
-0.019531
0.013672
-0.064453
5.000000
1.041667
0.333333
0.782609
0.214286
0.619048
2.000000
-0.009766
0.500000
-0.017578
-0.001953
1.038462
0.042969
0.001953
8.333333
0.235294
0.600000
0.600000
1.650000
-0.009766
0.404255
1.400000
0.072266
0.533333
0.042969
0.361111
0.222222
0.044922
4.250000
0.019531
1.000000
0.500000
0.772727
0.031250
-0.039062
0.333333
0.214286
-0.027344
-0.027344
0.423077
29.000000
2.647059
0.888889
0.863636
0.005859
0.013672
-0.060547
-0.015625
8.666667
0.009766
0.009766
1.052632
0.500000
-0.013672
0.001953
0.048828
2.285714
13.000000
0.380952
-0.007812
2.000000
-0.033203
0.015625
-0.050781
0.019531
0.013672
-0.011719
1.857143
1.333333
2.833333
1.444444
-0.011719
0.037109
0.009766
0.459459
-0.066406
0.007812
2.500000
0.025641
-0.029297
-0.068359
2.857143
8.000000
0.809524
0.011719
0.000000
0.074219
0.476190
0.052734
6.400000
0.100000
0.500000
0.025391
-0.031250
0.003906
12.000000
0.684211
-0.046875
0.500000
0.666667
-0.005859
1.090909
0.027778
0.461538
-0.021484
0.044922
0.033203
0.117647
0.304348
-0.031250
0.272727
0.083984
0.056641
0.870968
-0.027344
0.263158
-0.035156
0.318182
0.023438
0.078125
3.000000
0.321429
1.000000
3.222222
0.071429
2.000000
0.041016
0.875000
-0.044922
0.078125
0.904762
-0.042969
0.894737
0.928571
0.009766
0.093750
0.250000
0.062500
0.138889
0.523810
0.000000
1.200000
0.909091
0.388889
-0.025391
0.015625
0.052632
1.250000
2.166667
-0.083984
1.454545
2.625000
0.975000
0.238095
-0.001953
0.007812
0.565217
0.000000
2.333333
-0.009766
0.003906
0.025391
-0.033203
0.944444
-0.025391
2.500000
0.480000
1.727273
0.017578
0.021484
0.023438
0.250000
0.048828
0.013672
0.021484
-0.019531
-0.001953
4.900000
0.806452
0.800000
-0.017578
0.041016
0.029297
0.277778
-0.017578
1.285714
-0.007812
-0.011719
0.001953
-0.005859
0.268293
0.185185
0.347826
0.001953
-0.052734
0.003906
0.222222
0.042969
0.021484
0.019531
0.025391
1.052632
0.001953
-0.017578
0.042969
2.909091
1.236842
4.600000
0.322581
0.052734
0.009766
-0.078125
-0.007812
0.758621
0.000000
0.000000
0.000000
-0.001953
-0.031250
3.100000
0.416667
0.227273
-0.001953
0.384615
0.031250
0.056641
0.060547
-0.023438
-0.009766
0.156250
-0.015625
0.533333
0.944444
1.400000
0.350877
0.000000
2.666667
0.039062
0.001953
-0.027344
0.044922
0.007812
-0.013672
0.011719
0.321429
-0.001953
0.019531
1.300000
0.029412
0.003906
0.005859
0.029297
1.000000
0.285714
0.363636
0.037109
0.013672
0.421053
1.571429
1.153846
0.833333
2.222222
1.440000
0.742857
0.041016
0.019531
0.575758
0.178571
0.761905
2.571429
0.026316
1.000000
0.040000
0.080078
0.105263
0.692308
0.058594
0.095703
-0.031250
0.000000
0.173913
0.046875
0.636364
0.043478
0.521739
-0.029297
-0.003906
0.800000
1.500000
0.114286
3.166667
7.000000
0.000000
0.818182
0.312500
0.043478
0.050781
0.019531
3.666667
0.250000
0.500000
1.789474
0.033333
0.009766
0.350000
0.146341
-0.003906
0.031250
0.000000
0.000000
0.068182
3.444444
0.011719
0.214286
2.166667
0.289855
8.714286
1.520000
0.680000
0.023438
0.021484
0.023438
2.400000
1.562500
0.285714
-0.005859
0.031250
1.571429
3.666667
-0.003906
-0.021484
-0.064453
-0.035156
0.017578
-0.048828
0.050000
0.062500
0.083333
1.444444
-0.009766
0.060547
0.304348
0.806452
0.909091
1.250000
0.516129
0.928571
0.001953
-0.013672
0.555556
0.056641
0.000000
0.066667
0.000000
1.692308
-0.046875
-0.021484
-0.035156
0.025391
0.404762
0.586957
0.028571
0.066667
0.035156
0.098039
0.288889
2.666667
0.357143
0.611111
0.764706
0.007812
0.039062
-0.041016
-0.019531
7.428571
0.250000
0.379310
0.029297
-0.044922
1.764706
0.512821
-0.000000
0.096774
1.166667
0.005859
-0.017578
0.021484
0.043478
0.096154
0.372093
-0.019531
0.001953
1.687500
0.500000
-0.019531
1.000000
0.769231
0.084746
0.250000
1.541667
0.769231
0.000000
-0.011719
0.214286
0.000000
0.090909
0.018868
0.500000
0.160000
1.590909
0.536585
1.000000
-0.017578
0.041016
0.157143
0.272727
-0.009766
0.150685
0.109589
1.142857
0.044922
0.189189
-0.046875
0.285714
-0.009766
0.245283
0.023438
0.434783
0.029297
0.106383
0.011719
-0.099609
-0.066406
-0.044922
0.009766
-0.054688
0.022727
0.033203
0.131579
0.371429
0.007812
0.041016
0.017578
-0.037109
0.653061
0.403509
1.206897
1.000000
-0.001953
-0.009766
0.642857
17.000000
3.000000
1.250000
0.003906
-0.074219
1.000000
0.007812
0.037109
0.195652
-0.023438
1.454545
0.483871
0.031250
0.066667
-0.044922
0.473684
1.181818
0.166667
-0.052734
0.009766
0.040000
0.486486
0.962963
-0.003906
-0.003906
0.042969
0.571429
0.400000
0.104167
-0.033203
0.666667
-0.035156
0.772727
0.473684
11.000000
4.500000
0.250000
0.019531
0.007812
0.652174
0.019531
0.007812
0.466667
0.035156
0.157895
0.266667
-0.039062
4.600000
0.378378
-0.019531
1.166667
0.568182
0.500000
0.264706
0.419355
0.187500
0.000000
-0.015625
0.037109
-0.023438
0.000000
0.333333
2.571429
1.095238
0.274510
-0.054688
-0.054688
5.375000
0.015625
0.281250
-0.035156
0.023438
-0.007812
-0.037109
0.039062
0.021484
1.136364
0.235294
0.787879
0.666667
-0.037109
-0.042969
0.818182
0.023438
0.035156
3.000000
0.176471
0.035714
0.500000
0.037109
0.880000
1.437500
-0.025391
-0.042969
-0.066406
1.571429
2.000000
0.777778
0.027344
0.800000
13.000000
-0.023438
1.619048
0.714286
0.142857
0.003906
1.105263
-0.033203
-0.013672
1.111111
0.133333
0.017578
1.111111
-0.031250
1.812500
-0.007812
-0.011719
0.009766
-0.039062
0.100000
0.000000
0.046875
-0.007812
0.000000
0.425000
0.515152
-0.054688
0.533333
0.000000
0.727273
0.344828
1.371429
0.013672
0.009766
0.794118
0.072266
1.230769
0.285714
0.009766
-0.005859
-0.054688
0.005859
0.023438
-0.023438
0.941176
0.419355
0.250000
-0.003906
1.166667
0.019531
0.027344
0.054688
0.787879
2.000000
0.344828
0.203704
0.029297
1.190476
-0.025391
3.333333
-0.017578
0.011719
-0.041016
0.005859
0.956522
0.050781
0.019531
-0.048828
0.000000
0.583333
0.428571
0.800000
0.005859
-0.021484
-0.021484
0.017578
0.011719
0.039062
0.033203
-0.005859
1.071429
0.044922
0.230769
0.013672
-0.007812
0.564103
1.160000
0.148148
0.375000
-0.062500
0.015152
2.076923
9.000000
0.267857
-0.023438
0.166667
0.096774
0.428571
0.689655
0.009766
0.500000
0.228571
-0.011719
1.323529
4.400000
1.727273
0.714286
0.272727
0.285714
-0.019531
1.400000
14.000000
2.571429
-0.041016
-0.005859
-0.015625
0.025391
-0.089844
-0.013672
0.111111
0.226415
-0.009766
4.000000
-0.062500
0.050781
0.121212
2.642857
0.896552
0.019531
1.700000
-0.023438
4.428571
0.033203
0.562500
1.214286
0.042969
0.850000
-0.005859
1.200000
1.520000
0.039062
-0.042969
0.395349
0.214286
0.444444
-0.027344
0.333333
0.296296
0.000000
0.029297
0.190476
0.333333
-0.037109
1.958333
-0.017578
0.007812
1.500000
1.216216
0.102564
0.001953
0.682927
0.833333
1.375000
0.888889
1.611111
0.854167
0.615385
0.333333
0.357143
1.142857
-0.009766
-0.015625
0.466667
0.003906
-0.013672
0.826087
-0.013672
1.000000
0.035156
0.093750
-0.003906
0.333333
0.533333
1.235294
1.137931
0.011719
0.003906
-0.003906
0.764706
0.429688
1.727273
0.548387
3.750000
-0.021484
1.954545
4.636364
0.714286
3.750000
-0.056641
0.121951
0.013672
0.093750
0.485714
0.166667
-0.013672
0.333333
-0.078125
2.375000
1.952381
0.380952
0.088235
0.264151
0.380952
1.076923
4.000000
0.675676
3.500000
1.034483
0.013672
0.029297
0.076923
0.019531
0.714286
0.457143
0.312500
-0.011719
0.095238
-0.009766
-0.000000
-0.005859
0.023810
-0.070312
0.384615
0.500000
-0.007812
0.210526
-0.011719
0.142857
-0.017578
2.133333
0.005859
0.588235
0.160000
-0.056641
0.571429
-0.009766
-0.021484
-0.015625
-0.007812
3.777778
0.880952
0.017578
1.214286
0.087891
-0.013672
0.363636
0.009766
0.800000
0.254902
0.285714
2.100000
0.166667
-0.033203
0.687500
-0.041016
0.032258
0.031250
-0.021484
-0.011719
-0.015625
0.600000
0.021484
0.150000
0.039062
0.161290
0.454545
2.846154
0.578947
0.003906
0.378378
-0.039062
0.913043
-0.005859
-0.011719
0.017578
0.011719
0.058824
0.005859
0.005859
0.023438
0.153846
0.039062
0.009766
0.875000
0.147059
0.029297
-0.015625
0.015625
0.400000
0.449219
0.058594
0.545455
0.833333
0.588235
0.885714
0.836735
1.250000
3.250000
0.780488
-0.019531
-0.052734
-0.009766
0.380952
0.269231
0.070312
-0.031250
0.011719
-0.031250
-0.005859
-0.037109
-0.052734
-0.001953
-0.058594
-0.039062
-0.009766
0.003906
0.115385
0.576923
0.005859
-0.021484
1.153846
0.000000
0.333333
2.071429
0.176471
0.317073
0.000000
0.025391
28.000000
0.102041
-0.003906
0.111111
0.001953
0.005859
0.386364
17.000000
-0.007812
-0.017578
0.314286
0.033203
-0.001953
-0.041016
0.500000
-0.068359
1.043478
0.023438
-0.029297
0.273438
-0.027344
0.717949
0.066406
0.230769
0.017578
-0.011719
1.090909
17.000000
0.000000
0.307692
0.003906
0.446809
0.410714
0.052734
0.000000
0.148148
-0.017578
0.035156
0.629630
0.996094
0.250000
-0.029297
0.318182
-0.013672
-0.050781
-0.015625
0.333333
0.125000
10.666667
0.913043
0.488372
0.285714
12.500000
-0.017578
0.015625
0.044922
0.272727
-0.041016
0.578947
-0.021484
0.333333
0.027344
1.900000
0.000000
8.000000
0.011719
7.000000
0.933333
0.625000
-0.021484
0.017578
0.448980
0.354839
-0.001953
0.031250
-0.021484
0.013672
0.001953
0.272727
1.000000
0.001953
0.129032
-0.048828
0.225000
1.714286
-0.021484
3.666667
0.462687
2.000000
0.941176
0.078947
0.666667
0.121951
1.000000
1.000000
0.777778
-0.011719
0.027344
0.714286
0.296296
2.200000
0.011719
0.015625
0.009766
1.190476
0.276596
0.001953
4.666667
0.857143
0.333333
1.666667
0.096774
-0.080078
-0.021484
-0.048828
0.034483
-0.021484
0.000000
-0.001953
0.320000
-0.003906
0.013672
-0.031250
-0.017578
8.200000
0.011719
-0.035156
8.500000
-0.039062
1.333333
0.709677
1.105263
0.138889
-0.011719
0.870968
-0.003906
0.560000
0.333333
0.333333
-0.027344
0.074219
1.761905
0.015625
-0.031250
0.920000
0.833333
0.035156
0.000000
5.400000
0.062500
0.136364
0.200000
-0.007812
0.294118
0.037109
0.031250
0.714286
-0.050781
8.500000
0.545455
-0.021484
0.294118
0.035156
1.500000
0.005859
-0.005859
-0.050781
0.017578
0.025391
0.009766
0.068359
0.133333
0.037109
0.009766
0.153846
1.171429
0.285714
5.333333
2.181818
0.044922
0.000000
0.111111
0.333333
0.258065
0.677419
0.909091
0.238095
0.031250
0.050781
1.000000
0.025391
2.142857
0.450000
0.011719
0.003906
-0.060547
0.812500
0.009766
-0.001953
0.923077
0.484848
0.481481
3.666667
0.029297
-0.011719
-0.001953
-0.005859
0.344828
0.060547
1.375000
-0.017578
-0.050781
0.977778
1.171429
1.000000
1.750000
0.400000
0.027344
0.322581
0.003906
0.103448
0.003906
0.019531
-0.001953
0.000000
0.692308
0.001953
0.458333
-0.039062
0.147059
0.007812
0.001953
0.033203
0.055556
0.285714
-0.019531
0.057143
-0.027344
0.653846
0.400000
1.687500
2.000000
1.296296
1.161290
0.019531
0.454545
0.000000
-0.019531
-0.011719
0.076172
0.113636
1.176471
0.023438
0.076923
0.500000
0.120000
7.000000
0.902439
4.000000
0.333333
-0.021484
0.228571
0.023438
-0.037109
-0.019531
0.583333
1.250000
1.550000
0.540984
1.314286
3.583333
-0.019531
0.516129
0.760000
-0.025391
-0.037109
-0.029297
-0.044922
6.000000
0.011719
0.741935
2.000000
-0.009766
0.263158
0.056641
0.260870
0.210526
0.285714
0.222222
0.250000
0.000000
0.410256
0.241379
0.013672
0.756098
1.250000
1.000000
3.000000
0.001953
0.111111
0.315789
0.054545
0.348837
1.300000
0.017578
0.001953
0.042969
-0.007812
1.000000
0.013672
-0.001953
-0.029297
0.436364
0.035156
0.042969
0.001953
-0.007812
-0.074219
-0.023438
0.360000
0.387097
-0.013672
0.209302
-0.033203
-0.050781
0.190476
1.222222
3.333333
0.628571
0.057143
0.001953
0.690476
-0.003906
0.039216
0.076172
-0.013672
-0.009766
-0.058594
0.030303
0.009766
0.219178
0.200000
8.000000
0.026316
0.148148
0.902439
0.560000
0.009766
-0.042969
-0.009766
0.044922
-0.033203
1.312500
0.007812
0.500000
0.046875
0.171429
0.037109
-0.000000
-0.019531
-0.021484
0.027344
0.500000
0.027344
1.933333
0.052734
0.385965
0.005859
0.342105
-0.015625
1.583333
0.005859
0.125000
0.161290
0.482759
-0.046875
0.013672
0.005859
0.039062
0.029297
4.250000
0.083333
0.009766
0.857143
0.033203
0.017578
-0.033203
1.125000
0.211538
3.444444
0.017578
0.009766
0.285714
0.625000
-0.080078
0.363636
-0.031250
1.285714
0.011719
0.046875
1.100000
0.294118
0.280000
0.009766
0.250000
0.033203
-0.017578
0.842105
0.011719
0.387097
1.500000
-0.015625
0.029297
0.722656
0.063830
0.320000
0.500000
0.039062
0.015625
0.013672
0.024390
-0.005859
0.023438
-0.023438
0.357143
-0.033203
1.285714
-0.037109
5.571429
0.666667
0.520000
0.031250
-0.013672
-0.076172
0.173913
0.003906
2.000000
0.512195
-0.007812
0.260870
0.666667
1.166667
0.133333
-0.011719
0.015625
0.074074
0.400000
0.046875
-0.017578
-0.007812
0.039062
-0.013672
0.500000
-0.005859
-0.015625
-0.009766
0.011719
1.583333
-0.058594
1.000000
0.428571
0.157895
0.750000
0.357143
0.000000
0.527778
0.013672
0.037109
0.789474
-0.005859
0.692308
0.750000
0.954545
0.500000
0.031250
1.823529
0.282051
0.142857
0.590909
0.400000
0.031250
0.052632
0.046875
1.100000
-0.011719
1.304348
0.017578
0.021484
0.007812
0.031250
0.068359
0.015625
0.285714
0.035156
0.015625
-0.021484
-0.011719
0.130435
0.260000
-0.005859
0.375000
0.800000
0.000000
0.900000
0.785714
0.000000
1.777778
1.000000
1.040000
0.516129
0.209302
0.013672
0.666667
0.227273
-0.044922
0.727273
-0.048828
0.013672
-0.060547
12.500000
0.037109
1.153846
0.001953
2.636364
0.005859
0.021484
0.041016
-0.003906
0.050000
0.625000
0.375000
-0.042969
0.538462
-0.021484
4.375000
0.035156
0.062500
0.033203
-0.005859
0.000000
1.000000
0.346154
1.086957
-0.003906
0.861111
0.666667
14.000000
-0.025391
0.925926
0.023438
1.300000
1.785714
0.017578
0.387097
0.903226
-0.037109
0.100000
0.070312
0.017578
1.000000
0.056641
1.090909
7.333333
0.557692
0.050781
0.019531
0.473684
-0.066406
0.322581
-0.021484
1.666667
0.937500
1.173913
0.250000
1.090909
-0.039062
16.500000
-0.011719
1.888889
1.103448
1.375000
0.390625
0.960000
3.750000
1.176471
0.428571
0.000000
-0.007812
-0.025391
5.800000
-0.027344
0.000000
0.480000
0.018868
0.273438
1.090909
-0.060547
1.800000
0.027344
0.250000
1.764706
0.214286
0.058594
1.090909
0.222222
0.189189
0.192308
0.011719
1.266667
0.461538
1.285714
0.636364
-0.005859
-0.042969
0.476190
-0.001953
-0.021484
0.421053
-0.000000
0.333333
0.071429
0.105263
11.500000
0.615385
0.666667
3.333333
0.540541
-0.025391
-0.001953
0.000000
0.011719
0.243243
1.142857
-0.013672
0.285714
0.044922
-0.062500
0.003906
5.000000
-0.017578
-0.023438
0.029297
0.042969
0.884615
-0.011719
0.072266
0.500000
0.083333
0.034483
0.617021
2.625000
0.600000
0.444444
0.003906
0.484848
1.200000
2.764706
1.034483
0.200000
0.090909
0.268293
0.015625
-0.037109
0.583333
0.033203
0.009766
-0.048828
1.055556
0.017578
4.000000
-0.033203
-0.005859
0.136719
0.333333
-0.000000
3.142857
0.009766
-0.039062
0.173913
0.900000
-0.015625
0.003906
-0.046875
1.928571
2.714286
0.025391
0.875000
-0.015625
-0.041016
0.216216
-0.000000
0.027344
0.357143
-0.000000
0.370370
0.268293
3.100000
-0.052734
0.017578
-0.017578
0.039062
0.135135
-0.074219
-0.044922
1.228571
0.321429
0.846154
0.763158
-0.011719
13.000000
-0.046875
1.000000
0.237288
0.142857
0.214286
0.042969
0.270270
0.875000
0.333333
0.260870
0.428571
0.108108
2.055556
0.000000
-0.070312
-0.048828
-0.025391
0.000000
0.562500
0.354839
0.056641
2.666667
0.100000
-0.035156
0.666667
-0.017578
0.037109
0.007812
-0.041016
0.227273
0.875000
0.001953
0.013672
0.000000
1.200000
0.500000
-0.021484
-0.076172
0.166667
0.000000
1.500000
0.031250
0.029297
0.017578
1.312500
1.057143
0.375000
0.230769
0.007812
0.290909
-0.025391
-0.005859
-0.017578
-0.066406
0.007812
-0.054688
-0.011719
0.007812
0.000000
0.056641
-0.019531
-0.011719
0.046875
0.333333
0.009766
0.218750
0.333333
-0.001953
0.520000
-0.021484
0.303030
1.133333
0.015625
0.037109
0.009766
0.411765
0.571429
0.134615
-0.015625
0.039062
0.292969
-0.054688
0.013672
-0.023438
-0.007812
-0.005859
-0.023438
-0.031250
0.314286
0.021484
-0.046875
-0.023438
1.108108
6.250000
1.200000
0.478261
5.000000
2.200000
0.025391
-0.009766
0.001953
0.062500
3.230769
-0.005859
2.076923
0.076923
-0.048828
0.516129
-0.060547
0.017578
1.000000
0.363636
0.000000
0.070312
0.533333
0.687500
0.535714
0.656250
0.200000
0.625000
1.666667
3.285714
0.011719
0.893617
1.500000
0.416667
-0.070312
0.031250
1.583333
-0.033203
0.050781
0.875000
0.454545
0.068359
0.041016
0.042969
0.009766
0.019531
0.001953
0.019531
0.007812
0.513514
0.555556
0.625000
-0.048828
0.015625
0.312500
0.520000
1.300000
2.285714
2.000000
0.179487
4.857143
0.054688
0.629630
4.125000
0.230769
2.750000
-0.027344
0.111111
-0.019531
1.800000
1.000000
2.000000
0.642857
0.009766
7.000000
0.400000
0.005859
1.733333
0.625000
0.459459
-0.023438
-0.033203
0.003906
-0.001953
0.846154
-0.029297
0.350000
-0.048828
0.000000
2.875000
2.250000
0.161290
6.000000
-0.021484
3.800000
8.800000
0.117188
1.250000
0.009766
-0.001953
5.333333
3.222222
-0.003906
0.550000
0.001953
0.000000
0.071429
0.190476
-0.000000
0.001953
0.727273
2.250000
0.007812
1.000000
-0.019531
0.583333
0.027344
0.029412
0.812500
0.125000
1.176471
0.500000
0.600000
0.486486
0.676471
0.007812
0.333333
0.044922
1.500000
0.000000
0.000000
0.800000
-0.048828
0.250000
0.448276
0.181818
-0.003906
0.913043
2.200000
1.600000
1.200000
0.285714
0.153846
-0.007812
0.041016
0.058824
-0.003906
-0.029297
0.043478
1.388889
3.000000
1.150000
-0.017578
0.344262
0.013672
0.545455
0.013672
0.005859
0.042969
1.444444
0.056641
-0.037109
0.371094
-0.027344
-0.054688
0.000000
1.562500
0.206897
-0.050781
0.044444
0.013672
2.111111
0.068359
1.200000
0.019531
0.515152
-0.011719
0.068182
0.600000
0.066406
0.500000
0.057143
-0.070312
0.035156
0.666667
0.015625
0.685714
1.166667
-0.005859
0.000000
0.007812
0.058594
-0.023438
0.066406
1.250000
0.003906
-0.029297
0.009766
0.009766
0.285714
0.041016
0.044922
0.125000
0.390625
0.076923
0.087891
-0.039062
0.009766
0.000000
-0.042969
0.296296
-0.023438
0.111111
0.236842
-0.025391
-0.023438
0.029297
0.013672
0.065217
0.435897
0.007812
-0.074219
0.547170
0.240000
-0.005859
0.015625
0.001953
0.009766
0.900000
2.000000
0.029297
4.000000
2.375000
0.005859
-0.029297
0.054688
-0.000000
1.181818
0.142857
0.072266
0.009766
0.275862
0.095238
0.157895
0.039062
0.025391
0.458333
-0.042969
1.054054
0.678571
3.000000
0.090909
0.300000
0.400000
0.013672
1.722222
1.000000
0.184211
0.230769
0.666667
0.800000
0.517241
0.212121
-0.003906
0.157895
0.545455
-0.015625
0.346154
-0.003906
0.750000
0.652174
0.016129
0.150943
0.500000
0.000000
0.042969
0.200000
0.700000
-0.021484
-0.025391
0.072266
-0.011719
0.041667
-0.031250
0.576923
-0.064453
0.608696
1.230769
0.833333
-0.007812
0.039062
-0.042969
1.562500
0.000000
