0.192308
1.461538
-0.003906
0.571429
10.000000
0.017578
1.400000
-0.052734
-0.044922
12.000000
-0.033203
-0.009766
3.444444
0.011719
-0.027344
-0.011719
1.421053
0.007812
0.181818
-0.013672
0.005859
-0.000000
5.000000
3.000000
1.000000
1.461538
0.048828
4.000000
-0.011719
0.083333
-0.027344
3.333333
0.727273
0.125000
0.555556
0.000000
3.400000
1.352941
0.029297
2.125000
-0.005859
0.714286
0.416667
0.666667
0.181818
2.666667
17.000000
0.500000
-0.025391
0.046875
0.250000
4.000000
0.333333
0.833333
0.234375
0.009766
-0.039062
-0.037109
-0.015625
2.250000
-0.013672
1.428571
1.684211
0.108108
-0.039062
0.015625
0.461538
-0.003906
-0.019531
0.636364
0.560976
0.285714
0.057143
-0.021484
1.000000
4.000000
9.000000
1.500000
-0.001953
0.625000
-0.009766
1.100000
1.214286
0.039062
0.727273
-0.060547
-0.042969
0.021484
1.076923
2.555556
-0.015625
0.003906
1.333333
0.019531
-0.023438
1.500000
0.782609
3.200000
-0.001953
0.023438
4.000000
0.033203
0.111111
0.785714
0.545455
0.013672
0.021484
0.025391
2.000000
0.048828
-0.009766
0.019531
-0.041016
-0.021484
0.009766
0.000000
-0.033203
0.000000
2.222222
0.384615
-0.033203
-0.005859
0.777778
0.011719
0.071429
0.368421
0.025391
0.608696
0.003906
-0.021484
-0.015625
-0.101562
3.285714
0.037109
0.142857
0.000000
4.666667
0.071429
2.666667
0.187500
-0.009766
0.052734
4.250000
3.000000
-0.000000
0.046875
0.333333
1.100000
0.357143
0.250000
-0.009766
0.001953
-0.021484
0.555556
0.200000
0.285714
-0.044922
0.434783
0.044922
0.600000
1.333333
11.000000
-0.007812
2.125000
-0.050781
0.019531
-0.003906
-0.009766
0.000000
0.039062
0.857143
-0.031250
-0.003906
3.857143
0.500000
-0.001953
0.021484
0.031250
0.000000
1.500000
0.285714
0.250000
0.600000
0.181818
3.166667
0.261905
0.001953
5.000000
0.023438
-0.042969
0.750000
3.000000
1.000000
0.017578
0.533333
0.031250
0.273438
-0.052734
0.292969
17.000000
0.029297
-0.052734
1.444444
-0.001953
-0.017578
0.000000
1.272727
4.750000
1.600000
-0.037109
0.005859
0.571429
0.571429
-0.033203
0.727273
7.000000
0.449219
3.857143
-0.015625
0.013672
0.250000
-0.003906
1.894737
0.666667
0.000000
-0.003906
2.071429
2.000000
0.019531
0.042969
2.500000
0.555556
2.333333
0.056641
-0.009766
-0.003906
1.294118
0.054688
0.000000
0.011719
-0.062500
-0.031250
0.021484
-0.031250
1.132812
1.545455
0.000000
1.346154
0.045455
0.027344
2.000000
0.538462
1.611111
0.250000
1.000000
0.003906
0.500000
0.875000
2.600000
0.916667
-0.044922
0.428571
0.611111
1.250000
1.545455
-0.021484
-0.005859
-0.035156
0.416667
-0.007812
0.172414
0.833333
-0.041016
0.615385
0.027344
2.800000
0.000000
0.011719
-0.021484
1.000000
-0.029297
-0.013672
0.044922
0.259259
0.011719
0.275862
0.013672
0.035156
12.000000
0.629630
0.333333
0.636364
0.142857
1.466667
0.500000
5.500000
0.281250
0.050781
0.600000
-0.019531
10.000000
0.031250
0.027344
0.041016
0.628571
0.058594
0.021484
12.000000
0.039062
2.333333
0.750000
0.176471
2.571429
0.285714
6.000000
-0.001953
0.017578
2.000000
2.500000
-0.011719
9.500000
14.500000
0.035156
1.500000
0.011719
-0.072266
-0.009766
0.060606
0.031250
-0.019531
0.000000
-0.019531
0.013672
2.500000
0.015625
0.058594
0.000000
0.761905
13.000000
-0.017578
9.000000
-0.041016
1.200000
0.129032
-0.074219
0.005859
1.142857
4.000000
0.555556
-0.027344
1.428571
-0.027344
0.019531
-0.005859
5.250000
0.001953
0.307692
0.064453
-0.023438
-0.009766
-0.019531
0.392857
0.187500
0.003906
13.000000
-0.023438
2.300000
-0.023438
0.366667
0.025391
0.208333
-0.031250
6.500000
0.315789
-0.009766
9.000000
0.023438
-0.001953
2.200000
0.230769
-0.025391
0.005859
-0.007812
-0.035156
0.007812
-0.000000
0.400000
0.025391
0.275862
-0.031250
0.156250
1.400000
0.384615
-0.035156
0.005859
0.009766
0.056641
0.013672
1.250000
0.027344
0.000000
0.000000
2.000000
-0.001953
-0.048828
3.000000
17.000000
29.000000
-0.000000
-0.001953
17.000000
5.000000
1.100000
0.011719
0.764706
0.015625
0.060547
0.003906
7.333333
0.434783
1.400000
-0.039062
6.000000
1.909091
0.000000
0.031250
0.200000
0.750000
7.000000
1.538462
4.000000
1.909091
1.000000
0.017578
1.083333
5.666667
1.166667
2.833333
0.185185
-0.021484
-0.035156
-0.013672
0.005859
0.003906
-0.029297
0.021484
0.048780
-0.021484
-0.011719
0.689655
0.380952
-0.015625
-0.041016
0.029297
-0.009766
0.031250
7.000000
0.875000
20.000000
-0.013672
0.000000
0.205882
1.750000
3.500000
17.000000
-0.037109
2.833333
1.090909
0.189189
6.500000
0.680000
3.750000
-0.027344
0.050781
0.003906
-0.046875
-0.023438
0.039062
-0.046875
0.892857
4.500000
0.125000
-0.021484
1.250000
-0.037109
0.031250
-0.017578
-0.050781
0.017578
-0.021484
0.035156
0.037109
0.680000
1.000000
0.058824
3.400000
0.044922
0.031250
-0.066406
0.142857
0.250000
0.400000
0.035156
2.428571
0.482759
0.019531
-0.037109
0.000000
0.009766
1.625000
1.181818
1.000000
0.200000
0.166667
0.001953
-0.025391
0.600000
3.666667
-0.017578
-0.041016
4.428571
0.050781
0.013672
0.285714
1.062500
0.428571
6.600000
0.031250
9.000000
6.000000
-0.003906
0.800000
0.070312
4.500000
0.003906
-0.007812
0.007812
0.857143
-0.015625
1.041667
0.666667
5.500000
0.400000
0.833333
0.009766
-0.019531
0.003906
-0.001953
-0.009766
2.428571
0.000000
0.005859
0.642857
0.086957
1.142857
-0.050781
0.042969
1.058824
3.166667
-0.005859
0.013672
2.571429
-0.021484
-0.003906
0.007812
3.750000
7.250000
0.388889
0.046875
-0.044922
0.800000
0.062500
0.500000
7.000000
0.500000
0.478261
0.411765
0.017578
0.400000
0.444444
-0.009766
0.011719
1.062500
-0.046875
0.023438
-0.013672
0.125000
5.000000
20.000000
-0.017578
4.833333
1.583333
2.400000
0.025391
0.009766
0.039062
0.021484
0.033203
-0.044922
0.044922
0.029297
0.003906
7.000000
0.017578
0.571429
2.857143
0.007812
0.000000
-0.021484
2.222222
0.037109
0.019531
2.750000
0.025391
1.142857
0.076172
-0.009766
1.000000
1.400000
0.025391
0.142857
0.031250
0.003906
-0.062500
0.000000
6.500000
0.023438
-0.023438
0.156250
-0.007812
7.000000
0.375000
-0.035156
-0.009766
0.041016
0.050781
1.777778
0.250000
0.011719
1.000000
0.000000
0.419355
0.416667
0.333333
0.001953
0.007812
0.000000
-0.052734
0.000000
2.363636
1.318182
0.368421
-0.078125
0.285714
0.039062
0.111111
-0.021484
1.538462
0.042969
1.636364
0.900000
0.800000
0.280000
0.500000
0.285714
0.003906
0.035156
0.015625
1.200000
-0.037109
0.500000
-0.003906
2.500000
0.608696
1.526316
0.222222
0.009766
1.692308
0.005859
-0.056641
1.142857
-0.044922
-0.003906
0.005859
0.291667
0.005859
0.961538
0.000000
-0.031250
26.000000
1.666667
0.042969
-0.039062
0.011719
0.023438
0.514286
0.666667
-0.039062
0.636364
0.333333
2.600000
0.142857
0.685714
-0.033203
0.550000
-0.080078
1.160000
0.115385
0.011719
0.003906
0.684211
0.600000
1.000000
0.270270
-0.000000
2.571429
0.000000
0.333333
0.001953
-0.048828
1.800000
-0.000000
0.750000
0.064453
0.011719
0.285714
0.027344
0.000000
-0.029297
-0.064453
0.586207
0.003906
0.272727
0.076923
-0.029297
0.041016
2.400000
1.235294
0.739130
-0.003906
-0.072266
3.500000
1.000000
0.025391
0.029297
1.384615
1.823529
-0.009766
2.200000
0.545455
4.000000
0.027344
0.533333
0.500000
0.375000
-0.074219
2.000000
-0.052734
-0.031250
-0.068359
-0.009766
0.156250
-0.050781
-0.052734
-0.060547
-0.031250
-0.027344
4.500000
0.017578
0.333333
-0.005859
0.021484
0.003906
-0.050781
-0.031250
0.021484
-0.003906
0.015625
2.200000
1.000000
0.800000
0.590909
2.000000
0.011719
1.000000
0.875000
-0.000000
-0.027344
0.256410
2.750000
0.000000
2.000000
1.000000
0.027344
2.000000
2.285714
-0.017578
-0.050781
0.857143
-0.001953
6.333333
0.142857
-0.031250
0.814815
0.625000
-0.003906
0.687500
-0.054688
0.600000
-0.046875
0.727273
1.200000
0.234375
-0.033203
1.187500
0.200000
-0.021484
1.416667
-0.009766
1.800000
0.023438
0.007812
0.033203
0.000000
0.428571
0.928571
-0.023438
0.625000
1.500000
2.500000
0.764706
0.642857
0.214286
-0.001953
7.200000
0.021484
22.000000
-0.003906
0.017578
1.400000
6.600000
0.024390
0.000000
0.500000
-0.021484
-0.005859
0.015625
0.250000
2.000000
2.071429
-0.011719
0.363636
1.500000
1.450000
-0.046875
-0.011719
-0.000000
3.000000
1.333333
0.050781
-0.029297
-0.019531
1.571429
0.565217
4.750000
0.017578
0.333333
-0.019531
1.114286
-0.031250
1.250000
0.031250
0.027344
0.555556
15.000000
0.007812
0.273438
-0.023438
0.031250
0.975000
14.000000
0.015625
-0.000000
1.000000
0.454545
5.600000
-0.064453
0.025391
-0.013672
-0.068359
0.300000
-0.017578
0.500000
0.009766
0.015625
0.050781
0.029297
10.000000
-0.017578
0.019531
12.666667
1.000000
2.750000
0.007812
-0.044922
3.000000
0.000000
0.031250
6.000000
0.044922
0.025391
-0.017578
0.153846
1.285714
1.181818
-0.017578
0.023438
-0.062500
-0.025391
0.727273
0.052734
-0.025391
-0.029297
-0.035156
0.173077
0.023438
0.025391
-0.046875
-0.031250
-0.074219
3.800000
20.500000
0.285714
0.461538
1.000000
0.042969
-0.025391
2.000000
0.042969
0.428571
7.250000
4.000000
0.444444
0.035156
11.000000
10.000000
-0.056641
0.007812
0.070312
1.333333
-0.039062
0.021484
2.500000
0.025391
2.166667
0.272727
0.023438
0.033203
0.750000
-0.021484
0.615385
0.500000
0.333333
0.000000
0.019531
0.005859
1.785714
-0.009766
0.011719
0.125000
0.071429
0.085938
0.000000
4.142857
-0.003906
0.727273
0.011719
0.729730
-0.035156
0.033203
0.017578
2.571429
4.000000
0.005859
4.333333
-0.007812
0.071429
13.000000
-0.027344
0.001953
0.454545
1.818182
-0.042969
0.009766
3.166667
0.009766
-0.009766
-0.001953
0.429688
0.068359
0.000000
-0.035156
0.005859
0.142857
0.636364
0.714286
0.242424
0.003906
-0.070312
0.009766
-0.007812
0.466667
0.052734
0.454545
1.363636
-0.000000
-0.042969
-0.009766
0.023438
1.400000
2.500000
0.357143
1.111111
-0.001953
0.005859
2.000000
0.027344
-0.048828
0.644531
0.900000
5.000000
6.000000
-0.044922
-0.033203
-0.019531
-0.039062
1.777778
0.859375
0.001953
-0.021484
0.011719
0.272727
0.068359
-0.033203
-0.003906
0.066667
-0.021484
0.344828
2.000000
0.019531
-0.025391
-0.044922
0.500000
0.001953
4.000000
0.062500
0.190476
0.017578
-0.009766
-0.000000
-0.005859
0.000000
-0.017578
0.048828
0.048828
0.095238
0.009766
0.015625
0.017578
1.000000
1.400000
-0.003906
0.000000
-0.023438
-0.019531
-0.000000
0.044922
-0.023438
0.033203
0.025391
-0.013672
0.920000
1.500000
-0.029297
-0.056641
-0.013672
0.846154
3.000000
-0.019531
-0.015625
0.285714
-0.050781
1.400000
0.017578
0.714286
0.048828
1.625000
0.033203
-0.005859
-0.027344
0.050781
-0.082031
0.842105
0.031250
0.031250
0.500000
-0.009766
0.363636
-0.044922
1.000000
0.565217
0.031250
0.285714
0.064453
2.250000
0.166667
-0.001953
0.037109
0.125000
0.033203
0.052734
1.285714
0.001953
0.027344
1.666667
0.583333
0.250000
0.060547
1.250000
0.027344
2.333333
0.046875
-0.017578
0.091797
-0.031250
-0.003906
-0.013672
0.294118
-0.023438
0.437500
-0.054688
0.869565
2.833333
0.054688
0.021484
4.142857
-0.003906
0.029297
3.222222
0.350000
0.046875
0.428571
2.142857
-0.025391
1.166667
0.005859
-0.001953
-0.027344
1.000000
0.384615
0.050781
7.500000
-0.003906
3.750000
1.500000
-0.031250
-0.011719
7.333333
0.035156
-0.046875
1.315789
0.058824
0.029297
1.777778
0.005859
-0.001953
0.305556
-0.017578
-0.025391
0.730769
-0.015625
-0.054688
0.294118
-0.017578
-0.007812
-0.037109
0.576923
0.483871
-0.023438
0.812500
0.044922
1.263158
0.681818
-0.013672
-0.023438
0.070312
-0.013672
-0.027344
1.285714
-0.023438
-0.011719
-0.037109
-0.046875
-0.013672
0.590909
-0.017578
0.025391
-0.017578
0.388889
1.166667
-0.021484
0.928571
0.846154
-0.037109
-0.019531
0.000000
1.444444
0.003906
-0.019531
0.347826
2.133333
0.294118
-0.066406
2.384615
-0.050781
1.923077
1.200000
5.750000
0.029297
0.625000
0.005859
1.090909
-0.039062
-0.013672
1.428571
-0.019531
3.666667
-0.000000
0.011719
-0.027344
3.666667
0.800000
0.272727
-0.033203
3.000000
0.250000
0.017578
0.923077
0.454545
0.039062
0.013672
0.013672
0.015625
-0.000000
22.000000
1.333333
8.333333
0.000000
-0.042969
0.416667
0.050781
1.666667
0.371094
0.777778
-0.066406
0.015625
2.125000
1.500000
-0.013672
-0.064453
0.142857
1.172414
0.294118
3.461538
0.023438
0.153846
0.013672
0.000000
4.400000
-0.021484
0.013672
0.013672
-0.013672
0.070312
0.041016
0.133333
0.529412
-0.001953
0.769231
5.333333
1.352941
1.250000
0.750000
0.003906
1.416667
1.600000
0.001953
4.666667
0.019531
0.007812
1.733333
3.411765
0.700000
1.200000
0.001953
0.130435
-0.031250
0.933333
-0.023438
-0.033203
0.023438
0.360000
-0.017578
-0.019531
0.037109
0.285714
0.007812
0.005859
0.007812
10.000000
-0.001953
0.005859
0.011719
-0.062500
0.023438
0.029297
-0.009766
4.000000
-0.013672
0.025391
0.025391
15.000000
0.500000
0.031250
-0.009766
0.017578
0.015625
3.000000
5.000000
-0.044922
0.013672
-0.031250
-0.041016
1.500000
5.500000
0.888889
0.500000
0.021484
0.350000
0.566406
0.888889
0.007812
0.195312
1.727273
0.009766
3.500000
12.000000
0.023438
3.428571
-0.007812
0.130435
0.060547
0.700000
-0.003906
3.000000
0.044922
-0.011719
-0.013672
0.027027
0.003906
0.133333
4.000000
1.625000
1.545455
0.368421
-0.076172
-0.037109
0.666667
-0.021484
0.400000
0.039062
4.800000
-0.031250
-0.007812
0.666667
-0.025391
0.100000
0.727273
0.015625
1.000000
0.003906
-0.033203
10.000000
0.787879
-0.013672
0.013672
0.214286
2.000000
0.001953
0.100000
0.176471
0.273438
0.005859
3.500000
0.054688
0.046875
1.142857
-0.011719
0.000000
2.000000
-0.064453
0.027344
0.064453
9.000000
0.019531
2.363636
-0.013672
12.000000
0.015625
0.666667
0.033203
1.520000
6.750000
0.500000
-0.021484
1.857143
0.019531
0.031250
0.730769
0.039062
0.011719
1.000000
0.100000
0.027344
0.500000
0.076923
-0.027344
0.031250
-0.072266
0.875000
0.058594
-0.037109
1.031250
0.791667
0.076172
0.046875
-0.064453
0.578947
0.003906
5.000000
-0.046875
1.111111
0.015625
0.060547
28.000000
0.005859
0.000000
0.400000
-0.039062
0.181818
0.074074
0.000000
0.080000
0.461538
1.166667
1.363636
-0.048828
-0.025391
1.428571
-0.033203
0.172414
5.500000
0.009766
8.500000
-0.003906
0.011719
-0.060547
-0.029297
0.050781
10.000000
-0.033203
-0.064453
-0.035156
3.500000
-0.015625
0.058824
0.160000
0.048828
0.352941
0.021484
5.000000
0.000000
2.500000
0.857143
7.333333
-0.009766
0.272727
1.842105
0.428571
0.023438
4.625000
0.700000
-0.015625
-0.039062
2.000000
-0.076172
0.009766
0.933333
0.352941
0.029297
0.013672
0.046875
2.600000
7.500000
0.209302
0.000000
0.111111
-0.003906
0.007812
1.714286
0.253906
-0.068359
1.090909
1.095238
0.019531
0.039062
7.000000
35.000000
1.000000
0.011719
-0.009766
0.074219
0.017578
0.142857
0.000000
0.950000
9.500000
0.000000
-0.029297
4.000000
-0.021484
0.875000
0.005859
1.500000
1.739130
0.714286
0.013672
0.003906
-0.027344
0.625000
0.125000
-0.009766
2.200000
0.033203
-0.019531
1.250000
0.470588
1.666667
0.111111
-0.017578
-0.066406
0.015625
0.253906
-0.007812
-0.021484
-0.037109
1.363636
0.021484
0.048828
19.000000
-0.029297
-0.029297
0.736842
0.731707
-0.031250
11.000000
0.042969
0.766667
0.000000
1.416667
0.033203
0.056641
0.033203
-0.015625
0.029297
0.142857
3.666667
0.019531
3.100000
0.005859
0.013672
0.105263
0.142857
2.444444
-0.009766
0.727273
0.031250
0.041016
1.857143
0.096774
