1.461538
3.444444
10.000000
1.421053
12.000000
3.333333
5.000000
1.461538
4.000000
2.125000
4.000000
0.833333
2.666667
17.000000
2.250000
1.428571
1.684211
4.000000
9.000000
0.636364
1.100000
1.333333
1.500000
3.200000
2.555556
4.000000
0.785714
0.545455
0.025391
2.222222
-0.005859
3.285714
0.368421
4.666667
2.666667
0.052734
4.250000
0.285714
1.100000
0.600000
11.000000
3.857143
0.500000
0.031250
1.500000
3.000000
1.000000
3.166667
5.000000
17.000000
0.571429
1.444444
7.000000
4.750000
1.600000
2.500000
2.333333
0.000000
2.071429
0.042969
2.000000
1.611111
1.545455
1.346154
2.600000
0.833333
1.250000
2.800000
0.011719
1.000000
0.636364
1.466667
5.500000
0.281250
12.000000
10.000000
2.571429
6.000000
12.000000
2.500000
14.500000
2.500000
0.058594
0.761905
13.000000
9.000000
1.200000
5.250000
4.000000
0.555556
0.392857
6.500000
13.000000
2.300000
2.200000
1.400000
0.384615
0.009766
0.400000
1.250000
17.000000
2.000000
3.000000
29.000000
7.333333
4.000000
6.000000
5.666667
2.833333
7.000000
0.380952
0.029297
0.031250
7.000000
20.000000
3.750000
3.500000
17.000000
2.833333
6.500000
4.500000
1.250000
3.400000
0.044922
0.142857
1.181818
2.428571
0.482759
3.666667
1.625000
4.428571
4.500000
1.062500
6.600000
9.000000
5.500000
0.833333
1.142857
1.058824
3.166667
2.571429
7.000000
3.750000
7.250000
0.444444
4.833333
2.400000
0.039062
5.000000
20.000000
0.037109
7.000000
2.857143
1.000000
2.222222
7.000000
0.003906
6.500000
1.777778
1.000000
1.318182
0.416667
0.111111
1.538462
2.363636
0.900000
2.500000
1.526316
1.692308
1.200000
1.666667
0.011719
0.514286
0.961538
26.000000
2.600000
1.000000
2.571429
1.160000
0.011719
1.800000
0.750000
0.285714
2.400000
0.739130
4.000000
1.000000
1.384615
2.000000
2.200000
0.156250
0.003906
0.021484
4.500000
2.200000
2.000000
2.000000
2.285714
-0.000000
2.750000
6.333333
0.814815
1.187500
1.416667
1.800000
0.764706
0.214286
7.200000
22.000000
2.500000
6.600000
1.500000
-0.005859
3.000000
2.071429
1.250000
1.571429
15.000000
0.333333
1.114286
14.000000
1.000000
5.600000
10.000000
0.019531
12.666667
2.750000
3.000000
0.031250
6.000000
20.500000
0.461538
1.000000
2.000000
0.428571
7.250000
2.500000
11.000000
0.033203
1.333333
0.615385
4.142857
0.727273
1.785714
0.125000
2.571429
4.000000
4.333333
13.000000
0.429688
0.466667
0.454545
1.363636
0.242424
1.400000
6.000000
1.111111
2.000000
1.777778
0.900000
0.272727
0.500000
4.000000
0.344828
2.000000
1.400000
0.048828
0.095238
0.044922
1.000000
0.920000
1.500000
0.714286
3.000000
-0.005859
0.565217
0.842105
2.250000
0.363636
1.000000
2.333333
0.091797
1.666667
0.294118
1.250000
0.869565
2.833333
4.142857
0.029297
3.222222
7.500000
3.750000
1.500000
7.333333
0.730769
1.263158
0.681818
0.070312
0.576923
1.285714
0.928571
0.846154
0.590909
1.444444
1.166667
2.133333
2.384615
1.923077
5.750000
0.625000
3.666667
0.272727
22.000000
8.333333
0.454545
1.666667
3.461538
0.153846
2.125000
4.400000
1.352941
0.750000
1.600000
4.666667
5.333333
3.411765
1.200000
0.285714
0.933333
10.000000
15.000000
0.500000
0.029297
4.000000
5.000000
0.888889
1.727273
5.500000
12.000000
3.428571
4.000000
1.625000
3.000000
0.666667
0.400000
4.800000
10.000000
0.666667
2.000000
1.000000
0.273438
9.000000
2.363636
12.000000
2.000000
1.520000
6.750000
1.857143
0.031250
0.875000
1.111111
1.031250
28.000000
0.578947
5.000000
5.500000
8.500000
1.363636
-0.025391
10.000000
5.000000
3.500000
7.333333
1.842105
0.428571
4.625000
7.500000
2.000000
0.933333
1.714286
0.253906
1.095238
0.950000
35.000000
4.000000
0.875000
2.200000
1.739130
1.666667
0.625000
0.015625
0.736842
11.000000
1.363636
19.000000
0.105263
2.444444
0.727273
3.666667
3.100000
