0.000000
-0.179688
0.080078
-0.031250
-0.037109
0.064453
0.003906
-0.046875
0.005859
0.052734
0.060547
-0.097656
-0.064453
-0.005859
0.019531
0.000000
-0.115234
0.083984
-0.101562
0.078125
0.035156
-0.052734
0.085938
-0.015625
0.046875
-0.021484
-0.082031
-0.093750
0.070312
-0.042969
-0.097656
0.064453
-0.025391
0.095703
0.060547
-0.111328
-0.109375
-0.054688
0.062500
0.003906
-0.160156
-0.041016
0.007812
0.027344
-0.109375
-0.021484
0.031250
0.103516
0.046875
-0.191406
-0.039062
0.027344
-0.054688
-0.021484
-0.083984
-0.111328
0.015625
0.080078
0.064453
0.091797
-0.019531
0.068359
0.080078
-0.125000
-0.054688
-0.003906
0.027344
0.095703
-0.001953
-0.216797
-0.001953
0.001953
-0.046875
-0.050781
-0.115234
-0.052734
0.021484
0.052734
0.085938
-0.039062
-0.097656
-0.039062
0.044922
-0.007812
-0.099609
0.003906
0.042969
-0.058594
-0.029297
-0.138672
0.050781
0.097656
0.017578
-0.085938
-0.158203
0.015625
0.167969
-0.080078
-0.148438
-0.083984
-0.152344
-0.039062
-0.130859
-0.066406
0.041016
-0.060547
-0.162109
0.031250
0.050781
0.095703
-0.119141
-0.062500
0.130859
-0.007812
-0.101562
-0.093750
0.023438
0.060547
0.123047
-0.171875
-0.162109
0.115234
0.039062
-0.087891
-0.160156
-0.021484
-0.070312
-0.021484
0.031250
-0.052734
-0.011719
0.021484
-0.052734
-0.074219
0.021484
-0.033203
-0.039062
0.123047
-0.035156
0.007812
-0.052734
-0.042969
-0.005859
-0.113281
0.064453
0.066406
-0.093750
0.123047
-0.169922
-0.044922
0.031250
0.003906
-0.095703
-0.003906
0.041016
0.039062
-0.115234
-0.064453
-0.070312
-0.023438
0.003906
-0.119141
-0.132812
0.035156
-0.187500
-0.126953
-0.007812
-0.048828
-0.158203
0.001953
0.017578
-0.005859
-0.144531
-0.009766
-0.101562
-0.001953
-0.037109
0.021484
-0.042969
-0.080078
0.005859
0.125000
-0.123047
-0.138672
0.005859
-0.083984
-0.072266
0.113281
0.062500
-0.078125
0.046875
0.039062
0.042969
0.097656
0.003906
0.095703
-0.001953
-0.025391
-0.005859
0.011719
-0.011719
-0.085938
-0.029297
0.007812
0.076172
-0.111328
-0.076172
-0.019531
-0.054688
0.070312
0.109375
0.011719
-0.099609
-0.046875
0.013672
0.156250
0.208984
0.144531
0.156250
-0.097656
0.103516
0.097656
0.091797
-0.132812
-0.017578
-0.140625
-0.066406
-0.105469
-0.017578
0.039062
-0.027344
-0.201172
0.001953
0.109375
0.072266
-0.025391
0.062500
-0.119141
0.027344
0.072266
0.023438
0.093750
0.052734
0.058594
-0.011719
-0.164062
-0.203125
-0.042969
-0.023438
-0.136719
0.000000
0.011719
0.154297
-0.095703
-0.021484
0.089844
-0.123047
-0.156250
-0.166016
-0.035156
0.027344
-0.089844
-0.162109
0.005859
0.121094
0.058594
0.044922
0.046875
0.074219
0.015625
0.074219
0.074219
-0.095703
0.039062
-0.173828
0.068359
0.074219
-0.013672
-0.080078
0.023438
-0.103516
-0.042969
0.041016
0.011719
0.062500
-0.087891
0.080078
0.134766
0.041016
0.056641
0.167969
0.115234
0.054688
0.082031
-0.099609
-0.046875
0.107422
0.046875
-0.095703
0.117188
-0.203125
-0.109375
-0.064453
0.072266
-0.097656
0.041016
-0.033203
0.001953
-0.078125
0.107422
-0.056641
0.054688
-0.103516
0.042969
0.066406
-0.027344
-0.107422
0.013672
-0.046875
-0.044922
0.050781
0.041016
0.132812
-0.072266
0.056641
0.062500
0.029297
0.027344
-0.050781
-0.027344
0.009766
-0.128906
-0.029297
-0.132812
0.041016
0.011719
-0.039062
0.037109
0.083984
0.005859
-0.123047
0.109375
0.031250
0.054688
0.072266
-0.091797
-0.041016
-0.193359
-0.070312
-0.021484
-0.181641
-0.085938
-0.107422
0.017578
-0.121094
0.037109
-0.113281
-0.187500
0.000000
-0.041016
-0.017578
0.095703
0.144531
0.082031
0.261719
0.144531
0.029297
0.138672
-0.058594
0.039062
-0.078125
-0.232422
-0.146484
-0.023438
-0.062500
0.042969
0.035156
-0.023438
-0.103516
-0.162109
0.082031
-0.052734
0.093750
-0.134766
-0.011719
-0.031250
0.111328
0.083984
0.162109
0.052734
-0.056641
-0.021484
-0.166016
0.005859
0.101562
-0.185547
-0.099609
-0.183594
-0.005859
-0.011719
-0.039062
-0.007812
-0.050781
0.003906
-0.072266
-0.009766
0.029297
-0.128906
-0.003906
-0.107422
0.017578
-0.044922
0.035156
0.097656
0.123047
0.123047
-0.017578
0.150391
0.001953
0.056641
-0.011719
-0.031250
-0.164062
-0.156250
0.060547
-0.041016
-0.029297
-0.097656
0.025391
0.031250
-0.007812
-0.054688
-0.052734
0.015625
-0.072266
0.142578
0.144531
0.173828
0.173828
0.212891
0.181641
0.023438
0.037109
-0.048828
0.000000
-0.037109
-0.126953
-0.138672
-0.042969
-0.062500
-0.025391
0.082031
0.089844
-0.007812
-0.023438
-0.037109
-0.052734
0.111328
-0.078125
0.033203
0.060547
0.054688
-0.054688
0.042969
-0.068359
-0.042969
-0.056641
-0.042969
0.027344
-0.117188
0.228516
0.011719
-0.039062
-0.060547
-0.093750
-0.115234
-0.103516
0.027344
-0.064453
0.021484
-0.031250
-0.066406
-0.031250
-0.003906
-0.091797
0.062500
0.015625
-0.050781
0.093750
-0.062500
-0.103516
-0.025391
0.046875
-0.115234
0.029297
-0.146484
-0.015625
-0.035156
-0.093750
-0.083984
0.021484
0.062500
0.011719
0.052734
-0.060547
-0.044922
-0.044922
0.111328
0.148438
0.025391
0.136719
-0.019531
0.089844
0.210938
0.070312
-0.113281
-0.126953
-0.074219
0.021484
0.230469
-0.021484
-0.078125
0.001953
-0.029297
-0.027344
-0.023438
-0.011719
0.044922
-0.087891
-0.035156
0.166016
-0.007812
0.048828
0.134766
-0.011719
0.050781
-0.025391
-0.072266
0.224609
0.177734
-0.126953
-0.201172
-0.154297
0.021484
0.082031
-0.054688
-0.091797
-0.220703
-0.238281
-0.031250
0.044922
0.044922
0.019531
0.078125
0.083984
0.101562
-0.052734
-0.083984
-0.123047
0.103516
0.007812
-0.054688
0.003906
0.083984
0.029297
-0.037109
-0.085938
0.039062
0.046875
-0.042969
-0.125000
-0.125000
-0.017578
-0.109375
-0.023438
0.078125
-0.125000
-0.023438
-0.105469
0.021484
-0.046875
0.136719
-0.015625
0.056641
0.027344
0.093750
-0.039062
-0.011719
0.033203
0.019531
0.019531
0.023438
-0.156250
0.021484
0.140625
0.042969
-0.035156
-0.029297
-0.082031
-0.017578
-0.148438
-0.027344
0.058594
-0.076172
0.126953
-0.097656
-0.046875
-0.015625
-0.058594
0.005859
0.056641
0.083984
-0.105469
0.072266
-0.097656
0.085938
-0.048828
-0.056641
-0.041016
0.048828
-0.119141
0.019531
0.076172
0.072266
0.005859
-0.001953
0.091797
0.033203
-0.025391
-0.083984
0.035156
-0.060547
-0.082031
-0.056641
0.009766
0.126953
-0.001953
0.087891
-0.041016
0.068359
0.017578
-0.054688
-0.039062
-0.023438
-0.105469
-0.064453
-0.007812
-0.068359
0.031250
-0.060547
0.056641
0.019531
-0.054688
-0.052734
0.041016
-0.060547
0.011719
0.001953
0.056641
0.058594
0.078125
-0.109375
0.007812
-0.001953
0.054688
0.085938
0.003906
-0.005859
-0.021484
0.019531
-0.091797
0.048828
0.054688
-0.080078
-0.066406
0.015625
0.029297
-0.093750
0.001953
-0.095703
-0.117188
-0.126953
-0.021484
0.042969
0.066406
-0.037109
-0.027344
0.000000
0.027344
0.123047
-0.037109
0.087891
0.113281
-0.111328
-0.148438
-0.064453
0.060547
0.109375
-0.083984
0.007812
0.050781
0.033203
-0.144531
-0.074219
0.054688
0.097656
-0.130859
0.019531
-0.019531
0.060547
-0.109375
-0.021484
0.078125
-0.037109
0.074219
0.023438
-0.031250
-0.039062
0.117188
-0.054688
-0.035156
0.058594
-0.117188
0.105469
0.085938
0.035156
-0.142578
0.091797
0.033203
0.046875
-0.070312
-0.136719
0.105469
-0.074219
-0.121094
0.039062
-0.001953
-0.007812
-0.123047
-0.009766
0.029297
-0.123047
-0.017578
-0.066406
-0.078125
-0.005859
0.048828
0.101562
-0.060547
-0.021484
-0.031250
0.117188
0.052734
-0.126953
-0.001953
0.078125
0.074219
-0.068359
-0.070312
0.021484
-0.080078
0.021484
0.001953
0.015625
0.046875
-0.062500
-0.103516
-0.007812
-0.039062
-0.060547
-0.048828
-0.136719
-0.054688
-0.080078
-0.037109
-0.064453
-0.083984
-0.050781
0.044922
0.068359
-0.015625
-0.025391
0.060547
0.130859
0.033203
0.025391
-0.125000
0.054688
0.101562
0.019531
0.015625
0.128906
-0.070312
-0.074219
0.080078
-0.083984
0.060547
-0.117188
0.042969
0.117188
-0.056641
0.076172
-0.025391
0.021484
-0.111328
-0.029297
-0.042969
-0.060547
0.056641
-0.144531
-0.115234
0.062500
0.041016
-0.066406
-0.099609
0.041016
0.044922
0.080078
-0.021484
-0.185547
-0.048828
-0.037109
0.099609
0.074219
0.013672
-0.015625
0.111328
0.091797
-0.058594
-0.015625
-0.056641
0.074219
-0.052734
-0.029297
-0.085938
-0.068359
0.099609
0.015625
-0.089844
-0.173828
0.121094
0.062500
-0.046875
0.025391
-0.121094
-0.144531
-0.021484
-0.046875
-0.064453
0.121094
-0.087891
-0.095703
0.009766
0.123047
0.052734
-0.099609
-0.003906
0.035156
0.033203
-0.035156
-0.042969
0.056641
0.042969
-0.017578
-0.031250
0.082031
-0.027344
0.058594
-0.042969
-0.144531
0.029297
-0.021484
-0.048828
0.128906
0.000000
-0.095703
-0.064453
-0.078125
0.042969
0.089844
-0.062500
-0.083984
0.019531
-0.048828
-0.064453
0.068359
0.101562
0.015625
0.025391
-0.078125
0.117188
-0.027344
-0.046875
0.066406
-0.070312
-0.015625
0.109375
0.015625
0.083984
-0.037109
-0.097656
-0.044922
0.042969
-0.003906
0.080078
0.005859
0.054688
0.134766
0.009766
0.060547
0.003906
0.080078
0.031250
-0.050781
0.083984
0.009766
0.117188
-0.103516
0.070312
-0.042969
-0.087891
-0.050781
0.076172
0.000000
-0.115234
-0.029297
0.050781
0.001953
0.060547
0.080078
-0.037109
-0.056641
-0.037109
-0.054688
0.107422
-0.072266
-0.111328
-0.074219
0.000000
0.042969
0.033203
0.097656
0.052734
-0.097656
-0.019531
0.066406
-0.025391
0.011719
0.050781
-0.019531
-0.041016
0.068359
-0.119141
-0.072266
0.019531
-0.089844
-0.117188
-0.039062
0.058594
-0.105469
-0.015625
0.052734
-0.048828
0.109375
-0.085938
-0.050781
-0.015625
0.101562
-0.025391
0.021484
-0.115234
0.046875
0.005859
-0.027344
0.019531
0.130859
-0.033203
-0.117188
-0.078125
-0.060547
0.007812
-0.068359
-0.072266
-0.035156
0.017578
-0.029297
0.046875
0.111328
-0.080078
0.031250
-0.035156
0.033203
-0.009766
-0.001953
-0.042969
0.027344
-0.054688
0.009766
-0.031250
0.113281
-0.050781
0.074219
-0.062500
0.070312
-0.042969
-0.003906
-0.017578
-0.097656
-0.027344
-0.041016
-0.021484
-0.054688
-0.097656
-0.031250
0.070312
-0.121094
-0.087891
-0.062500
0.156250
0.072266
0.068359
-0.128906
0.041016
-0.001953
0.039062
-0.101562
-0.050781
0.011719
0.017578
0.050781
-0.025391
-0.023438
-0.033203
-0.082031
0.091797
-0.070312
0.066406
-0.050781
-0.035156
-0.033203
-0.093750
0.019531
0.126953
0.093750
0.001953
0.095703
0.041016
0.093750
0.080078
0.091797
0.109375
-0.031250
-0.009766
-0.082031
0.015625
0.003906
-0.013672
-0.080078
0.056641
0.037109
-0.025391
0.009766
-0.154297
-0.097656
0.041016
-0.099609
-0.078125
-0.115234
-0.085938
0.064453
-0.062500
0.037109
-0.001953
0.003906
0.029297
0.013672
-0.003906
0.068359
-0.027344
0.103516
0.001953
-0.080078
0.037109
0.042969
0.078125
-0.041016
0.074219
0.009766
-0.109375
-0.111328
0.015625
0.039062
-0.007812
0.093750
-0.078125
0.066406
-0.117188
-0.082031
0.003906
-0.074219
-0.097656
-0.109375
0.050781
-0.091797
-0.097656
0.035156
-0.033203
-0.136719
-0.117188
-0.060547
-0.093750
0.076172
0.066406
-0.185547
-0.128906
0.007812
0.078125
0.072266
0.142578
0.039062
0.017578
-0.042969
0.150391
0.197266
0.076172
-0.041016
-0.064453
0.107422
-0.177734
0.072266
-0.132812
-0.091797
-0.076172
-0.048828
-0.011719
-0.007812
0.121094
0.070312
-0.158203
-0.179688
-0.044922
0.154297
0.005859
-0.050781
-0.027344
0.025391
0.039062
0.148438
-0.052734
0.058594
-0.042969
-0.076172
-0.150391
0.000000
0.021484
-0.011719
0.060547
-0.066406
0.033203
-0.085938
-0.023438
0.042969
-0.015625
-0.082031
-0.082031
0.123047
0.123047
-0.025391
-0.150391
-0.001953
0.070312
0.062500
0.060547
-0.048828
0.058594
-0.046875
0.082031
-0.078125
0.091797
-0.111328
0.056641
0.064453
-0.062500
-0.164062
0.050781
0.076172
-0.015625
-0.085938
0.013672
-0.099609
0.044922
0.080078
0.062500
-0.029297
0.001953
0.066406
0.050781
-0.009766
0.005859
-0.050781
-0.015625
-0.017578
0.003906
0.060547
0.093750
-0.017578
0.009766
-0.095703
-0.001953
-0.015625
0.033203
-0.083984
0.117188
-0.085938
0.107422
0.003906
0.109375
-0.025391
-0.023438
-0.050781
0.037109
0.083984
0.068359
-0.070312
-0.125000
-0.080078
0.093750
-0.003906
0.031250
-0.056641
-0.093750
0.039062
-0.039062
0.044922
-0.048828
0.058594
0.058594
0.072266
-0.113281
-0.083984
0.037109
0.013672
-0.125000
0.072266
0.070312
-0.056641
-0.089844
-0.146484
0.031250
0.160156
0.000000
-0.041016
-0.023438
-0.052734
0.109375
-0.013672
0.000000
-0.085938
0.005859
-0.076172
-0.091797
-0.017578
-0.187500
-0.021484
0.000000
-0.033203
0.009766
-0.181641
-0.080078
-0.132812
-0.074219
-0.005859
0.060547
-0.138672
0.003906
0.111328
-0.033203
0.039062
0.072266
0.097656
0.070312
0.060547
-0.140625
-0.109375
0.076172
0.009766
-0.160156
-0.076172
-0.107422
0.058594
-0.068359
-0.017578
0.107422
0.054688
0.013672
-0.164062
0.001953
-0.025391
0.111328
0.025391
-0.060547
0.054688
0.031250
0.111328
0.076172
-0.044922
0.064453
-0.154297
0.056641
0.015625
0.123047
-0.011719
-0.046875
0.000000
-0.119141
-0.050781
-0.009766
-0.007812
-0.115234
-0.015625
0.107422
-0.117188
0.011719
-0.068359
0.156250
0.021484
-0.009766
0.019531
0.044922
0.089844
0.029297
0.037109
-0.146484
0.052734
-0.111328
-0.068359
-0.085938
-0.152344
-0.025391
0.062500
-0.039062
0.023438
-0.103516
-0.007812
-0.136719
-0.078125
-0.140625
-0.042969
0.064453
-0.001953
-0.076172
0.072266
-0.046875
0.035156
-0.031250
-0.037109
0.066406
0.005859
-0.035156
-0.064453
-0.082031
-0.062500
0.095703
0.136719
-0.021484
-0.066406
0.083984
0.099609
0.082031
0.113281
0.119141
0.099609
-0.035156
0.140625
-0.013672
0.031250
0.150391
-0.009766
0.031250
0.048828
0.126953
0.035156
0.126953
0.044922
0.056641
0.078125
-0.095703
-0.105469
0.042969
-0.029297
0.013672
0.015625
-0.042969
-0.097656
-0.021484
0.058594
-0.029297
-0.111328
-0.005859
-0.144531
-0.023438
-0.066406
-0.062500
-0.041016
0.017578
-0.005859
-0.119141
0.015625
-0.136719
-0.171875
-0.009766
-0.005859
0.029297
-0.029297
-0.003906
0.068359
-0.080078
0.035156
-0.066406
-0.048828
0.015625
0.089844
0.060547
-0.003906
0.015625
-0.064453
-0.056641
-0.054688
-0.039062
-0.019531
-0.017578
0.058594
-0.019531
0.033203
-0.046875
0.083984
-0.091797
-0.042969
-0.091797
-0.015625
-0.052734
0.160156
0.005859
0.107422
0.111328
-0.095703
-0.072266
-0.042969
-0.082031
0.076172
-0.015625
-0.013672
-0.087891
-0.025391
0.109375
0.070312
0.078125
-0.058594
-0.062500
0.050781
0.027344
-0.167969
-0.025391
0.123047
-0.048828
-0.119141
-0.023438
-0.101562
-0.054688
-0.083984
-0.027344
-0.058594
-0.107422
0.056641
0.005859
0.083984
0.074219
-0.097656
-0.029297
0.027344
0.001953
-0.072266
0.017578
0.115234
-0.048828
0.013672
-0.021484
0.085938
0.099609
0.058594
-0.052734
-0.019531
-0.001953
-0.056641
0.070312
-0.085938
-0.097656
-0.078125
0.009766
-0.042969
0.054688
-0.001953
-0.085938
-0.060547
-0.019531
0.068359
0.021484
0.025391
0.058594
-0.091797
-0.044922
0.021484
0.119141
-0.007812
-0.013672
-0.039062
0.007812
0.021484
-0.003906
0.078125
-0.044922
-0.007812
0.025391
0.121094
0.042969
0.041016
-0.074219
0.107422
-0.021484
0.169922
-0.011719
-0.070312
0.062500
-0.052734
0.128906
0.009766
0.000000
-0.113281
-0.144531
-0.015625
0.007812
0.050781
0.054688
0.054688
0.035156
-0.097656
-0.037109
-0.068359
-0.009766
-0.007812
-0.005859
0.113281
0.128906
0.146484
-0.068359
0.037109
-0.048828
-0.054688
-0.039062
-0.021484
0.048828
-0.035156
-0.064453
-0.083984
-0.166016
0.107422
-0.101562
-0.142578
-0.097656
0.009766
-0.085938
0.095703
0.062500
0.085938
0.060547
0.042969
-0.074219
-0.041016
0.085938
0.134766
-0.058594
-0.005859
-0.019531
-0.095703
-0.060547
0.021484
-0.060547
-0.109375
-0.111328
-0.046875
0.048828
0.039062
-0.056641
-0.025391
-0.083984
0.093750
0.115234
-0.042969
0.066406
-0.033203
0.046875
-0.058594
0.044922
0.072266
0.113281
-0.046875
0.062500
-0.023438
0.054688
0.099609
-0.068359
-0.017578
-0.019531
-0.085938
-0.103516
-0.046875
-0.044922
0.054688
0.027344
-0.070312
0.033203
-0.001953
0.044922
0.003906
-0.042969
0.121094
0.123047
-0.039062
0.031250
0.068359
0.000000
-0.021484
-0.125000
0.171875
0.064453
-0.083984
-0.164062
-0.105469
-0.082031
-0.021484
-0.048828
-0.089844
-0.058594
-0.013672
0.076172
0.101562
-0.064453
-0.068359
0.001953
-0.087891
0.035156
-0.113281
-0.121094
-0.058594
-0.062500
-0.072266
-0.009766
0.042969
-0.064453
0.013672
-0.005859
-0.064453
-0.054688
-0.103516
0.064453
-0.029297
-0.048828
0.017578
-0.042969
-0.064453
0.041016
-0.003906
0.009766
0.035156
0.011719
0.087891
-0.009766
-0.066406
-0.025391
0.050781
-0.046875
0.050781
-0.037109
-0.060547
0.033203
0.154297
-0.130859
-0.042969
-0.062500
0.091797
-0.060547
0.056641
0.013672
-0.031250
0.039062
-0.074219
-0.025391
0.027344
0.041016
-0.011719
-0.037109
-0.064453
0.054688
-0.064453
-0.003906
-0.046875
0.025391
-0.121094
-0.009766
0.052734
0.009766
0.066406
-0.091797
0.082031
0.025391
0.023438
-0.089844
-0.062500
0.005859
-0.039062
-0.003906
0.031250
-0.066406
-0.035156
0.074219
-0.058594
0.099609
-0.085938
0.015625
0.121094
0.093750
0.060547
0.023438
-0.019531
0.074219
-0.011719
-0.078125
-0.068359
0.044922
0.023438
-0.064453
-0.023438
0.099609
-0.021484
0.001953
-0.042969
0.021484
0.111328
-0.025391
0.066406
-0.003906
-0.044922
-0.101562
-0.101562
-0.037109
0.035156
0.082031
-0.044922
-0.007812
0.001953
0.130859
0.031250
-0.072266
0.056641
-0.015625
0.046875
-0.115234
0.007812
0.019531
0.087891
0.011719
-0.060547
0.060547
0.037109
-0.039062
-0.033203
0.031250
0.076172
0.060547
0.091797
0.011719
-0.056641
-0.072266
-0.029297
-0.052734
-0.076172
-0.009766
0.132812
-0.019531
-0.029297
0.080078
0.082031
-0.042969
-0.054688
-0.035156
-0.035156
0.058594
-0.054688
-0.052734
-0.042969
0.039062
-0.070312
-0.046875
-0.048828
0.058594
0.101562
0.074219
-0.068359
0.019531
-0.013672
0.089844
-0.066406
0.097656
-0.087891
-0.019531
0.128906
0.009766
-0.046875
0.052734
0.031250
0.029297
-0.027344
-0.083984
-0.011719
0.021484
-0.121094
0.019531
-0.039062
-0.078125
-0.062500
0.003906
-0.050781
0.066406
0.037109
0.017578
0.064453
-0.173828
-0.111328
0.136719
0.033203
0.033203
0.019531
-0.082031
0.074219
0.035156
-0.044922
-0.162109
-0.003906
0.166016
0.095703
-0.017578
0.062500
0.154297
0.064453
0.091797
-0.152344
0.117188
0.103516
-0.044922
-0.078125
-0.140625
-0.080078
0.083984
-0.181641
0.050781
-0.119141
-0.017578
-0.021484
-0.070312
0.074219
0.021484
-0.009766
-0.091797
0.029297
-0.107422
-0.007812
-0.058594
-0.021484
-0.046875
-0.058594
-0.091797
0.115234
0.062500
-0.013672
-0.201172
-0.166016
0.119141
0.162109
0.048828
-0.093750
0.017578
0.208984
0.041016
0.011719
-0.160156
-0.093750
0.177734
0.160156
-0.085938
-0.117188
-0.056641
0.031250
-0.138672
-0.015625
-0.009766
-0.083984
0.037109
-0.009766
0.037109
-0.033203
-0.005859
-0.089844
-0.111328
-0.023438
0.080078
0.080078
-0.125000
-0.005859
0.193359
0.066406
-0.126953
-0.115234
0.013672
0.140625
-0.039062
-0.011719
0.013672
0.007812
-0.095703
-0.021484
-0.005859
0.085938
0.039062
0.058594
-0.033203
0.017578
0.093750
0.015625
-0.074219
-0.060547
-0.083984
-0.148438
-0.056641
-0.138672
-0.050781
0.025391
0.025391
0.009766
-0.113281
0.003906
0.023438
-0.003906
-0.148438
-0.054688
0.001953
-0.095703
-0.060547
-0.158203
-0.042969
-0.121094
-0.005859
-0.054688
-0.017578
-0.105469
-0.111328
0.017578
0.025391
-0.048828
-0.134766
-0.095703
-0.080078
0.013672
-0.101562
0.050781
-0.070312
-0.009766
-0.070312
0.035156
-0.082031
-0.121094
-0.089844
-0.123047
0.072266
-0.068359
0.072266
0.003906
-0.001953
0.097656
-0.064453
0.037109
-0.078125
0.013672
0.093750
0.085938
0.000000
0.019531
-0.068359
0.068359
0.039062
0.035156
0.101562
-0.031250
-0.109375
-0.095703
-0.052734
0.064453
-0.039062
-0.044922
0.041016
0.013672
0.058594
-0.001953
-0.035156
0.013672
-0.089844
0.060547
-0.087891
0.128906
-0.017578
-0.117188
-0.031250
-0.039062
0.117188
0.103516
0.068359
0.123047
0.070312
-0.091797
-0.007812
-0.017578
0.146484
0.025391
-0.117188
-0.156250
-0.113281
-0.072266
0.021484
-0.083984
-0.035156
-0.150391
0.103516
-0.066406
0.027344
-0.074219
0.087891
0.044922
0.035156
0.000000
-0.080078
-0.025391
-0.080078
0.070312
0.042969
-0.066406
0.001953
0.064453
0.062500
0.095703
0.009766
0.080078
-0.093750
-0.062500
0.062500
-0.101562
0.019531
-0.001953
0.048828
0.068359
-0.125000
-0.070312
0.041016
-0.089844
0.021484
-0.070312
-0.021484
-0.064453
-0.035156
0.080078
-0.025391
0.046875
0.000000
-0.087891
-0.148438
-0.076172
-0.027344
-0.037109
-0.042969
-0.125000
0.041016
0.050781
0.109375
0.115234
0.099609
-0.054688
-0.001953
0.021484
-0.033203
0.080078
-0.029297
0.031250
-0.076172
0.025391
-0.056641
-0.072266
0.021484
-0.048828
-0.001953
0.062500
0.066406
0.007812
0.029297
-0.035156
-0.058594
-0.035156
-0.050781
-0.109375
-0.134766
-0.017578
-0.041016
-0.095703
-0.103516
-0.046875
-0.128906
-0.046875
0.150391
-0.062500
0.005859
-0.041016
0.011719
0.091797
-0.035156
-0.027344
-0.119141
0.039062
0.037109
0.048828
0.035156
-0.017578
-0.056641
-0.087891
-0.001953
0.046875
0.003906
0.078125
-0.060547
-0.074219
-0.099609
0.011719
-0.035156
0.039062
0.017578
0.037109
0.091797
-0.042969
0.111328
0.046875
-0.031250
-0.144531
0.166016
0.058594
0.113281
0.070312
-0.080078
0.044922
0.017578
-0.140625
0.013672
-0.117188
0.052734
-0.007812
-0.035156
-0.027344
-0.027344
-0.042969
0.039062
0.113281
0.023438
0.029297
0.171875
0.066406
0.068359
-0.123047
-0.128906
0.013672
0.109375
0.089844
-0.125000
-0.013672
0.074219
0.136719
-0.125000
-0.136719
-0.029297
0.007812
-0.019531
0.003906
0.085938
0.125000
-0.023438
-0.003906
-0.031250
-0.074219
0.035156
-0.068359
-0.011719
-0.011719
-0.064453
0.048828
-0.058594
-0.119141
-0.056641
-0.021484
-0.001953
0.009766
-0.025391
0.109375
-0.064453
-0.111328
-0.123047
0.009766
0.033203
-0.105469
-0.044922
0.000000
0.011719
-0.050781
-0.029297
-0.046875
0.072266
-0.041016
-0.095703
0.064453
-0.101562
0.136719
-0.074219
-0.074219
-0.021484
0.048828
0.148438
-0.056641
-0.013672
-0.101562
-0.085938
-0.005859
0.132812
-0.031250
-0.085938
0.023438
-0.089844
0.066406
0.027344
0.005859
-0.019531
0.082031
-0.048828
0.111328
-0.091797
0.105469
0.029297
-0.027344
0.095703
-0.044922
-0.050781
0.101562
0.039062
0.048828
-0.039062
-0.021484
-0.042969
0.027344
0.033203
0.003906
-0.097656
-0.001953
0.078125
-0.037109
-0.087891
0.000000
0.064453
0.005859
-0.062500
-0.113281
0.083984
0.025391
-0.001953
-0.017578
-0.054688
0.080078
0.031250
0.039062
0.001953
0.021484
-0.003906
-0.115234
-0.074219
-0.048828
0.095703
-0.037109
-0.089844
0.025391
-0.007812
0.138672
0.054688
0.003906
0.072266
-0.072266
0.101562
-0.150391
-0.085938
-0.046875
-0.050781
-0.128906
0.013672
-0.128906
0.080078
-0.087891
0.003906
-0.070312
0.060547
0.058594
-0.074219
-0.025391
0.001953
-0.095703
-0.015625
0.039062
-0.013672
0.160156
-0.005859
-0.056641
0.000000
-0.105469
-0.087891
-0.111328
-0.052734
-0.099609
0.060547
-0.121094
0.033203
0.126953
-0.041016
-0.089844
-0.029297
0.035156
0.136719
-0.105469
0.013672
-0.011719
0.017578
0.103516
-0.037109
-0.066406
0.126953
0.117188
0.062500
-0.115234
0.029297
0.023438
-0.033203
-0.128906
-0.044922
0.097656
-0.035156
-0.121094
-0.066406
0.060547
-0.033203
-0.125000
0.058594
0.017578
-0.070312
-0.089844
-0.029297
-0.023438
0.003906
-0.099609
0.031250
-0.056641
0.041016
0.017578
0.048828
-0.052734
-0.027344
0.046875
-0.136719
-0.080078
0.091797
-0.019531
-0.068359
0.013672
0.066406
-0.068359
0.089844
0.056641
0.125000
0.048828
0.003906
-0.046875
0.017578
0.037109
