-0.035156
0.035156
0.027344
0.083984
0.031250
-0.035156
0.023438
0.833333
0.068359
-0.037109
-0.070312
1.200000
1.166667
0.086957
0.027344
-0.001953
0.035156
-0.013672
2.444444
0.357143
-0.048828
0.009766
0.035156
13.500000
0.250000
0.800000
0.750000
1.150000
0.052734
2.181818
0.037109
5.000000
0.001953
0.320000
-0.033203
-0.013672
1.000000
6.000000
0.363636
0.044922
-0.013672
0.230769
-0.019531
-0.011719
0.500000
0.190476
0.742188
-0.007812
0.064516
0.583333
0.013672
2.200000
-0.013672
1.230769
36.000000
3.636364
0.500000
2.466667
0.017578
-0.021484
0.064453
-0.021484
0.023438
5.750000
0.333333
0.054688
1.000000
0.021484
1.333333
0.019531
0.003906
10.333333
-0.037109
1.000000
0.062500
0.000000
0.031250
0.000000
-0.050781
-0.021484
-0.011719
0.777778
0.035156
2.000000
2.000000
-0.009766
-0.005859
4.333333
-0.009766
0.166667
1.444444
4.500000
0.042969
-0.011719
1.142857
0.440000
0.800000
0.001953
-0.001953
-0.019531
8.000000
-0.013672
-0.029297
0.001953
0.039062
1.437500
0.647059
-0.011719
1.125000
3.000000
0.833333
1.000000
-0.015625
0.068359
-0.029297
0.013672
-0.001953
-0.029297
-0.003906
-0.003906
