-0.179688
0.177734
-0.171875
0.121094
-0.058594
-0.089844
-0.236328
0.126953
-0.269531
-0.193359
0.078125
0.115234
0.009766
-0.164062
0.117188
0.257812
-0.078125
-0.259766
-0.097656
0.173828
0.144531
-0.087891
0.132812
-0.255859
0.042969
0.177734
-0.185547
0.123047
-0.041016
0.074219
-0.171875
0.248047
-0.158203
-0.023438
-0.146484
0.080078
-0.019531
0.097656
-0.123047
0.060547
-0.029297
0.140625
0.222656
0.082031
-0.113281
0.000000
-0.234375
-0.119141
-0.080078
-0.148438
-0.056641
-0.021484
-0.066406
0.232422
-0.183594
-0.087891
0.011719
0.089844
0.207031
0.091797
-0.097656
-0.142578
-0.169922
0.093750
-0.080078
0.119141
0.060547
-0.134766
-0.193359
0.218750
0.142578
-0.111328
-0.023438
0.048828
-0.105469
0.177734
0.240234
0.013672
-0.070312
-0.058594
0.097656
0.208984
0.148438
-0.111328
-0.185547
0.099609
-0.148438
-0.029297
-0.001953
0.000000
0.132812
0.189453
0.148438
0.162109
0.193359
-0.070312
-0.166016
-0.193359
-0.130859
-0.099609
-0.066406
-0.173828
0.099609
-0.017578
0.162109
-0.164062
-0.138672
0.208984
0.042969
-0.197266
-0.009766
0.189453
0.160156
0.058594
-0.058594
0.005859
0.191406
-0.251953
0.087891
-0.138672
0.097656
-0.191406
-0.240234
-0.011719
0.199219
-0.214844
0.152344
0.136719
-0.173828
0.177734
-0.013672
0.009766
0.097656
-0.046875
0.179688
-0.216797
-0.017578
-0.003906
-0.048828
-0.138672
-0.199219
-0.169922
0.171875
-0.152344
0.255859
-0.228516
-0.091797
-0.046875
-0.007812
0.082031
0.138672
-0.017578
-0.085938
0.216797
0.164062
-0.099609
-0.078125
0.121094
-0.169922
-0.039062
0.224609
-0.166016
0.154297
-0.023438
-0.193359
0.041016
0.029297
-0.085938
-0.226562
-0.083984
-0.064453
-0.064453
0.228516
-0.181641
0.121094
-0.193359
-0.199219
0.144531
0.123047
-0.210938
-0.083984
-0.107422
-0.222656
-0.136719
0.107422
0.039062
0.160156
0.146484
0.130859
0.095703
-0.154297
0.148438
-0.177734
0.070312
0.017578
-0.101562
-0.085938
-0.123047
0.093750
0.085938
0.070312
-0.050781
-0.070312
0.029297
-0.210938
-0.091797
0.103516
-0.089844
-0.183594
0.210938
0.123047
0.171875
-0.066406
0.128906
-0.105469
0.203125
-0.166016
0.224609
0.109375
-0.103516
-0.242188
0.187500
0.185547
0.015625
-0.085938
0.080078
-0.162109
0.052734
-0.078125
0.125000
0.064453
0.025391
-0.042969
0.134766
-0.111328
0.085938
0.033203
-0.082031
0.162109
-0.031250
0.234375
-0.154297
-0.160156
-0.082031
0.132812
0.230469
0.171875
-0.154297
0.201172
0.083984
0.125000
0.232422
0.085938
-0.048828
0.123047
0.062500
0.248047
0.046875
-0.142578
0.269531
0.121094
-0.095703
0.335938
-0.136719
-0.095703
0.160156
-0.210938
-0.041016
0.125000
0.099609
-0.070312
-0.109375
-0.193359
-0.121094
-0.195312
-0.167969
-0.121094
-0.132812
0.210938
0.062500
0.042969
-0.089844
-0.087891
0.193359
-0.105469
0.167969
-0.013672
0.207031
0.191406
-0.212891
-0.097656
-0.048828
-0.060547
-0.181641
0.228516
0.134766
0.113281
-0.138672
-0.189453
-0.062500
0.181641
-0.056641
-0.208984
-0.117188
-0.029297
0.119141
0.062500
-0.183594
-0.275391
-0.021484
0.041016
0.207031
-0.158203
-0.039062
-0.089844
0.076172
0.070312
-0.144531
0.109375
-0.136719
0.166016
-0.083984
-0.216797
0.189453
-0.025391
-0.001953
-0.181641
-0.167969
0.091797
-0.011719
0.175781
-0.046875
-0.121094
0.150391
0.080078
-0.193359
-0.207031
0.093750
-0.058594
0.056641
0.187500
0.164062
-0.042969
-0.007812
-0.097656
0.107422
0.140625
-0.240234
-0.162109
-0.187500
-0.041016
-0.078125
-0.046875
-0.160156
0.052734
-0.015625
0.083984
-0.201172
-0.080078
0.050781
-0.125000
-0.050781
-0.087891
0.175781
-0.146484
-0.179688
0.128906
-0.093750
0.054688
0.222656
-0.128906
0.050781
-0.140625
-0.119141
-0.224609
-0.109375
0.076172
-0.208984
0.042969
-0.117188
-0.173828
-0.066406
0.027344
-0.224609
-0.083984
-0.160156
0.039062
0.080078
0.130859
0.232422
-0.128906
0.201172
-0.060547
-0.199219
-0.136719
0.082031
-0.113281
-0.005859
0.003906
-0.216797
0.183594
0.039062
0.080078
-0.203125
0.132812
-0.203125
-0.072266
-0.015625
0.207031
0.013672
-0.244141
0.134766
0.205078
-0.097656
0.000000
-0.197266
-0.193359
0.193359
-0.166016
-0.138672
-0.058594
-0.193359
0.121094
-0.281250
0.218750
-0.076172
0.208984
-0.164062
0.009766
0.050781
0.193359
-0.197266
-0.031250
0.072266
0.023438
-0.175781
-0.027344
-0.068359
-0.017578
-0.076172
0.001953
0.156250
-0.005859
0.140625
0.019531
0.039062
-0.142578
0.105469
-0.089844
0.070312
0.076172
-0.156250
0.085938
-0.058594
-0.101562
0.146484
-0.031250
0.052734
-0.238281
-0.132812
0.019531
0.027344
0.042969
0.060547
0.167969
0.232422
0.013672
-0.083984
-0.148438
0.214844
0.130859
-0.115234
-0.027344
-0.191406
0.234375
-0.240234
-0.103516
0.007812
0.039062
0.035156
0.105469
0.191406
-0.064453
-0.015625
0.048828
0.164062
0.091797
0.033203
0.029297
0.062500
-0.162109
0.136719
-0.046875
-0.099609
-0.136719
-0.218750
-0.181641
0.019531
-0.023438
-0.050781
-0.160156
-0.179688
-0.255859
0.187500
0.007812
-0.052734
0.242188
0.058594
0.027344
0.052734
0.089844
0.074219
-0.126953
0.173828
-0.072266
0.025391
0.000000
0.181641
-0.185547
-0.187500
0.101562
0.291016
-0.226562
-0.191406
-0.164062
0.044922
0.148438
0.134766
0.052734
-0.107422
0.009766
-0.167969
-0.156250
-0.046875
-0.197266
-0.103516
-0.068359
0.099609
0.107422
0.207031
-0.125000
0.189453
-0.062500
0.166016
-0.285156
0.197266
0.185547
0.117188
0.058594
0.146484
0.150391
0.044922
-0.064453
-0.230469
-0.056641
-0.064453
0.048828
0.150391
-0.138672
-0.099609
-0.271484
-0.023438
-0.093750
0.083984
0.179688
0.134766
0.029297
0.126953
-0.066406
0.179688
0.076172
0.138672
-0.244141
-0.107422
-0.050781
0.082031
-0.144531
-0.048828
0.171875
-0.191406
0.078125
0.097656
-0.113281
-0.064453
-0.166016
-0.080078
0.222656
0.208984
-0.011719
-0.033203
0.115234
-0.160156
-0.050781
-0.099609
-0.271484
-0.232422
0.169922
0.138672
0.097656
0.019531
0.082031
-0.085938
0.107422
-0.175781
-0.285156
-0.072266
-0.107422
-0.125000
-0.011719
0.072266
-0.095703
0.130859
0.177734
0.234375
-0.214844
-0.091797
0.097656
0.005859
-0.197266
-0.242188
0.103516
0.138672
-0.064453
0.054688
-0.154297
0.037109
-0.183594
0.216797
0.101562
0.152344
-0.136719
0.156250
-0.181641
0.148438
-0.150391
0.193359
-0.007812
-0.013672
-0.107422
-0.005859
-0.089844
-0.181641
-0.087891
0.101562
-0.140625
0.179688
0.218750
-0.179688
-0.191406
-0.089844
0.031250
-0.064453
0.023438
-0.097656
-0.173828
-0.201172
0.064453
0.189453
0.105469
0.167969
-0.154297
0.109375
0.281250
0.048828
0.214844
-0.056641
0.058594
-0.123047
0.078125
-0.148438
0.222656
0.082031
0.175781
0.105469
0.199219
0.234375
0.050781
-0.123047
0.119141
-0.152344
-0.189453
0.091797
-0.117188
-0.099609
0.009766
0.212891
-0.292969
-0.207031
-0.205078
-0.015625
-0.105469
0.054688
0.246094
-0.095703
-0.212891
-0.039062
0.052734
-0.078125
0.082031
0.009766
-0.152344
0.050781
-0.148438
0.160156
-0.097656
-0.042969
-0.167969
0.160156
0.208984
-0.207031
0.011719
0.201172
0.136719
0.013672
0.027344
0.121094
-0.210938
0.107422
0.148438
-0.087891
-0.080078
-0.183594
-0.087891
-0.103516
0.107422
0.142578
0.146484
0.310547
0.218750
-0.322266
0.062500
-0.035156
0.236328
0.056641
-0.058594
0.035156
0.089844
0.031250
-0.148438
-0.160156
-0.083984
0.058594
-0.191406
0.154297
-0.033203
0.193359
-0.177734
0.044922
-0.029297
0.019531
0.025391
-0.226562
-0.039062
0.009766
0.015625
0.033203
-0.158203
0.011719
0.062500
-0.048828
0.242188
-0.246094
-0.005859
0.080078
-0.175781
-0.097656
-0.078125
-0.173828
0.158203
0.224609
-0.007812
0.181641
-0.099609
0.103516
0.113281
0.091797
0.058594
0.236328
-0.164062
0.042969
0.115234
-0.185547
-0.066406
0.031250
-0.242188
0.011719
0.179688
0.003906
-0.185547
0.027344
0.037109
-0.021484
-0.181641
0.117188
0.150391
-0.060547
0.146484
-0.132812
-0.171875
0.119141
0.285156
-0.132812
-0.142578
0.175781
0.146484
-0.023438
-0.113281
0.234375
-0.003906
0.107422
-0.167969
0.138672
0.222656
0.015625
-0.099609
-0.087891
0.097656
0.052734
0.193359
-0.033203
0.150391
-0.216797
0.113281
0.207031
-0.105469
0.171875
0.097656
0.033203
0.025391
0.056641
0.083984
0.191406
0.041016
-0.056641
-0.261719
-0.169922
-0.027344
-0.070312
0.230469
0.050781
-0.050781
0.041016
0.177734
0.173828
0.146484
-0.152344
0.103516
0.080078
-0.031250
0.156250
-0.058594
0.003906
-0.048828
-0.150391
0.162109
0.187500
-0.103516
-0.003906
0.214844
0.220703
-0.046875
-0.132812
-0.101562
0.150391
0.185547
0.175781
0.007812
0.191406
-0.257812
-0.011719
-0.195312
0.058594
0.259766
-0.082031
-0.150391
0.078125
-0.113281
0.001953
0.015625
0.056641
-0.048828
-0.164062
-0.029297
-0.009766
-0.212891
-0.177734
-0.150391
-0.197266
0.080078
0.082031
0.005859
-0.083984
0.107422
-0.259766
-0.152344
0.240234
-0.306641
0.171875
0.158203
0.050781
-0.117188
0.255859
0.234375
-0.189453
0.208984
-0.017578
-0.179688
-0.167969
0.175781
0.177734
0.236328
-0.166016
-0.156250
-0.097656
-0.152344
0.003906
0.027344
-0.148438
0.140625
-0.207031
-0.156250
-0.281250
-0.042969
-0.074219
-0.152344
0.031250
-0.218750
-0.128906
-0.156250
0.119141
0.041016
0.056641
-0.285156
0.041016
0.201172
-0.105469
-0.130859
0.185547
-0.126953
-0.232422
0.125000
0.097656
0.185547
-0.166016
-0.150391
-0.156250
-0.091797
0.064453
0.166016
0.085938
-0.095703
-0.244141
0.056641
0.015625
-0.236328
-0.103516
0.216797
0.011719
-0.013672
-0.117188
0.041016
-0.148438
-0.023438
-0.242188
0.187500
-0.183594
-0.216797
-0.134766
-0.109375
-0.128906
0.132812
-0.060547
-0.021484
-0.230469
-0.005859
-0.214844
-0.128906
-0.105469
-0.003906
0.136719
0.052734
-0.162109
0.060547
0.164062
0.212891
0.058594
0.185547
0.001953
0.011719
-0.255859
-0.111328
-0.042969
0.031250
-0.060547
0.125000
-0.208984
-0.166016
0.238281
0.083984
0.113281
0.082031
-0.195312
0.187500
0.019531
-0.128906
0.058594
0.033203
-0.064453
0.121094
-0.134766
-0.142578
0.105469
-0.230469
-0.039062
-0.169922
-0.134766
0.074219
-0.039062
0.085938
0.169922
0.044922
-0.173828
0.183594
0.115234
0.187500
0.027344
-0.044922
0.119141
-0.128906
0.052734
0.042969
0.132812
-0.117188
-0.191406
0.070312
0.111328
0.017578
0.169922
-0.208984
0.171875
0.158203
0.177734
-0.164062
0.175781
0.242188
-0.175781
0.009766
-0.181641
0.179688
0.238281
0.074219
-0.009766
-0.101562
-0.042969
0.076172
-0.064453
0.078125
0.185547
0.169922
0.113281
-0.173828
-0.160156
0.115234
-0.185547
0.212891
-0.046875
0.119141
-0.082031
0.078125
-0.142578
-0.019531
-0.007812
-0.144531
-0.130859
0.195312
0.191406
0.179688
0.132812
0.000000
0.158203
0.162109
-0.013672
-0.166016
-0.238281
0.070312
-0.062500
0.023438
0.062500
0.158203
0.091797
0.033203
0.150391
0.083984
-0.179688
0.009766
-0.144531
-0.292969
0.087891
-0.162109
0.078125
-0.132812
0.078125
0.023438
0.263672
-0.109375
0.171875
0.167969
0.193359
-0.029297
-0.107422
-0.130859
-0.078125
0.097656
-0.132812
-0.154297
0.132812
-0.287109
-0.128906
0.164062
-0.140625
0.173828
0.236328
-0.070312
-0.072266
-0.171875
0.013672
0.117188
0.136719
-0.173828
0.103516
0.134766
-0.064453
-0.160156
-0.166016
0.054688
0.025391
-0.191406
-0.001953
-0.003906
-0.205078
-0.125000
0.273438
0.337891
0.023438
-0.037109
0.152344
0.013672
-0.146484
0.185547
-0.070312
0.261719
-0.197266
-0.027344
-0.033203
0.152344
0.191406
0.195312
0.302734
0.148438
0.138672
-0.253906
-0.001953
-0.062500
-0.015625
-0.210938
0.250000
-0.187500
0.011719
0.181641
0.087891
0.179688
-0.126953
-0.013672
0.005859
-0.126953
0.222656
-0.117188
0.048828
-0.101562
-0.191406
0.208984
0.117188
-0.054688
-0.089844
0.193359
0.156250
0.160156
0.052734
0.041016
-0.158203
-0.210938
-0.166016
0.126953
-0.175781
-0.052734
-0.138672
-0.042969
-0.080078
-0.037109
0.164062
