0.059859
0.003418
0.314335
0.060924
0.055944
0.164966
0.287356
-0.004517
0.193015
0.081081
0.121043
0.066536
0.010986
0.108787
0.233723
-0.001465
0.000488
0.089253
0.005249
0.012939
-0.008179
0.235443
0.201183
-0.004395
0.146771
0.077103
0.056250
0.018094
0.074313
0.046392
0.124646
0.225564
0.064838
0.345890
-0.005249
0.087571
0.188867
0.163218
0.146572
0.139024
-0.004272
0.050336
0.002563
0.002686
0.022364
0.061135
0.110092
0.184466
0.128266
0.057208
0.005981
0.373494
0.182099
0.241935
0.006714
0.159879
0.028112
0.166667
0.013793
-0.002563
0.613281
0.008667
0.005127
0.172603
0.056338
0.115079
0.001221
0.406593
0.001709
-0.006714
0.006348
0.275862
0.260586
0.001221
0.079027
-0.005005
-0.000854
0.351648
-0.007568
-0.008179
0.166667
0.049689
0.247059
0.177858
0.098532
0.075171
0.033784
0.217507
0.084691
0.209677
0.213483
0.186667
0.527523
0.106719
0.193277
-0.012695
-0.000488
0.003052
0.126866
0.333333
0.134831
0.376623
0.168639
0.003540
0.013423
0.012573
0.020710
0.196237
0.200000
0.268018
0.227027
0.195171
0.352941
0.449438
0.246575
0.252149
0.053221
0.228228
0.097035
0.000977
0.027919
0.325581
-0.006226
0.292479
1.043243
0.296970
0.355932
-0.001953
0.002994
0.004761
0.260479
0.304000
0.172414
0.272031
0.652361
0.236559
-0.007080
0.011841
0.172205
0.015625
0.256466
0.277620
0.128065
0.008301
0.027027
0.058824
-0.008179
0.003296
-0.002075
0.244300
-0.005493
-0.001343
-0.009888
0.452055
0.308943
0.006958
0.322086
0.196602
0.503546
0.294479
0.006104
0.371758
0.077670
0.133065
-0.003662
-0.000488
0.016968
0.197849
0.005127
0.201299
0.231481
0.132450
0.005859
0.082386
-0.002686
-0.015137
-0.002563
-0.001831
0.011963
0.005981
-0.006836
0.007935
-0.001099
0.003052
-0.013184
0.006958
0.011841
0.006592
-0.004150
0.008423
0.008301
0.010864
0.000610
-0.001099
0.070845
0.028302
0.079929
0.113208
0.382682
0.016736
0.001831
-0.002686
-0.000488
0.006348
-0.002319
-0.010132
0.001343
-0.002197
-0.007446
-0.010620
-0.001831
0.008911
0.001953
-0.002686
-0.016968
-0.004395
-0.011963
0.004517
0.102804
-0.005493
-0.006348
0.073964
0.001343
0.074661
0.074856
-0.004761
0.001709
0.271739
-0.006348
0.001831
-0.001221
0.000122
-0.004028
0.002075
0.001587
0.002563
0.008301
-0.009644
-0.006958
-0.008423
0.023560
-0.005005
-0.011841
0.010498
-0.000366
0.014160
0.007812
0.336182
0.491961
0.000000
0.127098
0.007812
0.011841
-0.015747
0.258216
0.105263
-0.003540
-0.005737
0.011719
-0.003906
-0.004272
0.000854
0.011108
-0.009399
-0.000977
-0.009155
-0.008545
0.003052
0.008911
0.002319
0.009277
-0.002075
-0.010376
0.011230
0.000122
0.303867
0.005249
0.338323
0.158273
0.008545
-0.004028
0.004272
-0.009766
0.260163
0.052023
-0.009399
-0.000488
0.000244
-0.005249
-0.008179
0.003540
-0.000244
-0.004761
-0.008667
-0.010132
-0.007568
0.009155
-0.002563
-0.015503
0.009399
0.004028
-0.002808
-0.001831
0.578947
0.066038
0.009399
0.174556
0.190355
0.187621
0.132931
0.171756
0.034700
-0.006836
0.224719
0.013550
0.004883
0.064516
0.002686
0.002686
0.010620
0.007446
-0.002563
0.009033
-0.003784
-0.003662
-0.007080
0.002197
-0.000732
-0.012329
0.016602
0.001587
0.154122
0.072368
0.343195
0.175481
0.043860
-0.002319
0.066414
0.253589
0.220896
-0.002319
0.146429
-0.008057
0.020408
0.133333
-0.003174
0.009766
-0.006836
0.000977
-0.002197
0.157205
0.012329
0.004883
0.010986
-0.001465
0.004150
-0.001099
-0.000488
-0.009277
-0.003174
0.149398
0.391304
-0.006226
0.144554
0.233766
0.051225
0.002563
0.007935
0.198880
0.151659
0.234043
0.320946
0.028169
0.154079
-0.007568
0.247113
0.177966
0.248252
0.329700
0.006104
-0.010498
-0.002075
0.003052
-0.005249
0.013889
-0.009033
-0.010132
0.206612
0.063830
0.038462
0.120098
0.005493
-0.008789
0.228487
0.021645
-0.001099
0.322581
0.006592
0.001221
0.071895
0.162791
0.210728
0.011719
0.183168
0.030612
-0.011108
0.006592
-0.007202
0.003906
0.005005
-0.000488
-0.007935
0.021240
-0.007568
0.012165
0.009155
0.066434
0.340102
-0.011230
0.007324
0.123412
0.011963
-0.017334
0.469194
0.331683
0.300000
0.198142
0.072464
0.003968
0.066879
0.384840
0.027607
0.062874
0.000000
-0.002319
0.005981
-0.004639
0.006714
-0.001953
-0.005127
-0.007812
0.022222
0.000977
0.184834
0.007568
-0.022705
-0.003174
0.000000
0.010010
0.074246
0.153409
0.260388
0.066138
-0.001465
0.453608
0.097087
-0.010498
-0.003662
0.000000
0.102828
-0.016968
0.016846
-0.007812
-0.006714
-0.009033
-0.005737
0.000000
-0.001709
0.096859
0.075529
0.017212
0.401216
-0.004517
-0.004883
0.266497
0.150424
0.337110
0.064198
0.004028
0.308511
0.005249
-0.006470
0.003610
0.022901
0.008789
0.260223
0.008667
0.326531
-0.005737
0.015015
-0.003296
0.000488
-0.007568
0.000122
0.000977
0.075075
0.007690
0.274390
0.089286
-0.005493
0.002686
0.120104
0.099576
0.112040
0.107209
0.041367
0.006226
0.486683
0.006348
0.160000
0.009277
0.125000
0.004761
0.004883
0.370518
0.046512
0.320611
0.003418
-0.010864
-0.000122
0.000000
-0.006836
0.007690
0.198582
-0.005371
0.000977
0.096667
0.212209
0.074194
-0.011719
0.025463
0.118681
0.204124
0.001221
0.316964
-0.000366
0.049689
0.267717
0.073034
0.427562
0.123737
-0.007202
0.007202
0.111111
-0.004028
0.002808
0.002930
-0.007568
0.000366
0.005371
-0.010498
0.000366
0.642857
-0.002930
0.068182
-0.001953
0.003662
0.000977
0.040712
0.224335
0.020761
0.048649
-0.006226
0.186747
0.006061
0.013184
0.427762
-0.004028
0.080760
0.490323
0.002319
0.007080
0.001587
0.001709
-0.015991
-0.005127
0.009399
-0.003174
0.002930
0.157343
-0.006836
0.245968
0.339367
0.080332
0.142857
0.098814
0.039906
0.130556
0.190283
0.034483
0.172749
0.182759
0.087542
0.000244
-0.003296
0.069565
0.003662
0.118497
0.100304
0.009521
0.001587
-0.013062
0.010620
-0.008423
0.130982
-0.009033
0.000732
0.002703
-0.003296
-0.004883
0.006104
0.471698
0.640351
-0.000244
0.012817
0.003052
0.001664
0.011299
0.040000
-0.006714
0.010864
0.066445
0.090909
0.056548
0.016260
0.046322
-0.004883
-0.003540
-0.000122
0.015259
0.000732
0.006592
0.013062
0.173913
-0.001221
-0.007080
0.025090
0.237624
0.000244
0.004150
-0.009521
0.190860
0.000610
0.177264
0.002309
0.087629
0.201780
0.005371
0.031818
0.516605
0.085847
-0.001831
0.111455
-0.010620
0.001343
-0.011719
-0.003052
-0.008057
0.007568
-0.008667
0.007935
0.662222
0.069519
0.218182
0.245614
-0.020264
0.089710
0.001465
0.423611
0.113712
0.511111
0.000977
0.084567
0.022013
0.014528
0.360294
0.580153
0.009644
-0.011353
0.213675
-0.002686
0.002319
0.002930
0.003418
0.000977
0.015869
-0.011475
-0.000122
0.317343
0.784387
0.055556
0.269795
0.109705
0.007690
0.112329
0.008789
0.125000
-0.001587
0.162630
0.298851
0.010132
0.004739
0.189474
0.024911
0.022556
-0.003418
0.111969
0.291411
0.014160
-0.006104
0.009399
-0.003174
0.014526
-0.004150
0.005859
0.337321
-0.007568
0.437500
0.255639
0.006836
0.003906
0.046404
0.112805
0.032362
0.004150
0.000977
0.077586
-0.010132
0.064695
0.247241
0.002075
0.124260
0.397351
0.051020
0.028986
-0.000000
0.309524
-0.001221
-0.004517
-0.000366
-0.004028
0.010620
0.002686
-0.000854
0.003540
0.184652
0.032338
0.131367
0.010254
0.297368
0.207921
0.002197
0.016667
0.075848
0.075820
0.064336
0.183115
0.069132
0.000244
0.011230
-0.000732
0.105903
0.017700
0.186851
-0.000122
-0.013550
0.001099
0.014771
-0.003296
-0.000244
-0.003052
0.003817
0.002686
0.069034
0.108262
0.006226
0.136020
0.310139
0.106870
0.475877
-0.012329
0.315789
0.100127
0.024361
0.048860
-0.005737
0.087794
0.326531
0.004517
-0.008545
0.082251
0.073171
0.223614
0.026253
0.412888
0.233766
0.005981
0.157303
0.174757
0.015381
0.144231
0.006226
0.094456
0.004883
0.101852
0.168279
0.156830
0.228188
0.035639
-0.000732
0.228130
0.114478
0.064915
0.006592
0.223796
0.000732
0.182482
-0.005127
0.131195
0.178914
0.124011
0.044601
-0.013550
0.001343
0.002441
0.039548
0.068750
0.001221
0.098765
0.006104
0.046948
-0.001465
-0.007812
0.036855
0.398754
0.009521
0.030806
0.001465
0.012207
-0.003540
0.002686
0.025822
0.055363
0.009404
-0.004517
0.004150
0.167155
0.048433
0.002075
0.181818
-0.003174
0.017944
0.000122
0.316794
-0.009521
-0.004761
-0.000977
0.035714
0.418675
0.048701
0.004761
0.014893
0.179941
0.000244
-0.004517
0.041543
0.032544
0.021978
0.010753
0.001831
0.232704
0.007080
-0.007935
0.244000
-0.003662
0.325000
0.189573
0.251724
0.069597
0.136000
0.079618
-0.003540
0.298343
0.088415
0.253918
0.284746
0.008475
-0.000366
0.001709
0.082707
0.343478
0.013062
0.056738
0.005005
0.073903
0.053309
0.060831
0.044601
0.009155
0.000977
0.015381
0.549784
0.453947
-0.023071
0.084559
0.121622
0.002882
0.083612
-0.002686
0.395349
0.014526
-0.003052
0.036290
0.014404
0.230519
0.151042
0.192568
0.000488
0.198157
0.012077
0.003784
-0.007690
0.008057
-0.002686
-0.002808
0.051429
0.238806
-0.004028
-0.001709
-0.003052
-0.011597
0.000366
0.010010
0.018555
0.003540
-0.003052
0.002930
0.241245
0.298413
0.007935
0.043478
0.006470
0.066116
0.027778
0.254054
0.175214
0.357143
0.198697
0.128342
0.194805
0.100840
-0.004761
-0.004517
-0.002075
0.296569
0.280899
0.085020
0.379061
-0.001343
-0.003418
0.003296
-0.001953
0.000122
-0.010010
-0.006348
0.000977
0.001831
0.019287
-0.005249
0.009277
-0.009644
-0.019775
-0.019043
-0.010132
0.090909
-0.003906
0.060201
-0.004517
-0.005615
0.004598
0.070968
0.173684
0.096606
0.122642
-0.003174
-0.006226
0.001465
0.001709
0.003662
0.418239
0.020290
0.279310
0.066202
0.000000
0.007568
0.006104
0.018799
0.000977
0.010010
0.024292
-0.002441
0.004639
-0.009521
0.060729
-0.001587
0.082596
-0.008667
-0.007446
0.150342
0.191067
0.457692
0.110526
0.010376
0.029178
-0.001099
0.155405
0.506897
0.549020
0.426667
1.541284
0.397015
0.595361
0.175879
0.256637
0.322660
0.173789
0.343195
0.182090
0.378016
0.291803
0.143396
0.218750
0.126050
0.181058
-0.009033
0.041925
0.077199
-0.004028
0.051414
0.200590
0.090909
0.009644
-0.004150
0.095238
0.753191
0.417625
0.839650
0.868056
0.769504
0.734082
0.783550
0.476364
0.950820
0.484663
0.488636
0.678233
0.263158
0.851429
0.655678
0.205797
0.087591
0.003296
0.239186
0.084507
0.143813
0.131514
0.200000
0.262963
0.004883
0.036913
0.055970
0.192420
0.440945
0.006348
0.335484
0.491468
1.424837
0.791367
0.721374
0.971831
1.007968
0.630252
0.473186
0.713755
0.655052
1.235507
0.764890
0.261411
0.000000
0.146417
-0.008545
0.147844
-0.008423
0.392857
0.004525
-0.004883
0.150776
0.165517
0.103933
0.003052
0.023256
-0.006104
0.348148
0.430556
0.101818
0.520000
0.318792
0.099668
0.076046
0.004761
-0.001099
0.026316
0.734899
1.074713
1.265766
0.297945
0.342205
0.091716
0.200608
0.004028
0.001828
0.071130
0.649057
0.452229
-0.000977
0.301370
0.141860
0.068966
-0.007935
0.134948
0.000000
0.006470
-0.018188
0.014160
-0.004639
0.001587
0.010132
0.003418
0.007812
0.543796
0.864362
1.294314
0.201663
0.039216
0.183801
0.157647
0.010376
0.037367
0.023295
0.124309
0.010010
0.000977
0.104027
0.419672
0.197605
0.028369
-0.009033
0.268293
0.011963
-0.002441
0.495627
0.000854
0.354839
-0.001343
-0.010010
-0.005005
-0.009644
0.273585
1.096953
0.832000
0.286445
0.406780
0.136519
0.003052
0.206522
-0.001831
0.041528
0.017341
0.233516
0.584838
0.026699
0.016173
-0.016235
-0.005493
0.076159
0.004395
0.236760
0.603922
-0.004395
0.178322
0.008179
0.020874
0.002075
0.015625
0.420139
0.894410
1.444444
0.467692
0.335013
-0.011108
0.115819
0.225352
0.156823
0.013306
-0.005859
0.211845
0.021583
0.146988
0.166667
0.176656
0.343284
0.141479
0.088757
0.344948
0.389105
0.187755
0.012012
-0.000854
-0.011719
0.007080
0.006714
0.022284
0.902724
1.609023
1.550505
0.201220
0.005865
0.286982
0.227273
0.011108
0.122616
0.106000
0.009033
0.395280
0.007568
0.108392
0.193407
-0.008667
0.088146
-0.006714
0.167910
0.248387
0.008545
0.500000
0.185811
0.006958
-0.009033
0.011475
0.006592
0.265861
0.901099
1.290000
0.360656
-0.003540
0.140187
0.304167
-0.007080
-0.001099
-0.012573
0.085271
-0.000244
0.009888
0.112903
0.047478
0.120401
0.318033
0.007080
0.001099
0.206687
-0.016724
0.061224
-0.007080
-0.004639
0.055901
-0.007446
-0.005005
0.004761
0.869048
0.744048
0.809211
0.007690
0.006592
0.002075
0.222772
0.456522
0.134426
-0.016113
0.010986
0.112871
0.008301
0.520147
0.665179
0.000244
0.067797
0.002808
0.134058
0.002319
0.003540
0.106383
0.023804
0.007935
-0.003540
0.004028
0.017944
-0.008911
1.217822
0.912587
0.196237
-0.005615
0.197531
0.088372
0.075515
0.043478
0.012207
0.007690
0.247525
0.016602
0.004028
0.048110
0.217391
0.293651
0.135458
0.209366
0.254545
0.074074
0.112299
0.295775
0.011278
0.001709
0.007080
-0.011108
0.001465
0.657289
0.845036
0.651724
0.028169
0.045161
0.049645
0.240356
-0.000977
0.201058
-0.000732
0.195846
0.019165
0.053879
-0.005859
-0.003662
-0.006226
-0.003784
0.163866
0.048276
0.164634
-0.002686
0.059155
0.003052
0.000488
-0.005737
0.023649
-0.001465
0.722807
1.123839
1.246006
0.377574
0.108787
0.682540
0.251724
0.256173
0.000732
0.002319
-0.006226
0.181287
0.006836
0.000610
-0.010498
0.019293
0.003174
0.480969
-0.015991
0.001099
-0.010498
0.007568
0.047619
-0.010254
0.004395
0.004028
0.023804
0.205980
0.792115
0.953668
0.599237
0.003662
0.096330
0.184136
0.142180
-0.001221
0.016355
0.024242
0.076046
0.034335
-0.005981
0.099026
0.287532
0.005127
0.114379
0.026549
0.244648
-0.006470
0.006958
-0.001831
0.000000
0.008911
-0.013428
-0.007690
-0.003052
0.955882
0.782152
0.836991
0.205882
0.011475
0.107383
-0.002441
0.191011
0.092920
0.360000
0.121324
0.097643
0.076220
0.002563
0.201597
0.441176
0.020386
0.010498
-0.000854
0.341085
0.109215
0.080925
0.427419
0.029703
0.001221
-0.010010
-0.001099
0.301961
1.058182
1.025397
0.291765
0.047273
0.103550
0.288538
-0.003052
0.364486
-0.005249
0.000122
0.007634
0.251064
0.294964
0.100855
0.103448
0.061576
0.002686
0.506726
0.145570
0.000610
0.003784
-0.003540
-0.003052
0.095238
-0.010620
0.002933
0.138329
0.843220
0.791183
0.913043
-0.000122
0.070122
0.175258
-0.003052
0.469388
0.055233
0.062344
-0.001953
0.172043
0.264984
0.150171
0.117541
-0.006592
0.000977
-0.011963
0.061404
0.006470
-0.002441
-0.001831
0.032738
0.005737
0.001343
-0.005249
-0.014526
0.821429
1.089744
1.041009
0.735043
0.250896
-0.012207
0.008301
0.115681
0.014404
0.219672
0.004150
0.222222
-0.005371
0.252252
0.081871
0.253550
0.080645
0.212500
0.444109
0.006348
0.010989
0.248744
0.002808
0.230769
0.104369
-0.002441
0.017700
0.540000
1.314286
1.301449
0.618395
0.190578
0.240741
0.094241
0.015625
0.155963
0.006958
0.209932
0.062176
0.086316
0.047091
0.310112
0.032419
0.150709
0.048276
0.109698
0.001709
0.059701
0.170435
0.016807
-0.006348
0.232804
-0.005737
-0.001709
-0.004517
0.366667
0.567619
0.805019
0.598470
0.012085
0.127789
0.112621
0.062972
-0.002808
0.238956
0.118712
-0.007812
0.183274
0.007767
0.152510
0.055703
0.128499
0.037162
0.002808
0.241535
0.146252
0.001465
0.167939
-0.006470
-0.001343
-0.001831
-0.004395
0.129979
0.042084
0.005127
0.074310
0.009155
0.104950
0.071111
-0.000122
0.124060
0.004639
-0.008789
0.066318
0.053279
0.002808
0.018149
0.134791
0.104065
0.059379
0.065603
0.020576
0.189394
-0.001465
0.018717
0.290076
0.238095
0.013736
0.013184
0.103064
-0.006714
0.004124
0.119332
0.003418
-0.001343
-0.008179
0.157025
0.005493
0.005005
-0.004272
0.227405
0.004395
0.047486
-0.002197
0.006714
0.375000
0.189983
0.066952
0.008179
0.176638
-0.012573
-0.008789
0.089385
0.005127
0.002441
0.012573
-0.006348
0.002686
-0.004883
0.619217
-0.000732
-0.004761
0.034783
0.005249
0.202985
0.009277
0.177489
0.169972
0.078014
-0.007446
0.006226
0.007690
0.012329
0.149254
0.240331
0.229885
0.054591
-0.005127
0.108911
0.003174
0.004028
0.070175
0.013916
0.001709
0.013428
0.003052
0.000977
0.003662
0.185990
0.372603
0.016846
0.086093
0.031579
0.155763
0.157480
0.002563
0.297203
0.022705
0.195531
0.102310
-0.002808
0.002563
0.038636
0.004150
0.041166
-0.002319
-0.001343
-0.008057
0.034810
0.285714
0.002686
0.004639
-0.003418
0.004883
0.056291
0.114187
0.366667
0.007935
0.219512
-0.001709
0.260417
0.194245
0.241379
0.018382
0.117117
0.180602
0.068966
0.002319
-0.001343
0.015991
-0.005127
0.271784
0.083183
-0.015503
0.076056
-0.006958
0.000732
0.145946
0.220974
0.248201
0.177700
0.003296
0.010986
-0.004028
-0.004028
-0.001221
0.030000
0.011108
0.292517
0.149194
0.002808
0.001221
0.252918
0.313291
0.090909
0.162921
0.000000
-0.009888
0.078199
0.247723
0.025513
0.104762
0.025063
0.202797
0.202299
0.328904
0.398515
0.278515
0.001099
0.171795
0.313539
-0.019165
0.059561
0.148297
0.205021
0.373418
0.008301
0.003784
0.265823
0.118421
0.008423
-0.008423
0.208589
-0.004028
0.024292
0.004272
0.020528
0.144289
0.002686
0.122353
0.164251
-0.005005
-0.016724
0.397059
0.573770
0.118644
0.638710
0.769006
0.333333
0.416244
0.349823
0.131965
0.134557
0.191693
0.282895
0.255747
0.196911
0.407821
0.005249
0.006836
0.126638
0.167959
-0.003052
0.500000
0.000610
0.010498
0.014523
0.102625
-0.008057
-0.012695
-0.000977
0.685864
1.136364
1.783333
2.154472
1.598662
1.174721
1.317460
1.202532
0.862745
0.957958
0.887821
0.419098
1.063433
1.071672
0.615894
-0.007568
-0.009521
0.077830
0.169231
0.088889
-0.000122
0.005737
0.063953
0.009399
0.285347
0.429395
0.171429
0.059783
0.576471
0.695205
1.292517
1.071429
1.215976
1.756849
1.320896
1.423333
1.755932
1.577778
1.660584
1.553314
2.038732
1.850543
1.664286
0.842391
0.496084
0.231156
-0.006104
-0.007324
0.121739
-0.000366
-0.005493
0.176715
0.078167
-0.003296
0.046667
0.008065
0.029126
0.228296
0.425121
0.244186
0.857988
1.098101
1.265683
1.646789
1.210714
1.372694
1.883333
1.379032
1.450980
2.452586
1.294915
1.038806
0.533537
0.515991
0.200647
-0.001953
0.264808
-0.005737
0.003662
0.290076
-0.001709
-0.008789
0.147157
0.003174
0.005127
0.100287
0.132686
0.141593
0.035398
0.019409
0.077253
0.362550
0.011353
0.944751
0.382353
1.342995
0.871508
1.206790
0.810897
1.051903
0.731118
0.707463
0.085106
-0.018311
0.005981
0.008545
0.113990
0.008789
0.125800
0.010169
-0.006348
0.002197
0.003662
0.002563
-0.007324
-0.013672
0.012695
0.280255
0.123810
0.097656
0.424779
0.006348
0.190184
0.597315
1.715909
0.711806
0.546917
0.472050
0.886700
0.509615
0.239130
0.049046
-0.012939
0.052910
0.023364
0.000000
-0.001953
-0.010132
0.298387
0.011696
-0.003540
-0.001465
0.000000
-0.006592
0.049096
0.120235
0.012573
0.002075
0.175074
0.344130
0.297727
0.943452
0.920000
0.745856
0.379455
0.553241
0.325635
0.362573
0.010498
0.245283
0.144444
0.053908
0.168279
0.082988
-0.005127
0.002441
0.129944
0.196507
0.292763
-0.000854
0.136508
0.004028
0.010376
0.303665
0.006557
0.006410
0.217252
0.311377
0.682759
1.545098
1.204633
1.139394
0.687050
0.638587
0.458955
0.529954
0.005249
0.008301
0.023952
0.014925
-0.001709
0.139313
-0.002930
0.046296
-0.005615
-0.002563
0.000732
-0.003174
0.006348
0.080745
0.150502
0.006470
0.132075
0.248521
0.176119
0.683544
1.079772
0.978261
0.836478
0.514423
0.538182
0.204819
0.151703
0.072464
0.007202
0.087336
0.209040
0.422951
-0.007812
-0.011597
0.137427
0.013672
0.014404
0.003052
0.167883
0.001099
0.003540
0.007446
0.003662
0.004150
0.234201
-0.005737
0.500000
0.614907
0.684455
0.704403
0.469208
0.265861
1.007273
0.190255
0.636964
0.175097
0.030220
0.003367
0.072187
0.010010
0.118609
-0.007690
0.074803
-0.006348
-0.004883
0.322835
0.142458
0.174312
0.012085
-0.005981
0.013306
0.029940
-0.001587
0.059850
0.093596
1.356481
0.734483
0.289189
0.349030
0.769716
0.484848
0.204473
0.195584
0.338667
0.035176
0.146974
-0.005005
-0.005249
0.121827
0.007324
0.128641
0.003052
-0.010376
-0.004150
0.038071
0.004272
0.007690
0.246667
0.068493
0.145669
0.204969
0.523077
1.008955
1.519553
0.954357
0.696246
0.335526
0.754513
0.005348
-0.001953
0.016949
-0.002441
0.007853
0.004150
0.338462
0.004883
0.091977
0.003906
0.184615
0.135135
0.179551
0.165049
0.184416
0.003174
0.160883
0.167364
0.253521
-0.005249
0.241270
0.439320
0.753886
1.251773
1.261765
0.713311
0.849558
0.442982
0.001343
-0.003540
0.010864
-0.001709
0.109948
-0.003052
0.004395
0.236908
0.006104
0.175403
-0.000122
0.002808
0.157143
0.015869
0.335570
0.275081
0.340426
0.070988
0.105105
0.139013
0.584967
0.796562
0.804965
0.306189
1.558333
1.358289
0.487719
0.415865
0.291480
0.116022
0.000854
-0.000732
0.095455
0.652778
-0.006104
0.418398
0.097143
0.147887
-0.004883
0.019043
0.200913
0.298113
-0.011597
-0.008789
0.037037
-0.003296
0.001343
0.563422
1.067616
1.584112
1.902062
1.650442
0.856667
1.067524
0.576642
0.297450
0.005005
0.008057
-0.005859
0.005371
0.121372
0.423256
-0.004150
0.171285
-0.001343
0.002563
0.004028
0.154430
0.234375
-0.002563
0.003135
0.541528
0.166023
0.008545
0.856031
0.575521
0.876106
0.760116
1.231373
0.475570
0.789790
0.868217
0.063953
-0.018066
-0.017944
0.014526
0.257880
0.052265
0.015528
0.005005
-0.020630
0.001831
0.051282
0.002563
0.007446
0.186047
0.009155
0.026549
-0.001587
0.017544
-0.010498
0.222857
0.282443
0.901899
1.625442
0.847887
0.789655
0.552198
0.211538
0.032967
0.354098
0.110294
0.289062
-0.000610
0.005737
0.004883
-0.011597
0.222615
0.010864
0.004651
0.021898
0.180000
0.073107
0.042705
-0.007935
-0.002930
0.405172
0.169054
0.549865
0.041096
0.270531
0.975369
1.392996
1.286501
0.623711
0.603053
0.253247
0.414384
-0.017944
-0.000854
0.223881
0.005859
-0.002197
-0.010132
0.010000
0.095070
-0.007324
0.012077
0.003296
0.161458
0.096692
0.197761
0.056410
0.324818
0.007568
0.113573
0.044025
0.528090
0.926407
0.784257
2.314721
1.485531
0.982857
0.875862
0.467290
0.115493
0.002808
-0.004639
0.355049
0.010620
0.001709
0.375000
0.006348
0.013550
0.295374
-0.005493
0.001709
0.046980
0.130705
0.007446
-0.000000
0.003906
0.003784
0.379781
0.008824
0.188841
0.791781
1.666667
1.259794
1.064073
0.961456
0.290954
0.618132
0.204819
0.253769
-0.001221
0.158513
-0.017090
0.017212
0.118132
0.182648
0.067839
-0.002197
0.023256
0.164592
0.005249
0.023495
0.008789
0.208081
0.217899
0.006714
0.007812
0.145025
0.113122
0.279379
0.683468
0.661905
0.447619
0.563107
0.194779
0.175983
0.005615
0.000000
0.026930
0.116279
0.007812
0.013722
-0.004272
-0.001587
-0.001953
0.205556
0.106169
0.084034
-0.004761
0.004028
0.116740
-0.010376
0.126087
-0.000488
0.029536
0.131349
0.050360
0.182711
0.001221
-0.005127
0.100196
0.219959
-0.001709
0.152866
0.417021
0.190583
0.156040
0.062500
0.173828
0.254206
0.029412
0.046632
0.221640
0.005435
-0.006226
0.055138
0.100763
0.259259
-0.003418
0.004395
0.030534
0.277344
0.224638
0.364621
0.070707
-0.000488
0.004878
0.012939
-0.000244
0.003906
0.192220
-0.000000
0.004883
0.031169
0.108597
0.175711
0.164619
0.002686
-0.001343
0.010620
0.181592
0.116972
0.091324
0.099359
0.327138
0.260274
0.085642
-0.004028
0.215190
-0.008057
0.000488
0.453125
0.000610
0.003906
0.140957
-0.009888
0.250000
-0.004272
-0.010864
0.004395
0.008057
0.139860
0.509294
0.004761
-0.006714
0.059633
0.119658
0.012085
-0.003784
0.122283
0.009888
0.032680
0.004272
0.103627
-0.007568
-0.000122
0.006470
0.331104
0.116915
0.060606
0.219219
0.561404
-0.002197
0.325103
0.003052
0.000122
0.025478
0.075529
0.003540
0.129151
0.203540
0.149091
-0.014893
0.027548
0.202586
0.095238
0.066852
0.306122
0.018568
0.080868
-0.004150
0.003784
0.237143
0.243169
0.000488
0.316418
0.086275
0.050420
0.481884
0.009368
0.118497
0.014038
0.049724
0.002686
0.105485
0.147583
0.348958
0.625698
0.287449
0.009644
0.004761
0.125382
0.193548
0.119298
0.049180
0.203030
0.113872
0.219373
-0.008911
0.014957
0.001343
0.317221
0.175676
0.474227
0.212000
0.024590
0.064000
0.065625
0.020202
0.230519
0.388112
0.895425
0.260073
-0.002808
0.226708
0.284916
0.151603
0.001709
0.002959
0.098266
0.001099
0.008789
0.005371
-0.001343
-0.011353
0.086106
-0.000610
-0.001343
-0.003174
0.203762
0.353571
0.805461
1.063694
0.392442
0.664151
0.195556
0.005249
0.094851
0.344482
0.186380
0.275510
0.289398
0.279006
0.259770
0.468647
0.382263
0.179688
-0.000977
-0.003540
0.164223
0.216561
0.159363
0.004639
0.008423
-0.002319
0.032110
-0.006958
0.000244
0.386525
0.779412
1.432000
1.672794
0.932749
1.008929
1.157729
0.493473
0.693820
0.824713
0.721362
0.707483
0.762215
1.804196
1.237569
0.113300
0.067532
0.007080
0.030100
-0.010498
0.146580
0.058824
0.003540
0.113323
-0.004517
0.225806
-0.005737
0.026247
-0.009521
0.796610
1.285714
1.134454
1.170543
1.152941
1.287234
1.242215
1.615108
1.270186
1.023121
1.453333
1.156069
1.323333
1.144608
0.766749
0.514085
-0.000732
-0.001099
0.001465
0.007080
0.005859
0.007812
0.066667
-0.010864
0.025641
0.019165
0.687023
0.308411
0.723183
0.865854
1.162242
1.109215
0.578059
1.344569
0.922857
0.987775
0.952862
1.065854
1.949367
1.045249
2.423237
1.370757
2.428571
0.814465
0.291829
0.051771
-0.010620
0.091483
0.306667
0.095491
0.018799
0.011230
0.487179
-0.009521
-0.004761
0.007092
0.568878
0.554017
0.911392
0.144509
1.044715
0.556164
0.594388
0.601124
0.412752
0.755245
1.543307
0.692308
1.593168
1.963415
1.892442
0.838488
0.002686
0.224806
0.014893
-0.000977
0.000488
0.001343
0.010204
0.222707
0.125382
0.156863
-0.005127
0.006714
0.111111
0.001465
0.386091
0.216285
0.218487
0.358974
-0.004028
0.131105
0.107527
0.491176
0.873418
1.310345
1.503125
1.225728
1.073746
0.381481
0.088571
0.114114
0.025352
-0.011597
0.003662
0.056872
0.145488
-0.001953
0.018868
0.086835
0.001709
0.090909
0.242038
0.538745
-0.005493
-0.002930
0.547511
0.197436
0.153509
0.052632
0.235632
0.195122
0.610759
1.039755
3.548193
1.185996
0.708229
0.548043
0.005493
-0.001465
0.010010
-0.001709
0.001709
0.204545
0.014989
0.040404
0.002563
-0.015869
0.178571
0.315789
0.355191
0.033898
0.076923
0.497238
0.417178
0.303318
0.009050
-0.009277
0.006390
-0.000610
1.120833
1.286174
1.307042
1.574380
-0.004272
0.359848
-0.009766
-0.001831
0.143852
0.097500
0.002197
0.182254
0.003296
0.117647
0.138889
0.324444
0.192488
0.136232
0.245690
0.111475
-0.001099
0.009868
0.014771
0.351515
-0.014160
0.274194
0.240000
0.493917
0.989390
1.683007
1.265193
1.153846
0.546419
0.010376
0.000610
0.147849
0.002563
-0.004761
-0.002075
-0.006958
0.049669
-0.002075
0.039877
0.351852
-0.008789
0.005859
0.117857
0.219048
0.084541
0.018229
0.004272
0.128272
-0.003662
0.112948
0.116719
1.118721
2.034632
1.581818
1.194444
0.102941
0.004272
0.011963
0.009644
-0.002197
0.002075
0.072464
0.246479
0.175439
0.002197
0.072414
0.319444
0.000244
0.100977
0.134328
0.067114
0.177966
0.037801
0.009277
-0.009766
-0.003906
0.008179
0.319444
0.252941
0.761446
1.386628
2.677966
0.371921
0.343284
0.070796
0.012451
0.144476
0.258398
-0.006104
-0.001465
0.414286
-0.005737
0.033871
0.005859
0.007080
0.156109
0.002538
0.130841
0.294393
0.017456
0.027586
-0.017700
0.019048
0.003540
0.007080
0.154286
0.508197
1.106707
1.665653
1.465608
0.049808
0.026936
-0.013184
0.177632
0.035587
0.070288
0.430421
0.233766
0.144970
-0.016968
0.093333
0.007952
-0.008423
0.158621
0.029520
0.015259
0.006263
0.392857
0.001953
-0.009644
0.121813
-0.011841
0.096085
0.562667
1.388724
1.721649
1.951220
0.615176
-0.010864
0.174377
0.001831
0.153409
-0.001343
0.002930
0.193103
0.003174
-0.005249
0.007690
0.077586
0.038655
0.049336
0.002808
0.005981
-0.010742
-0.000244
0.361111
0.004272
0.235294
0.101754
0.079585
0.304795
2.297753
1.747875
1.156250
0.968481
0.326019
0.007202
0.096317
-0.011475
0.064615
0.001343
0.476190
-0.008667
-0.020264
0.028902
0.200000
0.165789
0.131528
0.412921
0.096692
0.123675
0.068966
-0.008667
0.347541
0.048583
0.233607
0.014038
-0.000244
0.568421
1.533141
1.179272
2.045283
0.537838
0.292479
0.003540
0.015991
0.020874
0.009766
-0.017700
0.084615
0.006897
0.008423
-0.019043
0.018349
0.005859
-0.010986
-0.000000
0.006958
0.126464
0.001343
0.661376
0.013405
-0.006958
0.008545
0.012939
0.810651
1.531469
1.540984
2.324627
0.955782
0.736111
0.015747
0.002686
0.118987
-0.007324
-0.004028
-0.000610
0.004272
0.409962
0.002686
0.009888
0.005127
-0.012573
0.066986
0.003662
-0.003784
0.011353
-0.007690
0.384956
0.252475
0.471366
0.249201
0.237113
1.164912
1.576023
2.268722
0.967667
0.739726
-0.011841
0.035019
-0.013794
0.000122
-0.006958
1.118280
0.014837
0.098901
0.211864
0.001587
0.007812
-0.005005
0.005127
-0.001221
-0.008911
-0.005249
0.001709
0.070922
-0.012939
-0.000977
0.223796
0.235294
0.543307
1.093750
1.962145
2.175182
0.463476
0.461290
-0.005737
0.015625
0.009277
0.149502
0.232484
0.061765
0.041322
0.010254
0.092920
0.141869
0.438298
-0.006348
0.025316
0.000122
0.099757
-0.005127
0.258389
0.405751
-0.015259
0.566038
0.011841
0.274286
1.578947
1.356568
2.208955
1.368852
0.860068
0.262673
-0.003784
-0.006348
-0.005981
0.337580
0.257396
0.346386
0.012618
-0.006226
-0.019165
-0.004395
-0.008301
0.002075
0.055556
0.185118
0.232099
0.000000
-0.000854
0.006714
-0.000977
0.375000
0.012939
0.395639
1.504425
1.648485
2.033445
1.146953
0.432584
0.002930
0.010498
0.012573
-0.006226
-0.001587
0.127273
0.261905
0.172702
0.012315
0.200000
-0.006836
0.015259
0.244253
0.008130
0.095918
-0.008057
0.000610
0.155807
0.297927
0.246459
0.000000
0.131528
0.033079
1.143662
1.272727
0.995110
0.806897
0.348485
0.243437
-0.013062
0.224432
0.108187
0.209567
0.332298
0.008667
0.080717
0.129577
0.041026
-0.006226
0.095355
0.107527
0.002930
0.014771
-0.009399
0.057725
0.010620
0.031308
0.395197
0.240838
0.092213
0.220930
0.644444
0.869663
0.596364
0.436620
-0.000610
0.007690
-0.009888
0.085417
0.063966
-0.023071
0.052980
0.019531
0.003174
0.006470
0.078471
0.055249
0.059846
0.040564
-0.010742
0.056209
0.280245
0.153209
0.009766
0.015528
0.076167
0.017110
0.133700
-0.011841
0.105809
0.133333
0.030435
0.058824
-0.012207
0.136201
-0.005005
-0.002075
0.005371
0.036364
0.143396
0.072527
0.069027
0.159737
0.305623
0.124561
0.226950
0.010376
0.101220
0.251156
0.092742
0.085294
0.178241
0.444737
0.000366
0.001343
0.143868
0.052104
0.008301
0.004395
0.588957
0.007937
0.063545
0.054124
0.204142
0.256705
0.064286
-0.001831
0.006836
0.015707
-0.005249
0.003662
0.108911
0.103704
-0.002197
0.096078
0.199616
0.093686
0.159884
0.009888
0.007519
0.043796
0.002075
0.315018
0.004902
-0.003052
0.010742
0.004883
0.057789
0.134409
0.343234
-0.018555
0.000732
0.179710
-0.000854
0.033557
-0.000610
0.107759
0.216667
0.314815
0.195062
0.023026
0.003662
0.158508
0.156425
0.241611
0.181818
0.011475
0.046341
0.008057
0.071895
0.257485
0.004150
0.077519
0.060714
0.087097
-0.002563
0.245000
-0.005493
0.004639
0.337607
0.023936
0.433566
0.208437
0.007491
0.126374
0.011230
0.003356
-0.007935
0.281046
0.000000
0.008043
0.100000
0.072000
0.002686
-0.003540
0.104278
0.007324
0.009766
0.370629
0.177994
-0.000488
-0.000732
0.171875
-0.001465
0.135762
0.001465
0.228205
0.044304
0.291339
-0.006226
0.002808
0.148876
0.438776
0.206612
0.127358
0.003418
0.005371
0.082707
0.195312
0.000244
0.236434
-0.002441
-0.001709
-0.005615
0.285714
0.013453
0.001831
0.006348
-0.005371
0.011719
0.006993
0.006592
0.100304
0.035714
0.232092
0.171429
0.309701
-0.000244
0.003784
0.092732
0.007080
0.240143
0.024465
0.009033
0.061983
0.306338
0.246753
0.291755
0.005493
0.334426
0.218487
0.366460
0.226852
0.919643
0.004150
-0.000488
-0.006714
-0.007935
-0.004517
-0.004395
0.004761
0.002319
-0.004395
0.000854
0.041667
0.004517
-0.004639
0.151203
0.176259
0.164634
0.166113
0.161290
0.233645
0.725118
-0.005737
0.147335
0.207836
0.081967
-0.002319
-0.002686
0.753363
0.005493
-0.008423
0.130536
0.273399
0.416438
0.092437
0.088816
-0.011108
0.004150
-0.004639
-0.004150
0.000000
0.002686
-0.006104
0.000488
-0.007568
0.500000
0.409091
-0.001587
0.164835
0.082596
0.174377
0.125442
0.198569
0.101190
0.007812
-0.004761
0.111413
0.194139
0.336420
0.471429
1.139130
1.244898
0.964809
0.361039
0.943662
0.647239
0.437653
0.145946
0.311905
0.536680
-0.014771
0.023102
0.338308
0.600719
0.473418
0.116923
0.000244
0.039813
-0.001831
0.046693
-0.004517
0.500000
0.008179
-0.013306
0.500000
0.638796
0.481172
0.826923
1.385350
1.488372
1.004808
1.053797
0.818182
1.175439
1.586498
1.251799
1.229730
0.745098
0.392216
0.143357
0.509804
0.788804
0.598886
0.338501
-0.009888
-0.000366
0.409524
0.151515
-0.001587
0.279545
0.138889
0.455026
0.347639
1.071698
0.794788
1.224138
0.947368
1.227612
2.114583
0.916049
1.208904
1.130000
0.787791
1.679181
1.402685
0.779859
0.841060
0.604423
0.912548
1.398860
1.237374
0.501818
-0.002563
0.178478
0.008911
0.206767
0.007446
0.526515
0.258786
0.119186
0.125874
0.173585
0.466321
0.105392
0.065169
0.464191
0.751092
1.039062
1.043825
0.921053
1.599078
1.195335
0.635569
0.179426
0.348066
2.285714
1.386760
1.940741
0.736573
0.012573
0.238372
0.011719
-0.003418
0.077551
0.201786
0.004651
0.093645
0.037500
0.210256
0.143820
-0.009033
0.037931
0.230539
-0.009521
0.398148
0.054711
0.676667
0.741135
0.428986
0.668790
0.113565
0.002808
-0.003540
1.022581
1.862745
1.228571
0.128676
0.223433
0.001831
0.140845
0.197059
0.004517
-0.011353
-0.001221
0.135484
-0.000854
0.003540
0.244444
0.192982
-0.017700
0.235507
0.101770
0.070455
-0.003174
0.310638
0.198083
0.039088
0.281768
-0.019897
0.010498
0.578571
1.156695
1.980159
1.282158
0.348534
-0.004517
0.086705
0.202279
0.194631
0.000000
-0.005615
0.292818
0.006714
0.001465
0.122186
0.001831
0.269091
0.492683
0.111782
0.092179
0.013062
0.206983
0.308333
0.105392
0.103139
0.077151
0.015381
0.258687
0.978528
1.512748
1.058355
0.375862
0.182432
0.126154
0.175532
0.205128
0.004395
0.020142
0.013184
-0.001831
0.039514
0.470046
0.083004
0.688976
0.008301
0.000000
0.565359
0.343891
0.004484
0.116935
0.083612
0.011494
0.006470
-0.016846
0.008789
0.996721
3.573529
1.631579
0.892617
0.528384
0.063830
0.266667
0.030405
0.005737
0.043933
0.114232
0.225225
0.109244
0.183158
0.222826
0.010010
-0.002075
0.405797
0.114144
0.085174
0.130102
0.003174
0.138643
0.006836
0.167832
-0.000366
0.006836
0.009644
1.307692
0.907658
1.003759
0.034667
0.145455
0.011050
0.229236
0.208824
0.006226
0.397933
-0.001465
0.148837
0.004883
0.347826
0.144828
-0.008057
0.192727
0.364807
-0.006958
0.502092
0.020270
0.236152
0.007557
0.140625
-0.009033
-0.005737
0.247557
0.455526
1.383275
0.979827
0.895238
0.217742
0.504545
0.000244
-0.005859
-0.019531
-0.004639
-0.007812
0.239837
-0.002197
-0.003784
-0.006226
0.477778
0.000244
-0.002563
0.134328
0.162544
0.335484
0.007324
0.368159
0.004272
0.005981
-0.008911
0.001099
0.918367
1.065274
1.182819
1.375000
0.182796
0.025714
0.016479
0.348442
-0.008667
0.106464
0.103226
0.013129
0.000732
0.154229
0.917266
0.217703
0.117647
0.045872
-0.001587
0.114198
0.394052
0.018382
0.273504
-0.001099
-0.003662
0.000610
-0.005127
-0.000244
0.924915
1.256351
1.326984
0.506250
-0.004150
0.072423
-0.001709
0.171779
0.355401
0.011230
0.005859
-0.004395
0.050228
0.000366
0.059016
0.059091
-0.008179
0.200627
0.002667
0.158333
0.192182
0.120996
0.012563
0.206897
0.001709
-0.000977
0.006348
0.908745
1.825397
0.962145
1.365759
0.227642
0.005127
0.113695
0.267176
0.008667
0.453390
0.133333
0.002930
0.189119
0.286445
0.158491
0.102941
0.362025
0.009399
0.476712
0.078176
-0.007568
0.000366
0.074074
-0.008911
-0.002319
-0.006592
0.005981
0.177632
1.148148
1.311881
1.817869
0.353191
-0.002930
0.546512
0.182857
0.728324
0.429508
0.010864
0.043127
0.010376
0.215103
0.184416
0.043290
0.209756
0.001343
0.045082
0.426593
0.442688
0.397321
0.050209
0.180212
0.187805
-0.011597
0.000488
-0.001343
0.344615
1.804878
1.150160
0.482270
0.228916
0.057692
0.483696
0.253472
0.005249
0.008057
0.044776
0.075581
-0.002808
0.202247
0.045627
-0.014160
0.254799
0.004883
0.016357
-0.005005
0.002563
0.016787
0.008423
-0.003296
0.074586
-0.007446
0.002319
0.503247
1.038997
1.424920
0.772436
0.117647
0.410494
0.002197
0.036842
0.098802
0.349206
0.000854
0.223214
0.086538
0.134518
-0.005371
-0.001221
0.006104
0.109785
0.222603
-0.000366
0.188329
0.047980
0.176755
0.014404
0.011730
0.045161
0.011108
0.009521
0.997175
1.199446
1.837719
0.973941
0.008667
0.102273
0.051282
0.203509
0.070136
0.007446
0.003662
0.300562
0.352941
0.191375
0.083799
0.018182
0.001587
0.130319
0.684211
0.028881
0.007324
0.423237
-0.001099
0.185268
0.400966
-0.010742
0.394231
0.506394
1.403727
2.512295
1.996491
0.715789
-0.001587
0.293605
0.225705
0.100917
0.155932
0.194175
0.164948
0.072727
0.027875
-0.003784
-0.002930
-0.009521
0.209343
0.193359
0.008423
0.044496
-0.004395
0.280182
0.193995
0.259912
0.006470
0.250000
0.530303
1.447761
1.808399
1.523810
1.018277
0.362832
0.004761
0.005981
0.043678
0.083832
-0.004150
-0.005127
0.032338
0.002441
0.310249
0.540909
0.378486
-0.009644
0.045113
0.081006
0.027254
-0.015747
0.045662
0.002319
0.025253
0.004272
0.164583
0.601293
0.836364
1.122066
0.865882
0.842912
0.301741
0.411058
0.273642
-0.004272
0.155963
0.012085
0.132296
0.083857
0.081937
0.219570
0.093607
0.155819
0.039326
0.149378
0.083671
0.074516
0.026718
0.155022
0.004150
0.022095
0.067669
0.074148
0.000122
0.092958
0.010376
-0.000244
0.307167
0.110599
0.081749
0.061033
0.039683
0.143154
0.001709
-0.020386
-0.003174
0.049618
0.074713
0.099831
0.004883
-0.003296
0.005005
0.000122
0.062290
0.005737
0.033970
0.004883
0.011475
0.002439
0.077519
-0.001343
0.037123
0.007446
-0.003418
-0.002930
-0.010742
0.107143
-0.003418
0.030952
0.001099
0.002441
-0.000000
0.092275
0.067901
0.004395
0.097792
0.187683
0.292135
0.296482
0.003052
0.049917
0.137525
0.241379
0.006714
0.071839
0.000122
0.005981
0.324219
0.006104
0.000732
0.044164
0.093248
0.000366
-0.004639
0.258555
-0.008301
0.005981
0.078759
0.003052
0.245070
-0.007812
0.077703
-0.012085
-0.005981
0.239130
0.008179
-0.008545
0.000244
0.196970
0.055556
0.064593
0.011364
0.252252
0.123153
0.009277
-0.010010
0.077434
0.261614
-0.004761
-0.007324
0.046053
0.003418
0.045977
0.159420
0.156069
0.056604
0.394649
0.017964
0.004883
0.178161
0.135714
0.032468
0.006714
-0.005615
0.029412
0.242038
0.032761
0.002319
0.291469
0.072776
-0.000610
0.012451
0.003662
0.018555
-0.004395
0.152074
-0.018921
0.242308
-0.002075
-0.000610
-0.001221
0.297521
0.090000
0.013986
-0.006470
0.140244
0.046980
0.004761
0.318043
0.315412
0.188571
0.036630
0.048165
0.171795
0.064457
0.092715
-0.009888
0.030220
0.386139
-0.000977
0.007324
-0.001953
-0.013184
0.017090
0.084211
-0.007202
0.125000
0.010742
0.085714
0.003185
0.007568
0.223776
-0.008423
-0.006104
0.116766
0.384615
-0.015747
-0.008667
0.005981
0.002808
0.077670
0.010864
0.070565
0.037975
0.191721
0.047809
0.142433
0.117284
0.001953
0.002686
0.005005
-0.000977
-0.004150
0.000732
-0.010498
0.001099
-0.005249
0.006836
0.003784
0.003052
-0.007812
0.005005
-0.002319
0.160858
-0.002563
0.396154
0.002075
0.017822
-0.004883
-0.015747
0.203661
0.171134
0.046798
-0.012695
0.303704
0.526829
0.009524
0.029126
0.162162
0.133333
0.322404
-0.002686
0.001099
-0.008545
-0.009277
-0.006714
0.003784
0.005005
0.003418
-0.001709
0.007812
0.009766
0.005249
0.005615
0.003662
0.011963
0.143369
0.110870
-0.008179
0.100548
0.007202
-0.001953
0.055679
0.593220
0.540984
0.889655
1.161871
1.223443
0.544643
0.535714
0.676190
0.389356
0.282258
0.081006
0.646377
0.209559
0.286783
0.087071
0.006836
0.012451
0.074689
0.033079
0.353814
0.002686
0.261128
-0.004028
0.119691
-0.006470
0.015244
0.005249
0.009277
0.001953
0.703170
0.832853
0.993151
0.982906
1.242857
1.222222
0.880886
1.432886
1.621359
1.722034
0.955335
1.593651
0.735981
1.131579
0.353333
0.170139
0.445344
0.297297
-0.007324
0.032448
0.186567
0.331536
0.039604
0.004639
0.002319
0.093960
0.172932
0.074766
0.005981
0.010132
0.377289
-0.004272
0.280423
0.096677
0.555233
0.789668
0.564384
0.766667
0.629091
0.893048
0.490765
0.468553
0.348718
0.271341
0.155313
-0.012817
0.015666
0.001709
-0.002441
-0.006836
0.032015
0.090734
0.082126
0.164678
-0.010864
0.006592
0.011597
0.009644
0.206780
-0.018188
-0.002197
-0.004272
0.003784
0.044271
-0.009888
0.001099
0.002319
0.009434
0.010010
0.141732
0.213213
-0.000610
0.098182
0.280992
0.126623
0.167273
-0.005859
0.118908
0.078358
0.006348
0.062305
-0.000366
0.415094
0.177632
0.178462
0.065116
0.001587
0.008667
0.007812
0.003662
0.005737
0.259786
0.071053
0.192771
-0.008301
0.089710
0.245791
0.332298
0.060060
0.230126
0.008789
0.005371
-0.000488
0.083770
0.006348
-0.000732
-0.001953
0.003418
0.123626
0.007568
0.002563
0.417722
0.027174
0.043333
0.116883
0.016260
-0.001221
0.231343
0.380090
0.012451
0.001709
0.010132
-0.006714
0.013793
0.006714
0.740260
0.258974
0.108312
-0.008423
-0.011108
0.000000
0.039755
0.003052
0.100529
-0.005493
0.012963
0.259036
0.073801
0.161049
0.315068
0.230216
0.005249
-0.003662
0.285303
0.074349
0.188889
0.001709
-0.011719
0.013794
0.050209
0.221687
0.304348
0.300699
0.789474
0.720497
0.288136
0.132404
0.020142
0.235099
0.032362
-0.001953
0.002930
-0.003174
0.109195
-0.008179
0.024590
0.153846
0.000000
0.220708
0.005127
0.005981
-0.001953
-0.006836
0.006270
0.038567
-0.001953
0.102484
0.169935
0.427326
0.423077
0.482955
0.390710
0.347339
0.007324
0.013736
0.052632
0.001465
0.079320
0.310811
0.005371
0.001831
-0.002930
-0.000000
0.006470
0.038023
0.002075
0.013428
0.077151
-0.004028
-0.007324
0.147493
-0.008057
0.002686
0.003623
0.007935
0.227612
-0.004272
0.156863
0.307692
-0.003052
0.017467
0.160207
0.309783
0.020101
0.210145
-0.017456
0.253906
0.135447
0.170213
-0.002930
-0.003418
-0.012573
-0.005737
0.006104
0.089674
-0.009521
0.012817
0.335312
0.275449
0.585859
-0.001709
0.019897
-0.001221
-0.002441
0.959799
0.455738
0.608309
-0.013062
0.014771
0.004272
-0.005859
0.033505
-0.007446
0.003662
0.008547
0.083333
-0.000488
-0.004150
0.008789
-0.003296
-0.013428
-0.001587
-0.005981
0.002686
0.361486
-0.006226
0.014160
0.092784
0.009033
0.011963
-0.000122
0.015991
0.326923
0.188060
0.452055
0.193966
0.146667
0.107492
0.184116
0.004150
0.007446
0.212617
0.007812
0.005859
0.100410
0.042793
-0.018677
0.088608
0.222222
0.364286
0.001831
0.287770
0.054217
0.012207
0.071161
0.381944
0.260638
-0.004761
0.326772
0.444444
0.287540
0.158730
0.029730
0.006714
0.005249
-0.001343
0.132432
0.012207
-0.011719
0.001587
0.009888
0.061571
-0.008301
0.036969
0.282474
-0.009521
0.108434
0.047980
0.012451
-0.001099
0.230108
0.009521
0.185811
0.114894
0.000000
0.060811
0.283871
0.761317
0.053191
0.372822
-0.003662
0.067901
-0.009033
0.033435
0.031414
-0.005981
-0.004517
0.129870
0.004150
0.180328
0.137500
-0.013062
0.005737
-0.004761
0.085308
0.264615
0.112745
0.000000
0.122549
0.063091
-0.004883
0.584958
0.165493
0.339286
0.545852
0.860963
0.183976
0.004761
0.121951
0.011230
-0.006714
-0.010010
0.007324
0.006714
-0.014648
0.178914
0.009836
0.000366
-0.012451
0.003831
0.178022
0.223529
-0.001099
0.010986
-0.007324
0.052174
0.006714
0.006348
-0.002319
0.227799
0.109510
0.316327
0.777174
0.566845
-0.022095
0.006961
-0.015015
0.000244
0.011597
0.004517
0.004639
0.416667
0.007324
0.009888
0.109375
-0.004150
0.266169
-0.013062
0.206081
0.006470
0.033520
0.371324
0.305147
0.169184
-0.016602
0.042969
0.153439
0.393651
0.317152
0.187702
0.354949
-0.016357
-0.010620
0.042929
0.012939
0.019653
0.005464
0.002441
0.031496
0.336634
0.097686
0.132768
0.247012
0.164740
0.009404
0.049908
0.003906
0.006348
0.142442
0.130293
0.063584
-0.002563
0.048077
0.083333
0.428571
0.395683
0.320000
-0.001343
-0.012451
0.061765
0.102041
0.002686
0.028249
0.005859
0.159091
-0.003662
0.087912
0.102151
0.014778
0.056886
0.027190
0.005371
0.124498
0.002686
0.003784
-0.004639
0.109325
0.092466
0.415789
0.185065
0.200772
0.731707
0.490814
1.477273
0.748092
0.816940
0.713311
-0.006714
0.204545
0.010864
0.608392
0.000000
-0.011841
0.625000
0.040816
0.135965
0.091691
0.010830
0.001465
0.041209
-0.003052
0.083650
0.063981
0.245161
0.192513
0.008545
0.006226
0.098305
0.023041
0.007568
0.169197
0.868687
0.715347
0.435146
0.040248
0.003540
0.015038
0.017500
0.118687
0.068571
0.113433
0.068966
0.003296
-0.003784
0.040089
0.333333
-0.009766
-0.008301
0.143351
0.103785
0.040248
0.002319
-0.007202
0.010132
-0.004272
-0.012329
0.077617
0.007935
0.257019
0.552846
0.170132
0.227626
-0.002686
0.005127
0.009888
0.046154
0.067093
0.058140
0.094891
-0.008301
-0.010620
0.027422
0.090750
0.102431
0.083164
0.096601
0.000000
