-0.090942
-0.053833
-0.191772
-0.214722
-0.130371
-0.011597
-0.058594
-0.012573
-0.188477
-0.088135
-0.068604
-0.205444
0.009399
-0.196533
-0.210083
0.169067
-0.181641
0.013306
-0.085938
-0.059204
-0.017090
-0.207642
-0.143188
-0.014038
-0.068848
-0.040161
0.217896
-0.004395
0.011108
-0.064209
0.344727
0.201294
-0.014771
0.155762
-0.155518
0.329346
-0.048340
0.100464
-0.087280
-0.095459
0.178345
-0.012207
0.076660
0.016479
-0.006348
-0.124878
-0.072388
-0.262085
-0.003662
-0.184937
0.139038
-0.067017
0.096558
-0.052002
-0.007324
0.234375
0.066162
0.324463
0.347046
0.207153
0.195312
0.088135
0.258911
0.182617
0.011597
0.086060
-0.160278
-0.109253
0.197998
0.155151
-0.084961
-0.212524
0.068604
0.103638
0.183838
-0.234009
0.066895
0.012329
0.209961
0.117554
-0.015381
-0.053589
0.172852
0.284790
0.063721
0.153931
0.138550
0.010132
0.265381
0.226074
-0.245972
0.031982
0.273682
0.138184
0.339844
0.052612
-0.162354
0.136230
0.100830
0.174316
0.166504
0.057495
0.219116
0.218628
0.139282
0.026489
0.318359
0.006836
0.088623
0.196533
0.360596
0.258301
0.079468
-0.037598
-0.147217
0.103027
0.175049
-0.154663
-0.161255
0.008667
-0.038574
-0.088501
-0.140015
-0.265625
0.047485
-0.175781
-0.021240
-0.047607
-0.044067
-0.008423
0.186401
-0.003418
0.183105
0.152588
0.278198
0.024292
0.024048
0.168701
0.263916
0.154541
-0.087769
0.181519
-0.072632
-0.200684
0.162476
0.024048
-0.300781
-0.084351
-0.270874
0.015015
