-0.001709
0.005981
0.002686
-0.018433
0.002319
0.003540
0.004028
0.008057
0.007080
-0.003906
-0.000122
-0.013428
0.001587
0.007690
-0.003296
-0.000854
0.002808
-0.009644
0.012695
-0.005737
-0.007324
0.000610
-0.004883
-0.003540
-0.021973
0.001343
0.004883
0.003418
0.010254
0.023438
0.000488
0.007812
-0.012939
-0.003296
-0.007324
-0.008789
0.004272
-0.006104
0.008301
-0.010376
-0.007324
0.004150
-0.007812
-0.014771
0.014404
0.002075
0.003784
0.002441
-0.005127
0.011230
-0.004761
-0.012085
-0.000854
0.008423
0.008057
-0.011230
0.003052
-0.000854
-0.003174
0.004639
0.008423
0.007324
0.007202
0.002563
-0.000977
-0.008545
0.004150
0.006958
0.007080
-0.007080
-0.006714
0.005493
-0.012695
-0.003296
-0.005859
0.005981
0.001221
0.013672
0.004883
-0.008667
-0.002808
0.003296
0.002808
-0.000854
0.005371
0.002197
-0.018066
-0.010620
-0.005737
0.005127
-0.010010
0.010620
0.002197
-0.007812
-0.000732
-0.002563
-0.017700
0.001343
-0.001587
0.007324
0.005981
-0.005615
0.017456
-0.012085
0.002563
-0.011719
-0.006592
0.001587
0.000244
-0.000244
0.006714
-0.020020
0.007690
-0.016113
-0.001099
-0.006104
-0.014160
0.012939
-0.008545
0.001221
-0.007080
0.002563
0.002930
0.008423
-0.006836
0.001709
0.001099
-0.001343
-0.009644
0.005249
0.016357
0.005737
-0.004883
-0.006958
-0.003174
0.003052
-0.006104
0.000732
0.012085
0.001343
-0.002197
-0.000977
-0.006470
-0.011108
-0.008789
0.006470
0.000366
-0.004517
-0.001953
0.001465
0.002563
-0.003662
0.003174
-0.007690
0.003418
0.001221
0.004639
0.012207
-0.009399
-0.008057
0.005737
-0.007690
0.001831
-0.001343
-0.003906
0.001465
0.016602
-0.002197
0.007812
0.001709
-0.006226
-0.011230
0.008057
0.001465
-0.007080
0.005981
-0.008667
0.016357
-0.005859
0.001343
-0.006226
-0.004517
-0.004883
0.005249
-0.002808
0.005981
0.007324
-0.000244
0.003540
0.004883
0.009766
0.002563
0.002075
0.006470
-0.006714
-0.015747
0.005981
-0.009155
-0.005615
-0.008057
-0.004517
0.003418
0.329468
0.723633
0.628052
0.591309
0.218750
0.146851
-0.005737
0.016846
0.005859
-0.009888
0.006836
0.000366
-0.004395
-0.008911
0.001709
-0.000732
-0.005737
0.008667
0.010010
-0.006348
-0.000610
0.006714
-0.006714
0.005127
0.000610
-0.010132
0.007080
-0.005615
0.866577
0.993652
0.992188
0.992676
0.992554
0.942261
0.767090
0.778809
0.774414
0.766968
0.772095
0.777344
0.779663
0.776123
0.669067
0.210693
-0.000977
-0.006714
-0.012207
0.008667
-0.000366
-0.017334
0.005005
-0.007690
-0.013550
-0.001587
0.012085
0.000366
0.261597
0.441895
0.288696
0.432861
0.630737
0.889404
0.990723
0.889404
0.991943
0.992798
0.992432
0.978271
0.891724
0.991943
0.992920
0.545410
0.010864
-0.011230
-0.002930
0.003784
-0.017822
0.002197
0.001343
0.008179
0.002686
-0.011841
0.000244
-0.009888
0.003540
-0.001953
0.009766
-0.003296
0.006226
0.079590
0.258911
0.066284
0.252808
0.272705
0.272217
0.233765
0.086182
0.928101
0.992432
0.406250
-0.009033
0.010864
-0.010620
0.019653
0.025146
-0.000122
-0.005249
0.006226
-0.000488
-0.003418
0.004395
-0.009644
-0.009888
-0.004272
-0.008911
0.002563
-0.001831
0.008301
0.002930
0.005249
0.016968
-0.016113
0.009155
-0.015137
0.327637
0.987915
0.807007
0.059937
0.004150
0.007202
-0.002808
-0.001221
-0.011597
-0.001465
0.004883
0.014282
-0.004761
-0.009399
0.000732
0.020142
0.000732
-0.003296
-0.005371
0.005981
-0.001831
0.001587
0.000610
0.002319
0.000488
-0.007935
0.001831
0.091309
0.909790
0.995117
0.329468
0.010620
0.014526
-0.006470
-0.004883
-0.009033
0.010742
0.008545
0.008911
0.000000
-0.005981
0.003418
-0.001465
-0.008545
-0.008423
-0.001465
-0.000854
-0.007935
-0.010010
-0.000977
0.000122
0.011230
-0.002686
-0.001709
0.000854
0.504761
0.992432
0.932861
0.165283
0.002808
-0.008911
0.013794
0.011353
0.002930
-0.014526
-0.006348
0.023193
-0.001099
-0.006348
0.000610
0.003418
0.000854
-0.009399
0.004272
-0.011108
-0.011963
0.013916
0.020264
0.001465
0.010498
-0.012939
-0.007080
0.224487
0.973999
0.991455
0.236328
-0.005371
0.016479
0.009644
0.001465
0.003052
-0.004517
0.003784
-0.021240
-0.013672
0.000122
0.003662
0.002441
0.002808
0.000977
-0.004761
-0.003784
0.009399
0.002441
-0.005493
-0.001587
0.001221
-0.000488
0.009155
-0.007690
0.521118
0.992920
0.733521
0.021484
-0.017944
0.000610
0.003784
-0.010132
-0.003540
0.000977
0.012817
0.001343
-0.000488
-0.002686
-0.010742
-0.001587
0.009521
0.005493
0.009521
-0.004395
0.007446
-0.012451
0.005737
-0.000610
0.011230
-0.013428
0.000000
0.043701
0.787476
0.969360
0.219727
0.000122
-0.001221
0.018433
-0.013062
-0.005249
-0.000122
-0.003906
-0.006104
-0.006958
-0.002686
0.000977
0.000122
0.011475
-0.008423
0.003052
-0.003418
-0.012451
-0.003540
0.001099
0.008911
-0.000244
-0.009521
-0.000732
-0.006226
0.497681
0.991577
0.706787
-0.000122
0.000977
0.003296
0.005127
0.000977
-0.004028
0.004395
0.014282
-0.004395
0.002441
0.005981
0.006592
-0.002930
-0.005615
-0.012329
0.012207
-0.009033
0.002686
0.003052
0.007690
-0.009033
0.013916
-0.016235
-0.007568
0.295044
0.980835
0.938965
0.235840
-0.003418
0.013428
-0.001953
0.002563
0.007690
-0.003174
-0.008789
-0.006836
0.008423
-0.001221
-0.001221
-0.006714
-0.002686
-0.007935
0.008789
-0.002197
0.013428
0.019531
0.021851
-0.002197
-0.003784
-0.006958
-0.004028
0.056519
0.866089
0.993652
0.648071
-0.002441
0.011108
-0.000610
-0.001709
0.002441
0.006714
-0.002686
-0.007935
0.000488
-0.016235
0.002319
-0.003052
0.002808
0.001953
0.003784
0.011230
0.000977
0.012207
-0.001465
-0.005859
-0.001831
-0.011230
0.000244
0.019409
0.795166
0.989990
0.854248
0.134521
-0.002441
0.004639
-0.003784
0.009155
-0.001343
-0.009155
-0.002563
0.009521
0.002686
0.002930
-0.005493
0.010620
-0.005981
0.000977
0.009033
0.006714
-0.001831
0.008179
-0.014893
-0.001221
-0.003540
0.000732
0.001587
0.152100
0.990112
0.993164
0.310547
-0.000244
-0.006104
0.003052
-0.010864
0.004272
0.000854
0.005859
-0.002686
-0.000488
0.000488
-0.002563
-0.009644
0.009277
-0.016968
-0.014404
-0.000732
0.003540
0.002441
0.005981
0.014648
0.002197
0.010254
-0.003296
0.120483
0.873291
0.992920
0.453613
0.014893
-0.008423
0.013916
-0.009155
0.005859
0.002197
-0.002930
0.002808
-0.009766
-0.013916
0.002197
-0.014771
0.003906
-0.008789
-0.006714
-0.004272
0.001221
-0.004517
0.009766
-0.006348
0.005859
-0.002808
-0.005981
-0.008545
0.521851
0.992798
0.992798
0.205444
-0.001221
0.014038
-0.003418
-0.005371
0.004395
-0.009521
0.006470
0.000000
-0.007202
-0.001465
0.000488
-0.005859
-0.005249
-0.015625
0.006836
-0.002441
0.000977
0.007690
0.002319
0.009888
-0.008423
-0.006104
-0.016357
0.252197
0.944092
0.992798
0.992798
0.192627
-0.003662
-0.003174
-0.001099
-0.012085
0.010620
0.014404
-0.006714
0.007935
-0.009521
-0.004272
-0.001465
-0.003418
-0.002319
-0.013916
0.002075
-0.000244
-0.008667
-0.012085
-0.001709
0.004272
-0.001221
-0.003784
0.010254
0.460693
0.992065
0.992676
0.861206
0.158569
0.009277
0.005249
0.010986
0.005859
-0.000244
0.012329
0.007446
0.002075
-0.001587
-0.001099
-0.008301
0.004150
0.008545
0.010742
0.000732
-0.005981
0.001587
0.003784
-0.004883
0.004028
-0.002075
-0.001831
0.005981
0.478027
0.991821
0.803711
0.070190
0.001587
0.002930
0.013428
0.004517
0.005615
0.000366
-0.020264
-0.000244
0.002319
-0.006592
-0.010864
-0.008423
-0.011353
-0.018188
-0.001587
0.009155
0.010254
-0.007935
-0.006104
0.001709
0.015625
-0.000488
-0.006470
0.006592
0.006714
-0.007324
-0.001099
-0.012573
0.005249
-0.007568
-0.007080
-0.013550
0.012695
0.004150
-0.007812
-0.002808
0.009399
-0.001343
0.014771
0.009277
-0.009033
-0.011597
