0.074313
0.314335
0.345890
0.287356
0.193015
0.146572
0.108787
0.233723
0.089253
0.184466
0.235443
0.373494
0.241935
0.159879
0.166667
0.217507
0.613281
0.213483
0.527523
0.406593
0.003052
0.333333
0.376623
0.168639
0.351648
0.196237
0.268018
0.247059
0.449438
0.252149
0.228228
0.097035
0.325581
0.292479
1.043243
0.355932
0.322086
0.503546
0.371758
0.652361
0.011841
0.197849
0.201299
0.382682
0.082386
0.006348
-0.001831
0.011963
0.007935
0.008911
0.006958
0.011841
0.008423
0.102804
0.073964
0.074661
0.074856
0.271739
0.001831
0.011719
0.002075
0.011108
0.008301
0.003052
0.023560
0.010498
0.014160
0.336182
0.491961
0.158273
0.187621
0.260163
0.224719
0.013550
0.064516
0.010620
0.007446
0.009033
0.009155
0.009399
0.016602
0.578947
0.343195
0.190355
0.233766
0.253589
0.198880
0.320946
0.154079
0.247113
0.248252
0.329700
0.010986
0.004150
0.013889
0.206612
0.391304
0.144554
0.228487
0.469194
0.331683
0.198142
0.210728
0.384840
0.062874
0.006592
0.006714
-0.000488
0.022222
0.184834
0.340102
0.007324
0.337110
0.308511
0.066138
0.453608
0.260223
0.326531
0.016846
0.000488
0.000122
0.075075
0.274390
0.401216
0.120104
0.266497
0.204124
0.486683
0.267717
0.427562
0.123737
0.370518
0.320611
0.002930
0.005371
0.198582
0.642857
0.212209
0.074194
0.224335
0.190283
0.186747
0.087542
0.427762
0.490323
0.100304
0.001709
0.010620
0.130982
0.157343
0.245968
0.471698
0.640351
0.130556
0.087629
0.201780
0.516605
0.090909
0.111455
0.001343
0.015259
0.007568
0.662222
0.218182
0.245614
0.089710
0.423611
0.511111
0.084567
0.360294
0.580153
0.291411
0.014160
0.009399
0.015869
0.337321
0.784387
0.269795
0.109705
0.112805
0.125000
0.298851
0.247241
0.124260
0.397351
0.186851
0.309524
0.014771
0.010620
0.003817
0.184652
0.131367
0.310139
0.475877
0.315789
0.100127
0.064915
0.326531
0.182482
0.178914
0.223614
0.412888
0.157303
0.174757
0.144231
0.094456
0.168279
0.398754
0.035639
0.228130
0.025822
0.232704
0.244000
0.325000
0.251724
0.136000
0.316794
0.298343
0.284746
0.418675
0.082707
0.343478
0.056738
0.073903
0.060831
0.238806
0.549784
0.453947
0.121622
0.083612
0.395349
0.298413
0.043478
0.230519
0.254054
0.357143
0.194805
0.100840
0.173684
0.296569
0.379061
0.001709
0.418239
0.279310
0.066202
0.019287
0.018799
0.024292
0.004639
0.090909
0.082596
0.004598
0.191067
0.457692
0.090909
0.155405
0.753191
1.541284
0.769504
0.783550
0.950820
0.678233
0.851429
0.655678
0.181058
0.239186
0.392857
0.262963
0.165517
0.192420
0.440945
0.491468
1.424837
0.971831
1.007968
0.713755
1.235507
1.265766
0.342205
0.200608
0.124309
0.649057
0.419672
0.197605
0.268293
0.011963
0.495627
0.354839
0.010132
0.543796
1.294314
0.406780
0.183801
0.206522
0.211845
0.584838
0.176656
0.343284
0.344948
0.603922
0.178322
0.020874
0.022284
1.609023
1.550505
0.335013
0.227273
0.156823
0.395280
0.112903
0.318033
0.088146
0.248387
0.500000
0.185811
0.011475
0.869048
1.290000
0.360656
0.304167
0.456522
0.085271
0.112871
0.665179
0.293651
0.254545
0.112299
0.295775
0.007935
0.017944
1.217822
0.912587
0.197531
0.240356
0.201058
0.247525
0.053879
0.019293
0.480969
0.164634
0.059155
0.004395
0.023804
0.792115
1.246006
0.377574
0.682540
0.256173
0.076046
0.181287
0.441176
0.114379
0.341085
0.109215
0.427419
0.008911
0.301961
1.058182
0.836991
0.288538
0.364486
0.360000
0.251064
0.294964
0.103448
0.506726
0.145570
0.032738
0.095238
0.002933
1.089744
1.041009
0.250896
0.175258
0.469388
0.222222
0.264984
0.253550
0.212500
0.444109
0.248744
0.232804
0.104369
0.540000
1.314286
0.618395
0.240741
0.155963
0.238956
0.183274
0.310112
0.150709
0.065603
0.241535
0.290076
0.238095
0.103064
0.129979
0.119332
0.104950
0.157025
0.124060
0.227405
0.053279
0.375000
0.189983
0.176638
0.108911
0.089385
0.013916
0.013428
0.619217
0.372603
0.086093
0.202985
0.177489
0.297203
0.195531
0.149254
0.240331
0.083183
0.076056
0.285714
0.248201
0.177700
0.114187
0.366667
0.219512
0.292517
0.241379
0.313291
0.162921
0.015991
0.271784
0.122353
0.202797
0.397059
0.573770
0.769006
0.416244
0.349823
0.373418
0.282895
0.407821
0.008423
0.208589
0.500000
0.144289
0.285347
0.429395
0.685864
1.783333
2.154472
1.756849
1.755932
1.660584
2.038732
1.850543
0.842391
0.231156
0.121739
0.063953
0.290076
0.147157
0.029126
0.425121
0.857988
1.265683
1.646789
1.883333
1.450980
2.452586
1.051903
0.707463
0.264808
0.113990
0.125800
0.298387
0.011696
0.002563
0.049096
0.280255
0.424779
0.344130
1.715909
0.745856
0.886700
0.509615
0.245283
0.168279
0.139313
0.129944
0.292763
0.136508
0.150502
0.303665
0.248521
1.079772
1.545098
1.139394
0.638587
0.529954
0.209040
0.422951
0.137427
0.014404
0.322835
0.174312
0.013306
0.234201
0.500000
1.356481
0.704403
1.007273
0.636964
0.338667
0.146974
0.121827
0.184615
0.179551
0.184416
0.160883
0.253521
0.241270
1.008955
1.519553
0.849558
0.754513
0.016949
0.109948
0.338462
0.236908
0.175403
0.200913
0.335570
0.340426
0.105105
1.067616
1.902062
1.650442
1.358289
0.415865
0.116022
0.121372
0.652778
0.418398
0.007446
0.234375
0.026549
0.541528
0.856031
1.625442
1.231373
0.789790
0.868217
0.289062
0.257880
0.052265
0.222615
0.051282
0.180000
0.197761
0.405172
0.549865
0.926407
2.314721
1.485531
0.875862
0.414384
0.355049
0.010620
0.375000
0.295374
0.012077
0.130705
0.208081
0.217899
0.379781
0.791781
1.666667
1.064073
0.618132
0.253769
0.158513
0.017212
0.182648
0.205556
0.164592
0.259259
0.116740
0.277344
0.364621
0.182711
0.012939
0.219959
0.192220
0.417021
0.175711
0.254206
0.046632
0.221640
0.099359
0.327138
0.085642
0.331104
0.453125
0.561404
0.325103
0.250000
0.075529
0.139860
0.509294
0.059633
0.202586
0.306122
0.080868
0.014957
0.317221
0.474227
0.212000
0.481884
0.230519
0.895425
0.260073
0.625698
0.287449
0.125382
0.193548
0.203030
0.219373
0.032110
0.203762
0.805461
1.672794
1.008929
1.157729
0.824713
0.721362
1.804196
1.237569
0.179688
0.164223
0.216561
0.113323
0.225806
0.687023
0.796610
1.285714
1.170543
1.344569
1.615108
1.949367
2.423237
2.428571
0.814465
0.051771
0.306667
0.095491
0.487179
0.156863
0.568878
0.911392
1.044715
0.594388
0.601124
1.543307
1.593168
1.963415
0.838488
0.224806
0.003662
0.145488
0.040404
0.178571
0.355191
0.538745
0.547511
0.303318
0.235632
1.120833
3.548193
1.574380
0.548043
0.143852
0.097500
0.204545
0.138889
0.351852
0.245690
0.219048
0.018229
0.351515
0.274194
2.034632
1.683007
1.153846
0.011963
0.147849
0.246479
0.175439
0.319444
0.156109
0.294393
0.177966
0.019048
0.008179
0.508197
1.665653
2.677966
0.343284
0.177632
0.430421
0.414286
0.093333
0.049336
0.158621
0.015259
0.392857
0.235294
0.304795
2.297753
1.951220
0.615176
0.174377
0.153409
0.476190
0.028902
0.200000
0.412921
0.126464
0.661376
0.347541
0.233607
1.531469
2.324627
2.045283
0.292479
0.118987
0.009766
0.409962
0.009888
0.018349
0.066986
0.011353
0.384956
0.471366
0.543307
1.962145
2.268722
0.739726
0.035019
0.232484
1.118280
0.211864
0.438298
0.025316
0.232099
0.258389
0.405751
0.566038
1.578947
2.208955
1.368852
0.262673
0.012573
0.337580
0.346386
0.200000
0.015259
0.244253
0.095918
0.155807
0.395197
0.240838
1.143662
1.272727
0.806897
0.243437
0.224432
0.332298
0.080717
0.129577
0.095355
0.107527
0.280245
0.178241
0.444737
0.143868
0.105809
0.588957
0.063545
0.204142
0.256705
0.143396
0.072527
0.305623
0.226950
0.199616
0.241611
0.046341
0.071895
0.315018
0.077519
0.087097
0.343234
0.337607
0.433566
0.208437
0.216667
0.314815
0.281046
0.158508
0.236434
0.104278
0.285714
0.370629
0.011719
0.171875
0.135762
0.232092
0.309701
0.148876
0.438776
0.127358
0.306338
0.291755
0.334426
0.366460
0.919643
0.130536
0.416438
0.092437
0.004761
0.000854
0.041667
0.151203
0.500000
0.409091
0.725118
0.174377
0.500000
0.008179
0.638796
0.826923
1.488372
1.053797
1.175439
1.586498
1.229730
0.392216
0.788804
0.598886
0.039813
0.409524
0.526515
0.455026
1.071698
1.224138
1.227612
2.114583
1.208904
1.679181
1.402685
2.285714
1.940741
1.237374
0.238372
0.206767
0.201786
0.135484
0.244444
0.192982
0.235507
0.398148
0.741135
0.668790
0.113565
1.156695
1.980159
0.348534
0.202279
0.197059
0.292818
0.470046
0.688976
0.492683
0.565359
0.206983
0.308333
0.103139
0.996721
3.573529
1.058355
0.266667
0.205128
0.114232
0.225225
0.347826
0.192727
0.405797
0.502092
0.236152
0.167832
0.247557
1.383275
1.003759
0.504545
0.229236
0.208824
0.397933
0.917266
0.477778
0.045872
0.394052
0.335484
0.368159
0.005981
0.924915
1.326984
1.375000
0.072423
0.355401
0.106464
0.050228
0.158491
0.362025
0.476712
0.192182
0.120996
0.206897
0.177632
1.825397
1.817869
0.546512
0.728324
0.453390
0.133333
0.286445
0.254799
0.045082
0.442688
0.397321
0.187805
0.002319
1.038997
1.804878
0.482270
0.483696
0.349206
0.223214
0.134518
0.202247
0.130319
0.684211
0.423237
0.185268
0.400966
0.506394
2.512295
1.996491
0.293605
0.225705
0.194175
0.300562
0.352941
0.083799
0.209343
0.044496
0.280182
0.259912
0.601293
1.447761
1.808399
1.018277
0.273642
0.155963
0.132296
0.219570
0.540909
0.378486
0.083671
0.155022
0.022095
0.077519
0.092958
0.010376
0.307167
0.081749
0.143154
0.092275
0.067901
0.187683
0.296482
0.049917
0.241379
0.252252
0.123153
0.324219
0.261614
0.093248
0.258555
0.159420
0.394649
0.245070
0.178161
0.239130
0.029412
0.242038
0.291469
0.386139
0.012451
0.018555
0.152074
0.242308
0.085714
0.297521
0.223776
0.140244
0.384615
0.315412
0.077670
0.171795
0.191721
0.303704
0.526829
0.162162
0.322404
0.001099
0.001099
0.006836
0.005005
0.007812
0.160858
0.396154
0.143369
0.203661
0.100548
0.055679
0.703170
1.161871
1.242857
1.222222
1.621359
1.722034
1.593651
1.131579
0.445344
0.353814
0.261128
0.331536
0.090734
0.172932
0.074766
0.377289
0.280423
0.555233
0.789668
0.766667
0.893048
0.468553
0.271341
0.280992
0.167273
0.118908
0.123626
0.415094
0.417722
0.116883
0.016260
0.380090
0.259786
0.192771
0.245791
0.740260
0.230126
0.005371
0.083770
0.100529
0.259036
0.161049
0.315068
0.005981
0.285303
0.188889
0.102484
0.427326
0.482955
0.789474
0.288136
0.235099
0.310811
0.005371
-0.000000
0.038023
0.089674
0.077151
0.335312
0.585859
0.019897
0.959799
0.608309
0.017467
0.309783
0.210145
0.253906
0.170213
0.042793
0.222222
0.364286
0.361486
0.071161
0.381944
0.326772
0.444444
0.452055
0.193966
0.184116
0.012207
0.212617
0.100410
0.282474
0.108434
0.264615
0.230108
0.185811
0.584958
0.545852
0.860963
0.372822
0.067901
0.033435
0.006714
0.178914
0.180328
0.206081
0.223529
0.371324
0.169184
0.153439
0.393651
0.777174
0.566845
0.042929
0.019653
0.031496
0.416667
0.247012
0.266169
0.049908
0.142442
0.415789
0.200772
0.731707
1.477273
0.816940
0.204545
0.608392
0.159091
0.625000
0.135965
0.056886
0.124498
0.103785
0.245161
0.010132
0.098305
0.257019
0.868687
0.435146
0.015038
0.118687
0.113433
0.068966
0.090750
0.333333
0.143351
