-0.056641
-0.099976
0.032471
-0.027588
-0.022827
0.063110
-0.002197
0.013672
0.062378
0.036621
0.059937
-0.106934
-0.067627
-0.029785
0.021973
0.029297
-0.096313
0.093384
-0.065063
0.038452
0.062500
0.001709
0.099976
0.036377
0.051636
-0.032715
-0.048462
-0.070801
0.010132
-0.044678
-0.086060
0.037720
-0.052490
0.074951
0.106812
-0.103149
-0.146851
-0.001343
0.055298
0.003540
-0.147949
-0.050293
0.036377
0.015869
-0.128662
0.034668
0.079590
0.108154
0.044434
-0.139038
-0.016235
-0.061523
-0.070923
-0.055542
-0.086304
-0.073120
0.039917
0.108765
0.054565
0.090820
-0.011597
0.108398
0.092407
-0.105591
-0.061768
0.017700
0.045654
0.044434
0.027710
-0.175171
-0.028931
0.030151
0.024658
-0.053345
-0.129761
-0.044189
0.011475
0.057129
0.100952
-0.056641
-0.093140
-0.035278
0.029663
-0.010498
-0.034546
-0.031128
0.034912
0.007568
-0.018677
-0.107422
0.085205
0.186890
0.035889
-0.092896
-0.112427
0.010742
0.160400
-0.132446
-0.151855
-0.089233
-0.109863
-0.051270
-0.163574
-0.051392
0.008545
-0.072876
-0.168213
0.022095
0.077637
0.061890
-0.120728
-0.104980
0.121460
0.024658
-0.062134
-0.123291
-0.021118
0.063965
0.122681
-0.169800
-0.164551
0.109741
0.017944
-0.089722
-0.160156
-0.079468
-0.048096
0.015015
0.025513
-0.041992
-0.050659
0.030640
-0.007080
-0.040039
-0.026855
-0.016113
-0.064697
0.060913
-0.055786
0.027222
-0.034058
0.037231
-0.030884
-0.124146
0.021118
0.080444
-0.083496
0.053589
-0.129028
-0.070923
0.015625
-0.002808
-0.086060
0.001465
0.027710
0.055786
-0.095947
-0.065430
-0.095215
-0.089355
0.031372
-0.089233
-0.153320
-0.015869
-0.145264
-0.118774
-0.017700
-0.051025
-0.136719
0.030151
-0.040161
0.035400
-0.118774
-0.058350
-0.121460
0.018188
-0.068604
0.016968
-0.054688
-0.105957
0.052979
0.073730
-0.046509
-0.150879
-0.035767
-0.046631
0.007080
0.066895
0.076172
-0.018677
0.059814
-0.035889
0.056763
0.086914
0.000610
0.090698
-0.025513
-0.040771
0.039429
-0.027344
0.005005
-0.051758
-0.052612
-0.029907
0.060181
-0.078735
-0.055542
-0.003784
-0.075562
0.035034
0.072144
0.017822
-0.050659
-0.048584
-0.022949
0.102051
0.187012
0.141357
0.151001
-0.082764
0.081665
0.124146
0.090332
-0.100830
-0.061646
-0.106689
-0.060181
-0.121338
0.037598
0.020630
-0.012695
-0.186279
0.022705
0.076172
0.061279
-0.010498
0.035645
-0.076782
-0.053223
0.054321
0.026733
0.101440
0.064209
0.039429
-0.018311
-0.164795
-0.181396
-0.092041
-0.009399
-0.133301
-0.045776
-0.000732
0.099365
-0.071289
-0.036743
0.054688
-0.077271
-0.165771
-0.182739
-0.011230
-0.026001
-0.115112
-0.127197
0.003174
0.148560
0.113525
0.055664
0.083862
0.137451
0.067871
0.058105
0.100830
-0.090210
-0.028076
-0.127930
0.087646
0.056274
-0.036865
-0.011719
0.065063
-0.057251
-0.054199
0.042480
0.004395
0.040894
-0.095337
0.070312
0.105347
0.041870
0.074585
0.162964
0.142456
0.052246
0.072998
-0.047852
-0.057129
0.110107
0.084351
-0.023560
0.093018
-0.135742
-0.090576
-0.032593
0.065186
-0.083252
0.038452
-0.055908
0.033081
-0.109619
0.070679
-0.016113
-0.015381
-0.097900
0.052124
0.061646
-0.024536
-0.086792
0.042969
0.008179
-0.006958
0.062012
0.013306
0.089111
-0.067017
0.093506
0.041138
0.017944
0.069580
-0.053101
-0.055664
0.024536
-0.110718
-0.101685
-0.112793
0.064209
0.082520
-0.067139
0.077393
0.076904
-0.008545
-0.063477
0.049683
0.047485
0.056152
0.088501
-0.059692
-0.050415
-0.150879
-0.088623
-0.035278
-0.115723
-0.027588
-0.089233
0.030640
-0.126953
0.022217
-0.073975
-0.139526
0.049194
-0.087524
-0.036133
0.127686
0.184326
0.086914
0.179565
0.126953
0.000122
0.106445
-0.046753
-0.011475
-0.112915
-0.211670
-0.200684
-0.072388
-0.071411
0.047363
0.013306
-0.053467
-0.064697
-0.140259
0.087891
-0.011475
0.077515
-0.107666
-0.016113
-0.015381
0.083862
0.086914
0.137817
0.038086
-0.007935
-0.013062
-0.163208
0.021118
0.040894
-0.234375
-0.087158
-0.184814
0.048096
-0.020874
-0.026489
0.003052
-0.004028
-0.001099
-0.076538
-0.014771
0.063232
-0.141113
-0.022583
-0.099121
-0.020386
-0.003906
0.056885
0.130371
0.095093
0.098511
-0.000366
0.153564
0.024780
0.018066
-0.030640
-0.037598
-0.157349
-0.189941
0.032715
-0.056885
-0.013550
-0.123657
0.024780
0.011597
-0.033447
-0.050781
-0.035889
-0.012085
-0.098145
0.122070
0.165405
0.151001
0.156860
0.186646
0.144287
0.023193
0.104248
-0.051025
-0.002563
-0.031982
-0.130371
-0.100952
-0.085205
-0.096069
-0.030518
0.091553
0.076416
-0.036499
-0.041748
-0.043579
-0.054932
0.066895
-0.069336
0.066284
0.015503
0.049683
-0.109375
0.030029
-0.073730
-0.004639
-0.060303
0.000732
0.006348
-0.086670
0.131104
0.044678
-0.021606
-0.059082
-0.096558
-0.073853
-0.089966
0.062378
-0.016968
0.020264
-0.034302
-0.041016
-0.057617
-0.052368
-0.067749
0.040283
0.053589
-0.064941
0.103516
-0.073853
-0.096069
-0.046753
0.021729
-0.080933
0.056030
-0.111084
0.000122
-0.062866
-0.101196
-0.102539
0.003174
0.042603
0.000244
0.040894
-0.069824
-0.039551
-0.063354
0.139282
0.128418
0.075439
0.095947
-0.025879
0.106201
0.188477
0.106689
-0.135986
-0.165161
-0.129395
0.072998
0.179810
-0.048218
-0.102539
-0.018921
-0.087158
-0.072876
-0.001221
0.014404
0.077393
-0.042847
-0.040161
0.130859
0.031250
0.060913
0.140015
-0.035645
0.043213
0.007935
-0.043823
0.193481
0.126465
-0.140503
-0.160400
-0.143799
0.024902
0.077881
-0.040039
-0.091797
-0.193359
-0.156372
-0.043579
-0.014038
0.030884
-0.022583
0.043091
0.078369
0.062012
-0.037109
-0.086914
-0.102173
0.080200
-0.043091
-0.020020
-0.019043
0.085205
-0.002197
-0.063599
-0.092407
0.031128
0.049316
-0.095337
-0.129272
-0.149658
-0.047729
-0.111694
-0.064331
0.080811
-0.100708
-0.046143
-0.060913
0.038818
-0.067749
0.117310
-0.018799
0.023438
0.016602
0.069458
-0.058960
0.020020
0.034180
0.036865
-0.002808
0.014282
-0.084106
0.028320
0.167114
0.037964
-0.053467
0.029297
-0.040283
-0.032959
-0.050049
-0.012939
0.026611
-0.080078
0.020874
-0.068848
-0.052734
-0.006104
-0.103394
0.011597
0.055298
0.068970
-0.070679
0.053345
-0.099121
0.102173
-0.005127
-0.057373
-0.044678
0.083862
-0.093628
0.000000
0.061279
0.078491
0.031494
0.082153
0.097412
-0.004272
-0.050293
-0.065918
0.079224
0.020386
-0.074951
-0.045410
0.004639
0.099121
0.035767
0.074341
-0.023071
0.094727
0.014038
-0.079712
-0.044067
0.013550
-0.066528
-0.073120
0.013916
-0.070190
0.090454
-0.043701
0.068115
-0.019897
-0.011353
-0.089600
-0.000854
-0.111816
-0.009277
-0.018066
0.073364
0.027100
0.039307
-0.060669
-0.018921
-0.015259
0.056885
0.012085
0.009277
-0.011841
0.035400
0.033936
-0.078857
0.075073
0.082397
-0.124146
-0.095825
0.009155
0.043579
-0.059814
-0.043335
-0.096313
-0.098755
-0.124512
-0.062866
0.074829
0.097778
-0.021362
0.004761
0.036011
0.023926
0.067383
-0.043091
0.085938
0.098633
-0.096802
-0.061768
-0.017456
0.066650
0.106689
-0.059570
-0.003418
0.057495
-0.024902
-0.100830
-0.114990
0.041870
0.012451
-0.095703
-0.049927
-0.022095
0.026001
-0.105591
-0.074463
-0.040161
-0.087646
0.062012
-0.024902
-0.063721
-0.034912
0.129028
-0.082275
-0.044922
0.008301
-0.046997
0.118042
0.028076
0.033691
-0.124512
0.076050
-0.023071
0.071655
0.025879
-0.119629
0.090820
-0.049927
-0.104980
-0.012329
-0.052490
-0.049805
-0.096436
-0.050903
0.005493
-0.089355
0.015015
-0.037964
-0.085449
0.041382
0.069458
0.056641
-0.094482
-0.034058
-0.048340
0.095581
0.009644
-0.114258
-0.019043
0.097778
0.060669
-0.071533
-0.073608
0.019165
-0.059814
0.027222
0.027344
-0.000122
0.049438
-0.021240
-0.047974
0.081909
-0.043579
-0.077515
0.014771
-0.116089
-0.067505
-0.048340
-0.051392
-0.079956
-0.073486
-0.059692
0.041748
0.093140
-0.008911
-0.065796
0.043213
0.103027
0.030151
0.047241
-0.093140
0.093018
0.064453
0.019653
0.024048
0.123901
-0.068359
-0.064453
0.079224
-0.081055
0.048950
-0.120239
0.025146
0.102417
-0.028931
0.082642
-0.051514
-0.024170
-0.094116
-0.112305
-0.067749
-0.070801
0.072754
-0.088745
-0.103027
0.062378
0.066284
-0.082275
-0.139404
0.049194
-0.002197
0.071533
-0.040405
-0.131226
-0.065796
-0.043579
0.076538
0.080444
0.039795
-0.014038
0.106201
0.060303
-0.047729
0.004517
-0.044189
0.090088
-0.078857
0.025513
-0.070923
-0.039673
0.107910
-0.006836
-0.141113
-0.165771
0.105103
0.052490
-0.075317
0.056396
-0.073120
-0.120850
-0.025024
-0.035400
-0.046143
0.077393
-0.051758
-0.071289
0.065918
0.087036
0.007568
-0.146362
-0.008667
0.034180
0.012085
-0.103516
-0.010620
0.089233
0.082886
0.028442
-0.035767
0.067871
-0.026245
0.071655
-0.076538
-0.132080
0.008301
0.045410
-0.036011
0.089355
0.028198
-0.090698
-0.047729
-0.049683
0.040039
0.084961
-0.091431
-0.090576
0.057251
-0.043213
-0.019165
0.101929
0.102417
0.057373
0.029663
-0.090698
0.093384
-0.003296
-0.059204
0.035278
-0.072388
-0.055054
0.116455
0.010498
0.116943
-0.058594
-0.079590
-0.025757
0.014526
-0.018066
0.067261
0.015381
0.053467
0.078369
-0.001343
0.098633
-0.000854
0.101929
-0.022705
-0.046509
0.072998
0.011597
0.086670
-0.019897
0.042358
-0.021606
-0.054565
-0.010376
0.040405
-0.050049
-0.075684
-0.026123
0.023071
0.006348
0.016724
0.071899
-0.051270
-0.011475
0.014648
-0.034668
0.098755
-0.112061
-0.092896
-0.060669
-0.007690
0.045044
0.063965
0.097534
0.060669
-0.075806
-0.069092
0.047852
-0.030884
0.043213
0.036865
-0.016113
-0.026489
0.044678
-0.092407
-0.086060
-0.044189
-0.096436
-0.069702
0.012329
0.052734
-0.091309
-0.058594
0.043701
-0.064819
0.114014
-0.077393
-0.038330
-0.020386
0.057983
-0.029053
0.022217
-0.096924
0.053711
-0.017456
-0.050781
-0.023193
0.091309
-0.052368
-0.089722
-0.071289
-0.040527
0.031494
-0.042725
-0.062378
-0.016602
0.001587
0.007568
0.055908
0.048584
-0.057373
-0.002319
-0.013428
0.025269
-0.006226
-0.005005
-0.016479
-0.006104
-0.066772
0.030640
-0.077637
0.103516
-0.026855
0.059570
-0.029053
0.087402
-0.046509
0.001099
-0.017456
-0.025757
-0.088379
-0.061890
-0.043457
-0.030640
-0.066650
-0.009033
0.083740
-0.101685
-0.053711
-0.046997
0.085693
0.121704
0.064087
-0.097290
0.068481
-0.044434
0.049927
-0.094604
-0.080688
0.034424
0.052856
0.035156
0.002808
-0.063843
0.003784
-0.110962
0.066528
-0.092163
0.080078
-0.039917
-0.017212
0.006226
-0.066650
0.014648
0.083374
0.038940
0.035645
0.074707
0.026367
0.075195
0.089844
0.090698
0.078247
-0.065674
-0.046875
-0.088989
0.061523
-0.000610
-0.012939
-0.057373
0.074097
0.029053
-0.034790
0.007446
-0.107422
-0.066040
0.060303
-0.104858
-0.110352
-0.011353
-0.052002
0.038086
-0.031128
0.068848
-0.002563
0.021851
0.012207
0.055420
0.006226
0.050171
-0.078247
0.098022
0.000732
-0.019287
0.042847
0.047485
0.074097
-0.107544
0.004028
-0.021240
-0.112549
-0.079834
-0.008545
0.046509
0.055908
0.038696
-0.118286
0.028687
-0.096558
-0.092163
0.011353
-0.058838
-0.111084
-0.144409
0.011597
-0.081055
-0.085693
0.009277
-0.005493
-0.110840
-0.128296
-0.083374
-0.093262
0.105225
0.075684
-0.114258
-0.080444
0.042603
0.069336
0.091797
0.103882
0.055908
-0.013306
-0.018188
0.097778
0.162842
0.051025
-0.005737
-0.094727
0.089966
-0.074707
0.011963
-0.114624
-0.114990
-0.096680
-0.064331
0.043457
0.004272
0.111938
0.055176
-0.151978
-0.168213
-0.088867
0.132202
-0.021606
0.034790
-0.016357
-0.018188
0.082031
0.138916
-0.030518
0.024780
-0.042358
-0.066040
-0.138306
0.051636
0.043335
-0.049438
0.053711
-0.044556
0.029419
-0.056763
-0.020142
0.007080
-0.033325
-0.125488
-0.142822
0.107666
0.094238
-0.020996
-0.153442
-0.011475
0.032104
0.040283
0.070679
-0.010986
0.042358
-0.009033
0.066040
-0.014404
0.081177
-0.097412
0.027466
0.074341
-0.041626
-0.096558
0.040771
0.032593
-0.005981
-0.079224
0.010742
-0.088379
0.066528
0.012573
0.095215
-0.042603
-0.001831
0.053223
0.070679
0.063843
-0.012085
-0.064331
-0.033936
0.050659
-0.014893
0.061523
0.083618
-0.033569
0.004028
-0.051270
-0.055298
0.021484
0.003662
-0.054321
0.120605
-0.035522
0.099487
0.043701
0.120361
0.036987
-0.040405
-0.061523
0.099243
0.070801
0.086548
-0.102905
-0.083740
-0.071899
0.098877
-0.008423
0.002319
-0.029541
-0.073608
0.083130
-0.091187
0.040894
-0.101440
0.107910
0.018188
0.041016
-0.107178
-0.071411
0.065063
0.003052
-0.136719
0.076538
0.073242
-0.019775
-0.093140
-0.105835
0.034424
0.133545
0.027344
-0.028931
0.039795
-0.053345
0.152222
-0.069824
-0.038452
-0.087646
-0.044067
-0.100708
-0.050415
-0.089966
-0.128296
-0.069336
-0.014404
-0.030762
-0.021973
-0.146484
-0.089111
-0.111450
-0.044800
-0.061401
0.010010
-0.077026
-0.005981
0.098145
-0.065796
0.089844
0.028442
0.058228
0.061523
0.073608
-0.128418
-0.176392
0.069946
0.017578
-0.147095
-0.065063
-0.070923
0.075317
-0.060669
-0.023071
0.079956
0.066040
-0.004639
-0.154175
0.030029
-0.016357
0.090698
-0.028320
-0.042236
0.083008
0.022095
0.118164
0.042603
-0.001465
0.136841
-0.065918
0.084961
0.031860
0.046753
0.044434
-0.027344
-0.003296
-0.090698
-0.083252
0.004150
0.010376
-0.100952
-0.044800
0.059814
-0.134399
0.036377
-0.018311
0.166382
-0.029907
0.000000
-0.009155
0.069946
0.161621
-0.028809
0.045288
-0.093018
-0.071899
-0.078003
-0.048340
-0.064087
-0.098999
0.015991
0.056885
-0.040039
-0.003418
-0.056763
-0.035522
-0.063110
-0.106934
-0.074951
-0.029053
0.104858
-0.040527
-0.081055
0.102539
-0.038208
0.089966
-0.031738
-0.029907
0.048218
0.025391
-0.020996
-0.000366
-0.025757
-0.082031
0.077148
0.104126
-0.027100
-0.034180
0.080566
0.087769
0.068237
0.101318
0.084351
0.095947
0.001099
0.106445
0.029297
0.024170
0.137695
-0.003662
0.027954
0.047485
0.127930
0.034546
0.073853
0.042725
0.012817
0.034912
-0.119019
-0.095459
0.065674
0.052368
-0.004517
0.081787
-0.032349
-0.098755
-0.015869
0.043457
-0.082642
-0.088135
-0.013916
-0.084961
0.004028
-0.061157
-0.091553
-0.056763
-0.012451
0.003784
-0.104004
0.065796
-0.108643
-0.104370
-0.010864
-0.060669
0.008911
-0.046753
-0.018555
0.055176
-0.104736
-0.002930
-0.107544
-0.046753
0.037720
0.001587
0.043335
0.001099
0.044556
-0.057373
-0.035889
-0.047607
-0.031860
-0.059937
0.035767
0.044922
-0.029297
0.029907
-0.084717
0.038940
-0.056885
-0.062012
-0.092529
-0.014282
-0.050659
0.095825
-0.002808
0.067505
0.077881
-0.109741
-0.099243
-0.012695
-0.084961
0.049194
-0.034302
-0.032837
-0.081909
0.001221
0.088989
0.094604
0.054077
-0.066650
-0.106201
0.054565
0.015259
-0.132568
-0.056641
0.095215
0.012085
-0.092407
-0.042236
-0.040894
-0.018677
-0.083984
0.048706
-0.073486
-0.087036
0.074097
-0.021240
0.012451
0.047119
-0.087280
-0.033691
0.042236
-0.011108
-0.099243
0.007568
0.098511
0.000366
0.004150
0.001709
0.088501
0.081421
0.043213
-0.068237
-0.027588
-0.044067
-0.037842
0.064087
-0.023926
-0.094360
-0.062988
-0.042847
-0.023926
0.017944
-0.012573
0.006714
-0.048340
-0.041626
0.065186
0.026489
0.038330
0.083374
-0.119629
-0.026367
0.012085
0.119141
0.016235
0.009521
-0.070312
-0.049805
0.031494
0.005859
0.043823
-0.057251
-0.018799
0.040161
0.078003
0.035767
-0.006348
-0.032593
0.113770
-0.030029
0.140869
-0.008789
-0.013794
0.067017
-0.088867
0.077026
0.021362
0.028320
-0.145142
-0.114868
0.030029
-0.012817
0.097046
0.036987
0.058472
0.018188
-0.100708
-0.010864
-0.106934
-0.008301
-0.025146
-0.057007
0.058594
0.097656
0.162842
0.001587
0.019775
-0.125977
-0.005127
-0.066772
-0.060059
-0.005249
-0.030640
-0.056274
-0.134888
-0.148926
0.123901
-0.089722
-0.120239
-0.042236
-0.002319
-0.068848
0.080688
0.032471
0.082520
0.070190
0.071777
-0.102051
-0.011719
0.120483
0.105957
-0.110962
-0.031860
0.012573
-0.090088
-0.072876
0.040527
-0.066162
-0.139526
-0.119629
-0.029297
0.028076
0.000732
-0.052856
0.007568
-0.058716
0.049927
0.105835
-0.060913
0.080444
-0.019043
0.089722
-0.054321
0.050903
0.109863
0.125122
-0.074951
0.099487
-0.029785
0.024170
0.102173
-0.064453
-0.031616
-0.016968
-0.081909
-0.103394
0.003296
-0.078247
0.041504
-0.019287
-0.105225
0.079468
0.001953
0.095825
0.055298
-0.007812
0.097168
0.112305
-0.009888
0.054688
0.070557
-0.009033
-0.056519
-0.075806
0.110107
0.032471
-0.059814
-0.078003
-0.086792
-0.107666
-0.053589
-0.037720
-0.069946
-0.042725
-0.016357
0.092285
0.080688
-0.065308
-0.086792
0.015015
-0.075317
0.079834
-0.080811
-0.062622
-0.061035
-0.055054
-0.078491
0.016113
0.007446
-0.017700
-0.005981
-0.009644
-0.033569
-0.041504
-0.097168
0.048584
-0.023438
-0.062622
-0.015991
-0.046875
-0.052368
0.054688
0.024902
0.028687
0.002808
-0.013428
0.088135
-0.088745
-0.085449
-0.042358
0.025024
-0.087891
0.072632
-0.041260
-0.092163
0.034790
0.115967
-0.063599
-0.060059
-0.026855
0.074707
0.006958
0.015869
0.007202
-0.050171
-0.020142
-0.037354
-0.010498
0.055420
-0.016357
-0.002441
-0.059692
-0.060059
0.011475
-0.058105
-0.031006
-0.043457
0.019287
-0.098022
-0.029541
0.036865
0.013306
0.038330
-0.090454
0.054565
0.020752
0.006836
-0.063599
-0.097290
0.000732
-0.065918
0.018921
0.043213
-0.037720
-0.041748
0.070923
-0.098999
0.100952
-0.046265
0.006348
0.102051
0.027832
0.038330
-0.001099
-0.016235
0.089478
0.021362
-0.057983
-0.068359
0.070557
0.021484
-0.051636
-0.011719
0.064697
-0.030884
-0.020142
-0.050537
-0.024292
0.064209
-0.031372
0.072754
-0.056396
-0.077393
-0.077881
-0.072266
-0.081787
0.072510
0.060669
-0.066772
0.009644
-0.038940
0.097412
0.058228
-0.104736
0.081909
-0.012573
0.099487
-0.095459
-0.000732
-0.057007
0.081787
0.005493
-0.107788
0.044678
0.030518
-0.017456
-0.001099
0.061768
0.069092
0.042480
0.072998
0.010132
-0.066162
-0.065430
-0.052979
-0.038086
-0.092773
0.040039
0.068726
-0.045776
0.022461
0.084839
0.089478
-0.083618
-0.068481
-0.088135
-0.051147
0.047607
-0.092773
-0.024170
-0.084595
0.060059
-0.081055
-0.035522
-0.002686
0.063965
0.023071
0.043823
-0.105469
0.024414
0.000854
0.095337
-0.066406
0.063477
-0.129517
-0.040527
0.050537
0.023926
-0.029541
0.006226
0.053711
0.043823
-0.030029
-0.083862
-0.087524
0.071655
-0.102295
-0.011963
0.015625
-0.070923
-0.068604
0.064087
-0.063477
0.050415
0.066284
-0.021729
0.088623
-0.112061
-0.101440
0.142456
0.057861
-0.003906
-0.017090
-0.004272
0.101318
0.070312
0.003296
-0.134399
-0.010864
0.141235
0.065430
-0.023315
0.081909
0.117065
0.056396
0.036499
-0.128174
0.118286
0.098267
-0.053955
-0.031616
-0.101074
-0.036621
0.039673
-0.107788
0.039062
-0.138916
0.062012
0.023193
-0.081055
0.031860
0.015381
0.002808
-0.071655
0.003540
-0.128418
0.015137
-0.044312
-0.009644
-0.064575
-0.069946
-0.074341
0.116333
0.062134
-0.013794
-0.161499
-0.140137
0.104248
0.182251
-0.039551
-0.054932
-0.045776
0.177368
0.025391
0.005859
-0.180176
-0.108521
0.159058
0.161011
-0.078003
-0.114014
-0.050659
0.007568
-0.110107
-0.013794
0.037231
-0.063721
0.043457
0.024902
0.034668
-0.010742
0.046753
-0.088135
-0.142456
0.017578
0.063599
0.083252
-0.121826
-0.001465
0.179688
0.067627
-0.064819
-0.122681
-0.050293
0.144531
-0.088867
-0.052979
-0.018066
0.056763
-0.097778
-0.010376
-0.039185
0.074097
0.031372
0.024170
0.026245
-0.001709
0.108643
0.003296
-0.074951
-0.024292
-0.084229
-0.105713
-0.055908
-0.087280
-0.029175
0.018677
0.003052
-0.002441
-0.128906
0.015747
0.021240
-0.005981
-0.099609
-0.050049
0.048584
-0.055054
-0.017944
-0.124268
-0.058105
-0.070923
0.002930
-0.042358
0.049072
-0.060791
-0.058960
0.018066
0.048828
-0.055420
-0.095825
-0.052246
-0.079346
0.067505
-0.115601
0.032593
-0.002197
0.000977
-0.110107
0.057861
-0.098389
-0.072754
-0.100464
-0.081299
0.098145
-0.042358
0.059082
0.017822
-0.001465
0.063110
-0.133179
0.049683
-0.069092
-0.002563
0.079712
0.051392
0.008789
0.031250
-0.055420
0.083008
0.092163
0.020508
0.099854
-0.014160
-0.060303
-0.056396
-0.038330
0.083984
-0.057861
-0.071533
0.019165
0.010498
0.026489
0.057739
-0.062378
-0.035889
-0.078979
0.021484
-0.039429
0.128052
0.057007
-0.096191
-0.035522
-0.064697
0.135864
0.089233
0.072998
0.085938
0.022827
-0.058472
-0.009399
0.011230
0.121460
-0.016357
-0.144043
-0.112671
-0.111206
-0.035278
0.049072
-0.069458
0.024902
-0.163086
0.094482
-0.036499
0.034058
-0.047729
0.081299
0.050781
0.045288
0.039551
-0.019409
-0.025513
-0.047485
0.058716
0.024170
-0.053833
0.002441
0.052734
0.043701
0.055176
0.031372
0.059692
-0.102295
-0.088257
0.032593
-0.069092
0.023804
-0.019897
0.026855
0.026611
-0.154785
-0.053955
0.042236
-0.037964
0.071045
-0.074951
-0.021362
-0.049316
-0.007812
0.081665
-0.003174
0.067139
0.031250
-0.085815
-0.105469
-0.055420
-0.022339
-0.057373
-0.065918
-0.126831
0.057495
0.045532
0.082642
0.080688
0.067383
-0.004272
0.039429
0.033936
0.015015
0.121704
0.044067
0.006592
-0.052734
0.028931
-0.055786
-0.014038
0.009155
-0.073608
0.041504
0.059204
0.065186
0.049194
0.022217
-0.075195
-0.027344
0.005859
-0.037476
-0.072144
-0.064087
-0.010132
-0.058716
-0.106201
-0.078125
-0.009399
-0.057007
-0.030273
0.088135
-0.066528
0.014648
-0.069336
-0.028564
0.031494
-0.005371
0.043823
-0.094482
0.048950
0.029541
0.074341
0.015137
0.006226
-0.093506
-0.074829
0.047485
0.061157
0.002808
0.059937
-0.072021
-0.084839
-0.072754
-0.031982
-0.010742
0.073242
-0.028320
0.063232
0.066528
-0.018555
0.119629
0.078247
-0.037476
-0.111938
0.170776
0.102783
0.093140
0.016846
-0.050293
0.096069
0.024292
-0.103760
0.005371
-0.088135
0.032471
-0.023804
-0.095581
-0.067627
0.002197
-0.025024
0.022949
0.098633
-0.012207
0.038696
0.154297
0.060059
0.059082
-0.076416
-0.069946
0.027588
0.115356
0.086304
-0.089478
0.041870
0.077515
0.147949
-0.129150
-0.098755
-0.012573
0.009399
-0.057617
0.035034
0.115112
0.114868
-0.065063
-0.024536
-0.040405
-0.061646
0.025879
-0.056519
-0.033081
-0.056763
-0.079834
0.017456
-0.045288
-0.114990
-0.026245
-0.013184
-0.046021
0.047485
-0.070801
0.106323
-0.044922
-0.089111
-0.125854
-0.030640
-0.011963
-0.095947
-0.084839
0.000000
-0.028320
-0.042969
-0.080322
-0.036133
0.078857
-0.076172
-0.090698
0.092041
-0.033325
0.142090
-0.083984
-0.018921
0.025269
0.039551
0.096436
-0.025391
0.005737
-0.122925
-0.088013
-0.017334
0.088135
-0.022583
-0.063843
0.040894
-0.076660
-0.004272
0.026855
-0.045776
-0.012329
0.073242
-0.056641
0.069824
-0.107666
0.061279
-0.054932
-0.032959
0.068970
-0.040283
-0.018188
0.091309
0.045166
0.065552
-0.041626
0.006958
-0.044556
0.032104
0.000854
-0.021606
-0.091919
-0.005493
0.054321
-0.028931
-0.082764
-0.093140
0.061890
0.002075
-0.090332
-0.094238
0.062500
0.061768
0.033081
-0.038696
-0.070923
0.063965
-0.021729
0.074829
0.058472
-0.009277
-0.013550
-0.118164
-0.074951
-0.026611
0.019165
-0.018188
-0.019043
-0.008057
-0.002686
0.117920
0.018311
0.015259
0.093140
-0.029541
0.071899
-0.100220
-0.077881
-0.061401
-0.037231
-0.093018
-0.015137
-0.139526
0.058838
-0.078247
0.011230
-0.018921
0.067993
0.011353
-0.058105
0.020752
-0.031372
-0.073364
-0.002075
0.036377
-0.004883
0.118286
0.017090
-0.052490
0.045898
-0.098511
-0.114990
-0.136963
-0.083618
-0.130493
0.004395
-0.131104
-0.007690
0.130615
0.052246
-0.145752
-0.063721
-0.001587
0.117920
-0.103149
0.057251
0.012695
0.008911
0.072998
-0.090698
-0.049438
0.157227
0.117676
0.080811
-0.091064
0.019165
-0.018799
-0.009766
-0.105591
-0.047974
0.091431
-0.049683
-0.129639
-0.071045
0.067383
-0.021973
-0.116577
0.026611
-0.036255
-0.042969
-0.083008
0.009399
0.008667
0.010620
-0.077637
0.094360
-0.063721
0.042847
0.024658
0.073486
-0.018066
-0.046509
0.007568
-0.113159
-0.055298
0.065186
-0.090942
-0.077271
0.065674
0.081177
-0.090332
0.072266
0.075195
0.067871
0.066895
-0.020264
-0.049561
0.029907
0.044922
