-0.000732
0.717391
0.010986
-0.004395
0.408602
0.242857
0.013699
1.806452
0.010498
6.066667
1.000000
0.014160
-0.003296
-0.004883
0.000366
-0.008545
0.002075
0.122449
0.694118
0.005859
0.418367
-0.011475
0.002686
0.004150
-0.006592
1.707317
0.180723
0.000610
0.760870
0.012695
0.010376
0.001465
0.382979
0.006836
0.057373
0.229167
0.008301
0.005005
-0.006592
0.277778
-0.002441
0.005371
-0.000854
1.688172
0.790323
0.005737
-0.003540
0.724138
0.000854
0.547619
0.607143
0.007446
0.003906
0.001953
0.035714
0.086957
-0.010498
0.011963
6.750000
0.005615
-0.001465
52.500000
0.006470
1.666667
0.727273
-0.007812
-0.008911
1.833333
0.001587
0.006836
4.550000
0.223881
-0.009033
1.024390
-0.002930
0.793103
-0.000854
2.833333
0.224806
-0.004272
6.333333
-0.005859
3.760000
0.008301
1.918919
0.009521
-0.000977
-0.003052
0.710000
0.470588
1.428571
-0.000000
0.002075
0.003540
1.088889
0.000000
1.567568
0.003662
1.764706
0.227273
0.003296
-0.008057
-0.003296
0.004272
0.104167
-0.001099
0.003174
0.000244
1.542373
0.001587
0.000366
0.125000
2.000000
0.014160
2.081967
0.000366
0.237500
0.008545
-0.011841
0.714286
0.904762
0.009399
0.001343
0.744186
0.355263
0.004517
0.000488
0.005493
0.085366
0.957143
0.004517
2.090909
0.006470
1.161290
-0.008545
0.017334
0.010742
-0.000000
0.005859
-0.000610
1.366197
0.336735
0.002686
-0.004761
-0.024048
1.174603
0.848101
0.012207
0.863636
0.003418
-0.005981
-0.005005
3.636364
0.003662
-0.000000
-0.000000
1.000000
-0.003296
-0.001099
5.160000
0.003296
5.166667
14.250000
-0.013428
-0.002563
1.250000
0.479167
0.002808
1.750000
-0.001099
-0.007446
1.595238
0.019417
0.368421
0.007690
4.615385
14.500000
0.870968
10.800000
0.009521
1.615385
0.010376
2.062500
0.003662
7.750000
2.000000
0.363636
0.376623
0.039474
0.017456
2.866667
-0.011719
-0.000732
0.003662
-0.005737
0.600000
-0.011963
-0.015991
2.714286
0.607843
2.357143
0.005249
0.590476
-0.004272
0.773810
0.298246
2.142857
-0.005371
-0.000366
15.800000
1.283019
4.200000
0.583333
0.771930
1.173077
0.002808
0.009644
0.242647
0.002686
0.005859
0.013916
0.004272
7.733333
-0.007446
1.750000
0.593750
0.701493
-0.000366
0.004150
-0.010498
0.004150
6.000000
0.765957
1.135135
0.395833
-0.006348
-0.003052
1.350000
0.007446
-0.003540
-0.004883
-0.004761
0.005615
0.096774
0.000488
1.166667
-0.007568
0.005127
0.415385
0.384615
0.000366
1.888889
0.000488
0.517857
0.000977
1.622642
0.001465
1.471698
2.192308
0.002075
0.750000
1.057143
-0.000610
0.981481
0.001343
11.363636
2.038462
0.000732
5.250000
0.160494
0.351351
0.215385
0.006592
1.940299
0.014771
5.450000
0.003540
0.001465
0.006470
0.003174
0.006714
-0.006836
2.208333
-0.005615
-0.006836
1.613636
0.007324
0.863248
0.003052
0.005127
15.000000
0.251701
0.002441
0.850000
10.181818
0.300885
0.080645
0.006348
2.116667
0.006470
0.011230
1.328358
-0.003418
0.203704
4.093750
0.000610
2.032258
0.840000
-0.005615
1.064516
0.477273
1.000000
3.128205
-0.007568
0.011841
0.003540
-0.016846
0.298246
0.002686
-0.013550
0.000610
5.625000
-0.000000
0.001465
0.971429
0.007935
-0.000610
0.006958
0.166667
0.012939
0.108108
0.163265
0.250000
0.009033
1.843750
0.000366
1.891892
-0.011475
0.400000
-0.006348
1.500000
0.006348
3.583333
0.001831
0.005249
3.941176
-0.019653
0.767442
-0.001953
0.005249
-0.022217
0.625000
20.666667
-0.013916
0.014160
1.691358
1.547619
-0.012695
3.291667
-0.017334
0.003784
3.131579
-0.014893
0.069580
0.142857
0.007935
2.088235
0.400000
0.542857
-0.005493
0.382353
0.123077
-0.011963
-0.026489
-0.004639
0.001587
0.003540
-0.008179
0.005493
0.389222
5.571429
-0.001099
0.333333
0.094340
-0.000732
0.050000
1.371429
-0.004639
-0.015381
12.666667
-0.008911
-0.012085
0.000732
1.301887
3.030303
0.010864
1.645161
0.009399
1.229167
0.081633
0.003540
3.214286
0.002441
0.052632
0.792208
-0.003540
0.120482
-0.016113
2.833333
-0.001099
1.280000
0.012085
0.195652
-0.011108
0.003052
-0.002441
4.090909
0.029412
0.010498
0.001099
0.000854
1.000000
0.034180
0.855670
-0.018555
0.221374
1.694118
1.645833
0.358974
-0.004028
0.291667
2.704545
0.003662
-0.002197
0.000610
0.005005
21.000000
0.000000
0.012329
-0.000000
-0.002197
0.125000
0.410256
0.118644
0.857143
1.078947
0.468750
0.007935
5.266667
2.031250
1.789474
0.001587
0.445946
0.010498
3.000000
5.250000
0.875000
-0.005005
-0.001831
-0.001465
9.600000
3.250000
0.010376
0.004883
-0.008423
7.000000
0.009644
0.166667
17.000000
29.333333
0.005127
0.001953
0.060606
2.625000
0.183333
0.002563
0.003784
2.153846
-0.003418
-0.003296
-0.008545
0.517241
0.010498
-0.000610
0.025757
-0.002441
0.002808
4.250000
0.005493
0.001587
0.916667
0.004150
0.000854
1.205882
0.002197
0.003174
0.007202
-0.005981
0.472527
0.002563
0.237288
0.571429
3.750000
0.006958
0.090000
0.538462
0.007446
0.142857
0.000000
0.315068
1.720000
-0.007446
-0.007568
0.007446
0.235294
0.005127
0.001221
0.011353
0.900000
2.428571
-0.010620
2.000000
11.000000
1.174419
3.275000
0.009766
2.777778
1.083333
-0.005737
-0.000610
-0.005371
1.000000
0.666667
53.000000
-0.005615
0.058252
0.024170
0.625000
0.007568
-0.006226
0.006958
7.600000
0.063492
-0.008545
-0.002319
0.005859
0.005615
1.126984
37.500000
0.005005
0.007446
0.015991
2.016667
3.500000
0.186441
0.219780
1.813953
-0.003296
0.934066
11.000000
0.005249
-0.004272
1.285714
0.520325
-0.008179
0.009644
-0.000244
-0.002319
0.383721
0.000122
8.357143
0.796875
2.340426
0.227273
-0.000488
-0.005005
0.000854
0.405941
0.007080
0.019897
0.062256
0.566667
0.004150
0.150685
-0.011353
1.450000
0.738739
-0.016724
-0.005371
0.727273
0.000122
0.015869
-0.005859
-0.009888
0.281250
11.666667
0.394366
0.296296
-0.013428
-0.000977
0.047619
0.106383
0.009888
-0.001465
0.138298
1.462963
-0.010620
-0.000732
3.121212
-0.001831
0.905660
2.846154
7.785714
0.413793
72.000000
0.324675
0.679389
-0.008545
0.009033
0.008667
0.008301
0.002930
-0.003296
54.000000
0.005249
-0.017456
-0.013672
-0.000854
1.000000
0.478261
0.000854
2.477273
0.002808
0.812500
3.393939
-0.010498
21.000000
33.000000
0.005249
-0.001953
-0.002808
0.370370
-0.007324
0.005981
0.712644
2.000000
0.341880
-0.014404
21.000000
-0.007202
0.695652
15.000000
0.287356
-0.004517
0.098765
1.551020
0.654321
-0.006470
1.153846
5.115385
10.000000
0.010010
-0.008789
3.066667
0.512195
1.053333
0.372093
1.235294
1.214286
1.073171
0.326087
0.933333
0.444444
0.004028
0.006104
0.013916
0.641026
1.388889
0.405405
-0.004639
0.307018
-0.005615
6.928571
-0.010132
0.003784
0.021978
0.863636
-0.000244
0.000122
0.012451
0.078125
-0.010498
0.370370
0.871429
0.009644
2.343750
5.000000
16.000000
-0.004517
4.538462
4.625000
0.338710
0.822222
0.006714
0.677966
8.909091
0.018018
0.049180
-0.000000
0.534653
1.157895
0.000122
0.005981
3.588235
1.031250
0.003052
0.000854
6.000000
4.750000
1.315217
0.011108
-0.001343
-0.003784
0.004517
-0.000244
0.682353
2.166667
0.001343
16.000000
-0.002441
0.013672
0.003906
0.640000
0.021362
0.847222
-0.007812
-0.001465
0.001709
0.909091
0.458333
-0.004395
0.340909
0.818182
1.826667
2.022989
0.983871
-0.001831
0.005493
0.858974
0.000854
-0.009888
-0.001099
-0.000732
1.622222
0.600000
0.002197
1.142857
0.011230
0.006592
-0.001831
2.093750
0.313725
-0.002930
0.019531
0.152866
0.742857
0.276923
0.660377
-0.010986
-0.011108
-0.002197
0.729167
0.000122
0.000000
1.937500
0.004761
0.742574
0.013672
0.146552
0.007935
0.006592
0.036585
1.740741
-0.011597
0.837607
0.714286
-0.006226
-0.000244
0.014286
0.641509
1.100000
-0.005615
0.180000
1.727273
-0.013306
2.222222
7.625000
1.545455
-0.010620
3.038462
-0.002075
1.148649
1.000000
-0.003296
0.006104
1.086957
-0.015625
1.500000
1.047619
1.250000
144.000000
2.775862
-0.002075
-0.012939
-0.009644
0.016113
-0.006470
0.962963
0.009521
0.000122
1.176471
0.923077
-0.001831
0.333333
1.750000
0.884615
0.007080
0.227273
0.008301
-0.011353
0.005371
0.833333
0.043478
0.128713
0.003052
0.000488
0.200000
0.012085
-0.001343
-0.003296
0.001831
0.002075
0.240385
0.310345
0.008179
8.750000
5.600000
0.829268
1.777778
1.000000
0.001587
1.729730
-0.007935
0.006226
1.343750
-0.004272
0.900000
0.486111
-0.025024
0.005249
0.638889
0.016602
11.000000
0.001343
0.000000
0.772727
0.008911
-0.011353
2.116505
-0.008423
0.001953
-0.000610
0.745098
0.702128
-0.002075
0.006714
0.134615
0.300000
0.454545
0.597222
0.681319
2.080000
0.005371
1.759259
0.002197
-0.009644
-0.018677
-0.005859
7.166667
1.254902
0.406977
-0.005981
0.000244
0.140351
0.000122
0.004639
0.000000
-0.002563
0.260870
0.008301
-0.000854
1.075472
11.875000
-0.006226
1.200000
0.016479
0.098877
-0.005371
0.007568
0.000000
-0.000122
0.471698
8.666667
-0.010498
2.357143
0.705882
0.812500
-0.000244
2.111111
2.000000
-0.007568
3.388889
5.117647
-0.002197
-0.006470
7.923077
-0.002197
1.230769
0.005737
1.233333
0.011719
0.009888
0.014648
0.005615
20.000000
-0.003540
0.417910
-0.011597
1.080000
-0.007202
0.006836
1.400000
2.351351
0.017090
0.012939
3.583333
0.007812
0.325301
1.166667
0.006714
0.831169
32.666667
0.352113
2.923077
0.000366
12.333333
-0.002563
-0.013672
3.097561
0.377778
4.400000
0.000366
0.001465
0.058511
-0.000854
0.003418
7.750000
1.578947
-0.003540
-0.012085
0.001099
0.009644
4.348837
1.353846
0.747368
0.008057
2.566667
0.008057
0.012207
0.000854
0.929825
0.000000
0.735849
0.250000
56.000000
0.024000
2.025000
-0.012207
0.394495
2.478261
0.014648
0.000366
7.500000
-0.001343
0.002075
4.750000
0.743243
0.432836
3.400000
1.746988
1.722222
1.869565
0.684932
2.034483
0.009277
0.397959
0.002686
0.585714
0.016235
0.909091
0.191176
3.875000
4.214286
0.273585
-0.009033
0.240506
0.005005
-0.014282
0.842105
1.243243
0.810127
-0.008301
0.444444
0.010620
0.000732
1.872340
-0.002930
9.000000
-0.000732
0.880282
-0.005981
0.005371
-0.008301
0.304965
1.479167
0.010376
1.285714
0.001709
0.015137
0.842105
0.920635
0.003662
-0.007935
-0.011841
-0.008057
0.003540
1.166667
0.002319
0.247059
0.275862
6.000000
0.888889
0.052632
2.548387
-0.001831
-0.004150
0.138554
-0.018433
-0.002075
-0.002808
1.950000
0.028571
-0.002075
2.000000
0.009399
0.011230
0.464286
0.002075
2.034483
-0.005737
0.003296
-0.006592
1.115385
0.010498
0.163934
-0.006348
-0.006104
0.016968
5.727273
-0.001953
0.523256
16.285714
0.336842
0.288889
0.163636
1.000000
2.128205
-0.013672
0.054545
-0.011841
2.064516
-0.009399
0.343284
0.256098
-0.004883
-0.002197
0.006470
0.368421
1.525641
0.794118
9.250000
0.266667
0.010864
1.466667
0.000977
5.909091
0.015259
2.785714
8.333333
-0.005737
0.089744
-0.003418
-0.003174
-0.003906
2.324324
-0.020874
-0.007568
0.012329
0.012817
0.400000
3.500000
0.002930
0.446154
0.760870
-0.010742
0.003052
-0.014282
-0.003540
0.530612
-0.005249
-0.012329
-0.007812
0.345455
3.714286
19.500000
-0.017212
1.485714
0.015747
0.003174
0.557576
0.223881
-0.000732
0.005859
0.387097
0.619048
2.311111
-0.008301
0.202247
-0.003296
1.281250
-0.000732
1.408451
0.937500
-0.012085
0.104167
1.480769
0.394366
0.340000
0.590909
0.545455
0.010498
-0.001709
4.312500
1.035714
0.160584
0.647059
-0.005859
3.233333
10.100000
2.977778
0.022583
-0.006592
0.000854
1.193548
0.317460
2.000000
0.000366
0.348837
-0.000610
4.777778
2.903226
0.004395
-0.004395
0.008545
6.400000
0.010132
1.974359
0.852459
-0.001221
0.426829
1.166667
0.200000
2.170732
-0.004517
0.007202
0.227273
5.095238
-0.002319
0.487179
0.383721
0.112782
8.555556
-0.005127
2.656250
0.005127
1.655172
0.004028
-0.001953
1.053571
0.018433
1.390244
0.002686
1.225806
0.287500
0.262136
-0.010620
0.002563
1.127273
0.001953
-0.003784
-0.007935
0.008179
5.272727
0.736842
0.519231
-0.007690
0.289855
-0.007690
-0.000488
-0.006348
0.008423
0.006470
0.004395
0.539683
1.169492
0.285714
4.846154
2.571429
0.692308
0.003540
0.011108
0.987952
1.400000
-0.001709
-0.003174
0.940299
-0.004028
0.002686
0.800000
0.005859
-0.001709
0.001953
-0.001099
-0.004272
-0.002808
-0.001587
29.500000
0.591549
0.472727
0.935484
2.058824
-0.004150
2.666667
0.605634
1.277778
32.000000
0.002441
0.000854
0.000244
-0.014404
-0.001343
0.025862
-0.009399
1.750000
0.688889
-0.005981
3.600000
1.192308
-0.008911
0.327044
-0.003052
0.718310
0.018182
-0.001465
-0.004395
1.500000
5.000000
-0.008911
0.175439
1.105263
0.363636
0.234568
0.796610
0.222222
-0.002808
-0.025146
-0.003296
1.292683
2.333333
0.391304
5.000000
-0.003662
-0.002197
0.003540
2.500000
0.938776
-0.007202
1.315789
0.004517
-0.005737
-0.003662
-0.006226
1.578947
-0.008545
-0.002930
0.025862
-0.006958
-0.000610
5.000000
0.002563
0.580153
0.673267
5.214286
3.200000
-0.003174
89.000000
0.016357
-0.008301
-0.002441
-0.000732
-0.003174
0.002197
7.350000
0.323077
0.666667
-0.012939
-0.006348
0.250000
5.368421
2.000000
2.200000
3.428571
-0.009521
1.027778
1.229730
0.238095
15.545455
-0.005615
-0.006470
0.388889
0.692308
-0.004883
0.026733
0.001221
2.000000
0.109091
0.001343
-0.005859
-0.005737
-0.009644
-0.010864
4.428571
0.500000
0.214286
0.003296
0.002075
-0.005615
1.066667
0.006348
-0.005615
2.388889
0.000000
-0.004150
0.333333
0.007324
0.020000
1.000000
0.001343
0.911290
37.000000
1.070175
80.000000
3.470588
0.003662
0.000000
-0.001953
0.127273
2.685714
1.187500
1.181818
0.014282
0.002563
1.219512
1.586207
0.034483
0.006714
-0.007080
0.002563
0.500000
-0.006592
-0.001221
-0.004150
0.230769
0.311475
-0.002075
9.000000
-0.001831
-0.001587
1.727273
0.012817
0.407407
0.008301
0.016479
4.705882
1.000000
-0.003784
9.000000
0.960000
1.695652
0.539062
10.666667
-0.002808
0.278846
0.009033
-0.010498
2.896552
-0.009521
-0.006226
-0.000488
2.875000
0.459016
0.156250
1.019481
1.750000
-0.001099
0.000244
0.692308
1.583333
0.438356
0.000000
1.645161
0.043011
-0.002686
0.530864
0.001831
2.457143
89.000000
8.666667
-0.009033
0.250000
0.007202
-0.001587
0.010254
0.378641
-0.008911
-0.008789
0.894737
-0.009033
0.085366
-0.001099
0.757282
-0.007324
0.005005
0.097561
-0.000610
1.203125
0.500000
-0.001587
13.700000
12.916667
0.010010
0.004761
6.714286
5.666667
11.500000
1.230769
0.589041
0.120000
-0.001099
0.016529
0.007202
3.117647
-0.008667
0.003052
-0.011719
-0.008789
-0.006592
0.369369
-0.008423
5.250000
0.001709
0.355556
0.006714
1.250000
2.491228
-0.008301
0.108108
0.001465
7.916667
0.009521
0.014404
0.003540
-0.011719
0.002319
1.224138
0.001953
0.004150
0.352113
0.037842
1.452381
-0.011597
1.000000
0.001099
0.046296
0.004883
-0.010376
0.001709
0.002319
-0.008667
0.008057
4.285714
0.087379
2.333333
-0.010986
0.551724
0.003296
-0.000854
0.007324
1.000000
0.503937
3.714286
0.009399
0.305882
4.281250
0.000488
0.010132
0.008545
1.600000
-0.008423
-0.016479
14.800000
0.988095
-0.012695
-0.003662
2.583333
-0.008789
-0.002563
0.011628
2.488372
2.921053
0.183333
0.128713
0.200000
0.002563
-0.005737
1.153846
0.254902
-0.000244
8.416667
0.213115
-0.018555
1.742857
0.001221
1.756757
-0.002197
-0.011475
0.500000
1.645833
6.272727
-0.006958
0.000488
0.011841
0.011475
0.571429
-0.012329
-0.003906
0.271845
-0.008545
-0.013916
0.052632
0.961538
3.129032
2.210526
0.780303
0.750000
-0.008667
0.012329
0.008789
106.000000
10.090909
1.631579
-0.009399
0.011597
0.617486
0.017241
0.725000
1.857143
0.001221
1.372093
2.000000
