1.000000
0.010986
0.408602
1.806452
6.066667
0.418367
0.382979
1.707317
0.180723
0.760870
0.607143
1.688172
0.790323
0.724138
6.750000
52.500000
1.666667
0.793103
2.833333
0.224806
6.333333
3.760000
1.918919
1.567568
1.764706
0.125000
2.000000
2.081967
0.237500
1.542373
2.090909
1.161290
0.355263
0.010742
0.957143
1.366197
3.636364
1.174603
1.000000
5.160000
5.166667
14.250000
4.615385
14.500000
10.800000
2.866667
2.062500
7.750000
0.376623
2.714286
4.200000
0.771930
1.173077
2.142857
15.800000
6.000000
7.733333
1.750000
1.350000
0.007446
1.888889
0.517857
1.622642
1.471698
2.192308
1.057143
1.940299
11.363636
2.038462
5.250000
15.000000
2.208333
10.181818
0.863248
2.116667
1.328358
3.128205
4.093750
2.032258
1.064516
5.625000
0.250000
1.843750
1.891892
0.400000
1.500000
20.666667
3.941176
1.547619
3.291667
3.131579
0.069580
0.142857
2.088235
0.542857
5.571429
1.301887
3.030303
1.645161
12.666667
3.214286
0.195652
0.792208
4.090909
2.833333
2.704545
0.855670
0.221374
21.000000
0.358974
1.789474
0.445946
5.250000
0.875000
5.266667
9.600000
2.625000
7.000000
2.153846
29.333333
0.916667
1.205882
0.025757
4.250000
0.472527
1.720000
3.750000
0.538462
0.142857
2.428571
2.000000
53.000000
3.275000
2.777778
0.007568
7.600000
3.500000
0.219780
1.813953
37.500000
8.357143
2.340426
0.009644
0.405941
0.383721
0.566667
0.150685
11.666667
0.738739
0.727273
2.846154
7.785714
72.000000
0.679389
3.121212
2.477273
54.000000
3.393939
33.000000
1.000000
15.000000
0.287356
2.000000
0.654321
21.000000
10.000000
3.066667
1.053333
1.388889
1.214286
0.307018
6.928571
2.343750
16.000000
4.538462
4.625000
3.588235
8.909091
6.000000
4.750000
0.013672
0.640000
0.847222
2.166667
16.000000
0.340909
1.826667
2.022989
1.142857
0.858974
2.093750
0.019531
1.937500
0.742574
0.146552
1.100000
1.740741
2.222222
7.625000
3.038462
144.000000
1.000000
1.086957
1.500000
1.250000
1.176471
0.333333
1.750000
0.227273
0.008301
1.729730
0.310345
8.750000
5.600000
1.777778
0.638889
11.000000
0.772727
0.300000
2.116505
2.080000
1.759259
0.004639
0.000000
7.166667
1.075472
11.875000
2.357143
0.812500
2.111111
3.388889
5.117647
20.000000
1.230769
1.233333
32.666667
2.923077
12.333333
0.325301
3.097561
4.400000
4.348837
0.747368
7.750000
0.012207
0.929825
7.500000
56.000000
2.025000
3.400000
3.875000
4.214286
0.397959
0.585714
1.243243
0.810127
0.444444
1.872340
9.000000
0.880282
6.000000
2.548387
0.003540
1.166667
0.275862
1.950000
2.000000
0.163934
0.464286
5.727273
16.285714
0.343284
1.000000
2.128205
1.525641
9.250000
1.466667
5.909091
2.785714
8.333333
3.500000
3.714286
19.500000
1.485714
0.557576
1.408451
0.937500
2.311111
0.394366
1.281250
0.022583
4.312500
2.000000
3.233333
10.100000
2.903226
2.170732
6.400000
5.095238
0.487179
8.555556
2.656250
1.655172
1.127273
1.053571
0.008423
5.272727
1.169492
4.846154
0.692308
0.987952
1.400000
0.940299
29.500000
0.935484
2.058824
2.666667
32.000000
3.600000
0.327044
0.718310
0.796610
1.500000
5.000000
2.333333
5.000000
1.578947
2.500000
1.315789
5.000000
0.673267
7.350000
89.000000
0.250000
5.368421
3.428571
1.027778
2.000000
15.545455
0.388889
4.428571
0.500000
0.020000
1.066667
37.000000
80.000000
3.470588
0.034483
2.685714
1.187500
0.407407
4.705882
9.000000
9.000000
1.727273
10.666667
1.750000
2.896552
1.583333
2.875000
1.645161
0.530864
2.457143
89.000000
0.250000
0.757282
6.714286
11.500000
0.589041
13.700000
3.117647
1.250000
2.491228
0.369369
7.916667
1.000000
0.046296
1.224138
0.352113
1.452381
4.285714
4.281250
0.551724
1.600000
1.000000
14.800000
0.200000
2.583333
0.254902
8.416667
1.742857
1.756757
-0.002197
1.645833
6.272727
3.129032
2.210526
0.750000
1.857143
106.000000
