0.333333
1.850746
0.010132
2.157895
0.009277
46.333333
0.010742
0.014648
0.003662
0.670213
-0.019897
0.004395
0.285714
0.005127
-0.015503
0.305556
0.005005
7.233333
7.833333
0.013514
0.002075
1.565217
-0.001099
2.111111
0.004272
0.988764
0.009521
2.333333
1.175000
0.692308
0.267857
0.326316
-0.009033
-0.006104
0.007935
-0.004028
0.807692
0.750000
2.615385
-0.000244
-0.015625
-0.007446
1.742424
-0.003540
0.305556
-0.015137
0.548387
0.000366
0.219512
0.203883
1.480000
13.888889
-0.007568
0.001343
-0.006348
-0.006104
16.833333
0.011841
0.001221
0.606557
0.170732
0.646018
0.002441
0.772727
2.341463
8.120000
-0.015259
1.716981
0.001831
0.692308
23.333333
6.772727
2.818182
0.283019
3.428571
0.678571
1.047619
11.000000
0.530303
6.055556
0.274510
-0.004517
0.011963
0.001831
0.000977
0.001099
-0.013794
0.008057
0.002441
0.590909
10.285714
0.006226
4.250000
0.002319
0.004883
2.000000
0.005859
0.529412
21.250000
-0.013306
0.886598
0.277778
0.017212
-0.012207
0.793103
0.009399
0.662338
1.920000
1.866667
-0.005981
0.013158
0.377049
2.087719
0.011597
0.705036
-0.001221
-0.009277
0.439560
60.000000
0.006714
