-0.200073
0.170410
-0.146729
0.097412
-0.068848
-0.162842
-0.247559
0.083496
-0.241577
-0.232910
0.116455
0.141602
-0.006836
-0.179932
0.086792
0.296997
-0.122070
-0.172852
-0.131226
0.166260
0.145996
-0.093628
0.135742
-0.250366
0.146851
0.187256
-0.152954
0.150879
0.020020
0.073364
-0.182373
0.209595
-0.119873
0.047852
-0.156860
0.074097
-0.023438
0.121216
-0.074463
0.073730
-0.004395
0.144653
0.198853
0.090820
-0.143066
-0.007935
-0.191284
-0.101196
-0.132690
-0.102295
-0.060059
-0.024048
-0.031860
0.207153
-0.184448
-0.050903
0.000977
0.143921
0.153564
0.138916
-0.084106
-0.164062
-0.164429
0.121338
-0.099487
0.118408
0.097778
-0.099609
-0.198364
0.205688
0.127563
-0.088135
-0.038086
0.034180
-0.055542
0.210327
0.193604
-0.012573
-0.075928
-0.035400
0.120850
0.136719
0.174805
-0.081055
-0.183960
0.068726
-0.137695
-0.013550
-0.012451
0.036133
0.113770
0.197021
0.138672
0.190063
0.163818
-0.107056
-0.180786
-0.159058
-0.146240
-0.046997
-0.056519
-0.176147
0.119751
-0.039062
0.106812
-0.166504
-0.122559
0.180664
0.042725
-0.171265
-0.001831
0.177612
0.165527
0.058716
-0.071655
-0.015137
0.166504
-0.234497
0.140137
-0.160034
0.110840
-0.168945
-0.219238
0.007935
0.214722
-0.184570
0.138306
0.093750
-0.141846
0.221924
-0.020386
-0.020752
0.080444
-0.043579
0.170776
-0.210449
-0.052246
0.052002
-0.038940
-0.171509
-0.207886
-0.155151
0.200317
-0.118896
0.276245
-0.208984
-0.030151
-0.019287
-0.029663
0.166992
0.126343
-0.001953
-0.082153
0.188843
0.182129
-0.105225
-0.078369
0.093140
-0.136353
-0.016357
0.220215
-0.139038
0.160034
-0.033691
-0.195312
0.085205
0.026245
-0.111816
-0.173096
-0.117676
-0.113770
-0.075684
0.188843
-0.181396
0.091675
-0.211914
-0.169189
0.171143
0.124268
-0.187744
-0.081909
-0.142944
-0.182373
-0.132080
0.053101
0.051636
0.190918
0.147705
0.127686
0.114868
-0.167725
0.142334
-0.243774
0.055176
0.058105
-0.110718
-0.090332
-0.132324
0.097168
0.107422
0.056641
-0.036377
-0.123901
0.000610
-0.184082
-0.117065
0.052368
-0.037354
-0.133789
0.202759
0.145874
0.160522
-0.128662
0.170776
-0.044678
0.200806
-0.160156
0.171753
0.167725
-0.062622
-0.195801
0.174194
0.169922
-0.011963
-0.064941
0.073120
-0.175537
0.093262
-0.077393
0.133423
0.048218
0.075317
-0.079468
0.150024
-0.131348
0.083374
0.020508
-0.106445
0.177490
0.000977
0.203491
-0.149048
-0.128052
-0.052612
0.101807
0.221802
0.184937
-0.064941
0.119141
0.133301
0.123169
0.228027
0.080688
-0.043823
0.132690
0.061401
0.286499
0.063843
-0.189087
0.219360
0.130615
-0.068726
0.321899
-0.142578
-0.116089
0.110229
-0.207397
-0.050659
0.135620
0.072266
-0.042847
-0.139526
-0.168091
-0.175659
-0.158325
-0.136475
-0.106445
-0.072266
0.217407
0.054810
-0.007568
-0.096069
-0.106445
0.162720
-0.105713
0.132446
-0.008789
0.208984
0.173950
-0.194702
-0.108887
-0.074707
-0.072144
-0.197754
0.172363
0.209961
0.122559
-0.171265
-0.183716
-0.017456
0.158813
-0.060913
-0.203857
-0.117676
-0.032349
0.104004
0.065918
-0.179810
-0.249878
-0.013794
-0.041016
0.157227
-0.124512
-0.082275
-0.060059
0.070435
0.119873
-0.177979
0.090210
-0.105591
0.189819
-0.127686
-0.188477
0.143921
-0.004028
-0.071411
-0.228882
-0.168335
0.054810
-0.039917
0.123901
0.033325
-0.065063
0.145508
0.067505
-0.151978
-0.183472
0.103882
-0.064941
0.066895
0.136719
0.161743
-0.106445
-0.019043
-0.078857
0.114746
0.152100
-0.201294
-0.186646
-0.191040
-0.036987
-0.111694
-0.065308
-0.159912
0.083862
-0.025269
0.052490
-0.171021
-0.071533
0.034790
-0.109253
-0.021729
-0.048828
0.182373
-0.155151
-0.161865
0.195801
-0.063110
0.100342
0.224609
-0.115112
0.085815
-0.171997
-0.139038
-0.214722
-0.138550
0.078491
-0.215820
-0.014282
-0.123169
-0.163574
-0.102417
-0.000366
-0.230835
-0.034302
-0.164429
-0.010742
0.120483
0.152100
0.207153
-0.116821
0.187866
-0.045898
-0.199585
-0.100586
0.103516
-0.045410
0.045898
0.004272
-0.181030
0.176392
0.104736
0.119385
-0.186523
0.145020
-0.200317
-0.099365
-0.015625
0.177002
0.058228
-0.211182
0.139771
0.209106
-0.077759
-0.007690
-0.193726
-0.208130
0.208374
-0.155029
-0.165771
-0.090210
-0.231323
0.094849
-0.221191
0.278320
-0.083496
0.210205
-0.186157
0.050903
0.057495
0.168945
-0.127808
-0.056763
0.096436
-0.008667
-0.211182
-0.067749
-0.017700
0.026123
-0.062134
-0.024170
0.140503
0.039795
0.149658
0.044556
0.053467
-0.126221
0.123535
-0.069092
0.087158
0.068848
-0.130371
0.097168
-0.080933
-0.115112
0.165405
-0.032959
0.033203
-0.200195
-0.095581
0.031494
0.037476
0.057129
0.066040
0.169678
0.197632
0.040894
-0.052368
-0.147583
0.204956
0.154419
-0.120361
-0.034546
-0.194824
0.226196
-0.214233
-0.098022
0.015015
0.056396
0.086426
0.141968
0.186157
-0.104614
-0.039429
0.067505
0.223999
0.111450
-0.000610
0.034180
0.047974
-0.187378
0.131470
-0.034668
-0.080933
-0.134399
-0.238647
-0.149292
0.018921
-0.015869
-0.074463
-0.185791
-0.202026
-0.243164
0.197998
-0.031006
-0.081055
0.202881
0.025757
0.054810
0.054077
0.072266
0.050537
-0.086548
0.201782
-0.058960
0.008667
-0.029053
0.144531
-0.136841
-0.172974
0.072510
0.270874
-0.208252
-0.172241
-0.190796
0.100220
0.203735
0.138794
0.049316
-0.082397
0.021118
-0.207397
-0.086548
-0.007080
-0.190186
-0.105469
-0.065063
0.058960
0.119751
0.239502
-0.074097
0.229980
-0.057495
0.185913
-0.317139
0.186157
0.141479
0.152344
0.015259
0.096558
0.171875
0.037842
-0.152466
-0.220093
-0.080566
-0.094604
0.069458
0.097412
-0.113770
-0.052734
-0.245361
-0.046265
-0.086304
0.127686
0.187134
0.185791
0.042725
0.122437
-0.044678
0.158325
0.098267
0.106323
-0.268555
-0.049683
-0.118042
0.128296
-0.126343
-0.022949
0.205933
-0.136719
0.095459
0.074951
-0.107422
-0.108154
-0.089233
-0.121704
0.203857
0.182251
0.016968
-0.008423
0.147217
-0.171143
-0.018433
-0.106445
-0.191406
-0.219482
0.168213
0.141235
0.133179
0.083252
0.045532
-0.104004
0.129395
-0.191040
-0.237427
-0.078247
-0.117188
-0.062012
-0.023682
0.122314
-0.146362
0.152710
0.205933
0.214722
-0.196045
-0.158081
0.086304
0.057983
-0.188232
-0.157104
0.070679
0.130249
-0.081543
0.060669
-0.138794
0.019653
-0.169678
0.195557
0.084229
0.172607
-0.137817
0.175293
-0.141113
0.138916
-0.114868
0.271240
-0.025391
-0.030151
-0.119141
-0.001465
-0.088745
-0.160767
-0.084717
0.087769
-0.106201
0.206543
0.171997
-0.118530
-0.143188
-0.109985
0.009033
-0.074341
0.024048
-0.082397
-0.138672
-0.202393
0.009766
0.172241
0.110107
0.134644
-0.100952
0.156006
0.238037
0.094849
0.194946
-0.075928
0.051636
-0.113403
0.098999
-0.190430
0.199463
0.099609
0.158936
0.067993
0.200317
0.148193
0.059814
-0.114990
0.112793
-0.171997
-0.190063
0.112915
-0.078857
-0.018799
0.050171
0.198730
-0.240356
-0.187744
-0.200806
0.026611
-0.061890
0.035889
0.248413
-0.084106
-0.189819
-0.023438
0.049805
-0.070557
0.124023
0.001099
-0.183472
0.086304
-0.097290
0.113403
-0.065918
-0.037354
-0.165527
0.174927
0.150146
-0.207275
-0.003296
0.133545
0.101562
-0.005493
0.008423
0.083496
-0.181030
0.154297
0.109985
-0.064453
-0.110107
-0.204712
-0.089111
-0.080444
0.101440
0.100708
0.168579
0.320190
0.197998
-0.292114
0.021240
-0.075195
0.262451
0.063965
-0.078247
0.013550
0.094238
0.029541
-0.108154
-0.127808
-0.075928
0.059448
-0.219849
0.122070
-0.038940
0.196533
-0.220947
0.023438
-0.068726
0.031128
0.059326
-0.167725
-0.033936
0.037109
0.040405
0.045410
-0.170288
-0.007080
-0.004639
-0.010376
0.208252
-0.224487
0.012329
0.075439
-0.146973
-0.114258
-0.066895
-0.176514
0.117554
0.189819
0.023926
0.173584
-0.039429
0.118042
0.165649
0.101318
0.027588
0.187378
-0.116577
0.040771
0.164185
-0.147583
-0.095093
-0.015259
-0.265259
-0.028931
0.148560
-0.004272
-0.189941
-0.023315
0.047119
-0.078613
-0.093018
0.087646
0.161499
-0.108887
0.154907
-0.144043
-0.177490
0.115234
0.245605
-0.122437
-0.119019
0.161255
0.207275
0.030640
-0.106079
0.225220
-0.036865
0.142578
-0.150391
0.179565
0.197144
0.012817
-0.098511
-0.064819
0.086914
0.013672
0.156738
-0.003540
0.144043
-0.214600
0.101807
0.213501
-0.047974
0.167114
0.137939
-0.010986
0.099487
0.063599
0.135742
0.188843
0.021973
-0.003662
-0.250732
-0.157959
-0.073364
-0.015503
0.245239
0.103271
-0.002686
0.050537
0.139526
0.141357
0.099609
-0.162842
0.107788
0.112305
-0.028687
0.126099
-0.075684
-0.018799
0.002808
-0.144043
0.156616
0.140015
-0.118896
0.007080
0.248413
0.257446
-0.036865
-0.153198
-0.131470
0.149902
0.152588
0.143188
-0.039429
0.176636
-0.184448
-0.039062
-0.150635
0.100586
0.194092
-0.089355
-0.133057
0.034546
-0.087402
0.045654
-0.033936
0.062866
-0.048950
-0.133545
-0.064819
0.006226
-0.201904
-0.109253
-0.099731
-0.179077
0.127075
0.080811
0.013672
-0.078247
0.093872
-0.246582
-0.158081
0.260864
-0.279175
0.154907
0.096069
0.071899
-0.110107
0.243408
0.267944
-0.162231
0.218628
-0.008179
-0.197510
-0.192993
0.143066
0.179810
0.201294
-0.135376
-0.194580
-0.101807
-0.148560
0.016113
0.024292
-0.150513
0.127686
-0.179321
-0.153320
-0.246460
0.010254
-0.046021
-0.153442
0.030273
-0.200684
-0.098267
-0.203979
0.141846
-0.020874
0.054443
-0.282837
0.051392
0.182983
-0.056396
-0.151978
0.186890
-0.154541
-0.209961
0.055908
0.100098
0.147217
-0.148682
-0.126465
-0.190552
-0.116577
0.119385
0.178711
0.131592
-0.086060
-0.195068
0.044312
-0.005615
-0.258789
-0.078979
0.171143
-0.005737
-0.037598
-0.139404
0.049927
-0.140991
0.023560
-0.220215
0.180420
-0.217285
-0.229126
-0.129639
-0.146851
-0.117310
0.156250
-0.045288
-0.026611
-0.195068
0.015015
-0.212524
-0.081787
-0.137207
0.015625
0.110962
0.076294
-0.180664
0.065186
0.158691
0.208130
0.072754
0.119507
-0.003540
0.098145
-0.208740
-0.140381
-0.087402
0.005127
-0.048584
0.137695
-0.229370
-0.135498
0.199097
0.151367
0.118896
0.099365
-0.196411
0.140137
0.055176
-0.128540
0.033081
0.055176
-0.077637
0.163208
-0.168457
-0.127563
0.113770
-0.186157
-0.009155
-0.197266
-0.128296
0.019531
0.018921
0.091553
0.134399
0.031250
-0.122559
0.233521
0.157227
0.215210
-0.004639
-0.064819
0.114746
-0.112183
0.141602
0.078735
0.123901
-0.134277
-0.196411
0.037598
0.129761
0.029419
0.137573
-0.177368
0.161621
0.158081
0.169434
-0.121460
0.175537
0.219849
-0.159180
0.036377
-0.197266
0.191284
0.221680
0.090454
-0.045654
-0.116577
-0.089844
0.130249
-0.092407
0.078735
0.196411
0.166260
0.072388
-0.176758
-0.118286
0.081787
-0.185059
0.178101
-0.075073
0.185181
-0.115967
0.055786
-0.131592
0.022949
0.001221
-0.200439
-0.178711
0.208862
0.192261
0.129150
0.075928
0.067139
0.180786
0.205688
0.010498
-0.157471
-0.189087
0.104736
-0.081421
0.055176
0.115112
0.179199
0.068726
0.049194
0.129272
0.120972
-0.168091
0.003906
-0.105957
-0.253174
0.107422
-0.146729
0.117676
-0.134888
0.030151
-0.013184
0.242188
-0.169556
0.107666
0.163940
0.161133
-0.041382
-0.065186
-0.112793
-0.115234
0.159180
-0.151245
-0.119263
0.107788
-0.214722
-0.105713
0.147217
-0.137573
0.177246
0.191895
-0.109131
-0.064453
-0.170410
-0.032593
0.101318
0.108521
-0.179565
0.100098
0.055420
-0.039185
-0.180664
-0.169678
0.076416
0.046509
-0.175171
-0.020874
-0.023926
-0.206177
-0.079712
0.280273
0.264038
0.004395
-0.047607
0.125977
0.007446
-0.160522
0.176270
-0.072754
0.234619
-0.155273
0.010864
-0.036255
0.226074
0.142456
0.198242
0.234131
0.153564
0.157959
-0.255737
0.027100
-0.033447
0.002686
-0.274170
0.201660
-0.173096
0.027954
0.144531
0.059448
0.182251
-0.120605
-0.106201
0.025269
-0.137329
0.198730
-0.099365
0.088013
-0.108154
-0.130981
0.210815
0.114502
-0.075562
-0.074341
0.185425
0.126831
0.122803
0.089478
0.051392
-0.183472
-0.198730
-0.203125
0.102539
-0.194092
0.020996
-0.148438
-0.056274
-0.113525
-0.056152
0.192993
