0.833333
0.031250
0.444444
0.421053
0.200000
0.121094
0.500000
0.666667
-0.007812
1.400000
-0.062500
0.928571
2.142857
0.150000
4.200000
-0.019531
-0.031250
0.042969
-0.003906
0.387097
0.866667
-0.011719
1.000000
1.090909
0.000000
0.015625
0.294118
0.234375
-0.023438
1.590909
0.250000
1.421053
0.500000
1.444444
3.333333
0.166667
1.333333
-0.046875
0.666667
0.384615
0.066406
0.833333
0.030303
0.003906
0.000000
0.416667
1.350000
0.071429
0.640000
0.023438
0.039062
0.057143
0.011719
-0.007812
0.011719
0.238095
0.071429
-0.011719
0.011719
0.027344
0.571429
0.351562
0.023438
0.082031
3.500000
0.818182
-0.082031
0.631579
1.375000
0.019531
-0.003906
0.095238
0.015625
0.031250
0.050781
0.000000
0.058594
-0.011719
0.000000
2.750000
0.039062
0.054688
1.555556
0.526316
6.000000
2.285714
2.625000
1.750000
-0.062500
0.585938
0.307692
0.230769
-0.058594
-0.007812
0.000000
-0.015625
3.000000
0.375000
0.857143
0.500000
0.148148
0.291667
-0.000000
1.625000
-0.003906
0.291667
0.027027
-0.003906
-0.011719
0.000000
0.039062
0.250000
-0.007812
2.000000
-0.101562
0.007812
0.062500
-0.039062
1.000000
0.571429
0.437500
0.826087
0.000000
0.333333
-0.003906
0.571429
0.007812
-0.007812
0.076923
1.428571
1.428571
0.500000
0.019531
4.250000
1.000000
-0.046875
1.571429
0.333333
-0.000000
0.833333
0.000000
-0.117188
0.050781
12.000000
0.042969
5.500000
0.052632
-0.027344
0.888889
0.000000
1.333333
0.533333
8.000000
0.027344
-0.035156
0.062500
0.050781
0.050781
-0.046875
8.500000
0.100000
0.800000
4.000000
1.500000
0.074219
0.031250
-0.007812
-0.011719
0.050781
0.692308
0.700000
0.125000
0.035156
-0.050781
-0.039062
0.000000
-0.074219
0.066406
-0.023438
3.200000
4.666667
1.333333
-0.019531
0.039062
0.315789
-0.050781
-0.042969
0.386364
0.115385
5.000000
0.078125
1.000000
-0.078125
-0.031250
0.750000
0.666667
0.042969
0.050781
0.007812
0.023438
0.007812
-0.015625
-0.003906
-0.085938
-0.015625
-0.027344
-0.007812
0.888889
0.003906
0.015625
0.054688
0.428571
0.000000
0.333333
2.166667
0.039062
1.083333
1.875000
0.074219
0.078125
0.285714
2.100000
0.082031
1.222222
0.019531
1.142857
-0.031250
2.000000
0.125000
-0.039062
0.039062
-0.039062
-0.058594
-0.023438
0.007812
0.003906
0.000000
0.074219
0.082031
0.011719
0.023438
-0.015625
2.750000
0.003906
-0.027344
-0.019531
0.027344
3.400000
0.800000
0.117647
-0.066406
0.533333
0.157895
-0.023438
6.333333
0.000000
-0.031250
-0.023438
0.023438
0.555556
-0.035156
0.027344
-0.039062
0.042969
-0.023438
-0.031250
1.555556
0.046875
4.000000
0.050781
0.046875
0.000000
3.500000
1.600000
0.500000
1.117647
-0.011719
0.000000
0.259259
0.054688
0.350000
-0.031250
6.000000
-0.039062
1.000000
0.536585
0.000000
0.045455
0.015625
0.003906
-0.042969
0.058594
-0.074219
0.082031
-0.011719
0.176471
0.023438
0.031250
-0.011719
0.011719
0.042969
0.062500
0.764706
0.083333
1.000000
0.019531
0.250000
1.187500
0.069767
0.000000
0.437500
0.003906
0.023438
0.687500
0.046875
-0.042969
0.035156
0.000000
1.533333
1.466667
0.101562
0.095238
13.000000
0.042969
0.023438
-0.089844
-0.023438
4.750000
-0.003906
0.042969
2.000000
0.318182
0.007812
0.807692
-0.113281
0.019531
-0.007812
0.538462
0.235294
-0.015625
0.023438
0.652174
-0.035156
3.666667
-0.007812
1.500000
1.250000
0.090909
0.000000
6.000000
0.187500
0.333333
1.642857
-0.042969
0.277778
0.015625
0.709677
0.023438
0.074219
-0.058594
7.000000
-0.019531
0.035156
0.600000
0.045455
0.000000
0.071429
0.714286
2.500000
-0.027344
-0.007812
-0.031250
0.875000
-0.105469
0.200000
8.000000
0.153846
-0.003906
-0.035156
0.019531
-0.058594
0.046875
0.050781
0.015625
0.027344
-0.011719
0.000000
0.000000
0.015625
-0.035156
0.200000
0.007812
0.023438
14.000000
0.375000
0.078125
0.031250
0.388889
-0.039062
0.078125
6.500000
0.050781
0.019531
1.111111
7.500000
0.042969
-0.011719
-0.007812
0.000000
-0.046875
0.078125
-0.031250
1.333333
0.027344
1.000000
0.015625
-0.042969
15.000000
0.200000
0.000000
0.027344
0.833333
0.039062
0.714286
0.019531
0.031250
0.181818
-0.113281
3.750000
0.470588
0.666667
-0.070312
0.700000
1.000000
0.454545
0.027344
0.042969
-0.023438
-0.003906
-0.035156
0.035156
8.500000
2.777778
0.035156
1.800000
0.272727
-0.023438
0.714286
1.200000
0.046875
0.031250
1.142857
11.000000
0.923077
0.085938
0.000000
0.050781
0.692308
0.500000
2.333333
0.000000
0.039062
-0.050781
-0.003906
-0.039062
-0.074219
0.120000
2.428571
-0.011719
0.583333
0.142857
0.242424
0.000000
0.888889
0.578947
0.458333
0.480000
1.555556
-0.007812
0.050000
0.015625
-0.003906
0.166667
1.250000
2.750000
-0.027344
0.000000
0.039062
-0.039062
-0.023438
0.050781
-0.042969
0.181818
0.046875
0.437500
0.964286
-0.066406
0.007812
0.230769
0.000000
0.380952
0.666667
0.027344
0.480000
1.071429
0.800000
4.200000
5.000000
0.023438
0.666667
0.070312
0.235294
2.166667
-0.054688
-0.007812
0.761905
0.019531
-0.066406
-0.007812
0.035156
-0.011719
0.166667
0.708333
1.142857
0.078125
0.050781
0.800000
0.000000
-0.031250
2.400000
-0.000000
0.007812
0.333333
1.416667
0.054688
0.023438
0.023438
-0.085938
0.000000
2.000000
0.023438
1.588235
1.600000
0.166667
0.046875
-0.070312
6.200000
9.000000
0.011719
1.666667
2.000000
10.500000
0.750000
2.555556
0.103448
0.023438
1.000000
-0.011719
0.200000
0.769231
0.003906
-0.042969
0.714286
-0.042969
0.039062
-0.078125
0.153846
7.000000
-0.089844
0.031250
0.105263
-0.003906
0.333333
-0.070312
0.062500
3.333333
0.264706
0.035156
0.000000
2.400000
0.007812
0.000000
0.347826
-0.035156
0.166667
0.090909
0.125000
0.476190
14.000000
1.333333
0.045455
0.500000
0.000000
-0.054688
0.125000
0.266667
0.625000
0.900000
0.015625
0.066667
0.039062
0.019531
8.333333
8.500000
2.428571
-0.015625
2.500000
0.058594
0.062500
4.000000
3.250000
0.142857
0.586207
1.636364
-0.000000
0.125000
1.352941
0.042969
0.046875
0.019531
6.000000
0.800000
2.285714
-0.058594
0.448276
2.000000
0.011719
10.500000
0.166667
-0.042969
-0.019531
0.062500
0.166667
-0.019531
-0.042969
1.062500
0.615385
2.500000
-0.054688
0.904762
0.909091
0.066406
-0.078125
0.042969
-0.074219
0.200000
0.360000
-0.101562
-0.023438
0.400000
-0.007812
1.400000
-0.015625
0.074219
0.166667
14.500000
-0.019531
0.058824
0.000000
0.400000
0.300000
-0.007812
-0.003906
0.400000
4.500000
1.777778
-0.011719
0.136364
0.031250
4.666667
0.046875
0.625000
0.652174
0.019531
1.100000
-0.007812
0.015625
-0.015625
0.015625
1.600000
-0.132812
0.000000
-0.042969
27.000000
-0.062500
-0.042969
-0.039062
-0.019531
0.555556
0.078125
0.046875
0.500000
1.833333
0.200000
0.300000
0.019531
0.000000
0.089844
1.250000
0.035156
2.285714
-0.023438
0.023438
1.000000
2.000000
0.074219
0.011719
-0.082031
7.000000
0.023438
0.042969
-0.011719
0.035156
-0.003906
0.062500
0.007812
1.000000
0.285714
1.416667
0.133333
1.111111
1.400000
0.304348
0.007812
-0.007812
-0.046875
-0.050781
0.133333
0.090909
0.750000
1.600000
-0.015625
0.000000
-0.027344
0.714286
0.916667
0.015625
-0.070312
-0.007812
-0.078125
0.011719
0.035156
1.000000
0.437500
-0.019531
0.003906
-0.042969
10.333333
0.166667
-0.007812
0.409091
2.625000
0.035156
1.250000
10.000000
0.400000
0.590909
0.035156
0.478261
0.011719
0.093750
0.590909
0.571429
0.192308
-0.003906
0.500000
0.600000
0.260870
0.500000
0.054688
0.789474
0.089844
-0.035156
0.421053
0.437500
-0.042969
1.636364
0.227273
0.384615
-0.082031
0.003906
-0.035156
0.003906
-0.050781
0.166667
0.473684
3.000000
-0.023438
-0.039062
0.031250
0.050781
-0.015625
0.476190
0.480000
0.375000
0.000000
0.700000
0.125000
-0.019531
0.666667
0.035156
15.000000
0.000000
-0.003906
1.666667
0.727273
-0.035156
3.500000
2.000000
1.000000
0.153846
0.100000
-0.019531
-0.035156
0.023438
-0.003906
-0.007812
0.916667
3.200000
0.019531
0.538462
0.230769
0.500000
3.333333
0.240000
0.187500
0.166667
0.500000
0.040000
0.388889
1.857143
-0.042969
0.027344
0.000000
-0.046875
-0.023438
-0.046875
-0.031250
0.827586
0.040000
0.458333
0.666667
1.333333
-0.003906
0.074219
8.000000
1.307692
7.000000
0.015625
0.333333
0.818182
0.347826
0.750000
-0.015625
-0.101562
0.250000
0.444444
0.250000
0.042969
1.400000
0.769231
0.187500
0.000000
-0.050781
0.015625
2.625000
0.307692
-0.054688
3.400000
0.454545
0.125000
5.500000
0.411765
2.166667
0.600000
1.000000
0.136364
0.000000
0.007812
0.538462
0.033333
0.280000
-0.023438
-0.042969
-0.011719
1.142857
0.121212
-0.007812
0.121212
0.000000
0.078125
-0.011719
0.909091
-0.117188
1.800000
0.631579
0.019531
0.007812
4.000000
1.333333
1.500000
-0.046875
0.545455
0.166667
2.500000
0.444444
-0.023438
2.750000
0.035156
0.039062
0.333333
1.333333
0.019531
-0.042969
0.500000
0.909091
-0.003906
0.680000
0.003906
-0.035156
-0.011719
0.210526
-0.031250
0.147059
0.101562
-0.015625
0.003906
0.066406
0.142857
-0.011719
-0.023438
0.416667
-0.070312
0.047619
0.019531
0.272727
0.031250
-0.027344
0.000000
-0.054688
0.000000
-0.070312
-0.019531
0.007812
0.800000
0.200000
0.375000
3.200000
0.680000
3.000000
2.166667
0.003906
-0.054688
0.285714
0.214286
3.333333
1.142857
0.390244
0.011719
0.000000
0.050781
-0.011719
0.027344
-0.003906
0.181818
0.019531
0.342857
1.062500
0.354839
0.000000
0.015625
0.023438
0.023438
1.000000
0.692308
-0.031250
-0.066406
0.636364
0.390625
1.384615
0.058594
0.070312
-0.003906
0.117188
0.789474
-0.023438
-0.015625
0.434783
0.039062
-0.066406
-0.003906
0.428571
0.023438
0.437500
0.011719
-0.003906
0.015625
0.003906
0.606061
1.000000
3.500000
-0.027344
5.000000
1.000000
0.500000
0.500000
0.052632
0.428571
0.039062
0.023438
-0.058594
0.333333
-0.046875
1.200000
-0.031250
0.100000
1.333333
0.250000
7.000000
0.000000
2.058824
0.666667
0.027344
0.000000
0.600000
-0.003906
0.007812
0.761905
0.003906
1.076923
0.619048
-0.023438
-0.011719
4.500000
-0.003906
1.846154
0.200000
4.333333
0.666667
0.076923
0.019531
1.250000
0.039062
0.652174
1.000000
-0.007812
3.750000
0.000000
0.027344
-0.000000
4.666667
0.545455
0.333333
1.360000
3.375000
-0.019531
0.857143
3.200000
-0.007812
-0.031250
0.307692
0.580645
0.800000
-0.003906
0.294118
0.833333
0.042969
-0.019531
0.011719
-0.082031
-0.074219
0.019531
0.769231
1.600000
0.636364
0.600000
0.214286
0.011719
-0.011719
-0.019531
1.000000
1.000000
1.333333
0.250000
0.166667
1.000000
-0.003906
0.039062
6.500000
-0.046875
-0.023438
0.400000
1.625000
0.019531
0.363636
0.928571
0.082031
0.082031
0.003906
0.263158
0.272727
1.500000
0.117647
-0.023438
-0.015625
1.777778
0.039062
2.500000
0.571429
0.285714
0.045455
-0.082031
22.000000
1.769231
8.000000
0.027344
1.272727
6.000000
-0.046875
0.070312
1.250000
0.500000
1.333333
0.818182
0.351562
5.000000
0.054688
0.007812
-0.031250
1.052632
0.272727
0.740741
0.000000
-0.027344
-0.027344
0.105263
0.000000
1.700000
0.101562
0.035156
-0.015625
1.200000
-0.035156
0.007812
0.003906
0.039062
0.833333
0.888889
-0.039062
0.085938
0.833333
0.200000
0.933333
0.011719
-0.066406
1.600000
-0.078125
0.066667
0.035156
-0.003906
-0.046875
0.357143
-0.070312
-0.015625
0.187500
0.003906
-0.015625
2.000000
0.230769
0.054688
0.333333
0.555556
0.266667
1.125000
5.000000
0.000000
0.250000
0.482759
0.142857
0.111111
0.333333
0.100000
0.011719
0.666667
-0.050781
1.375000
1.833333
0.046875
0.058594
0.042969
0.500000
-0.015625
1.375000
2.000000
0.074219
-0.007812
1.000000
1.777778
-0.003906
0.117647
0.304348
-0.007812
1.000000
0.400000
0.424242
2.166667
0.000000
-0.031250
3.000000
-0.015625
1.043478
1.000000
0.023438
0.090909
1.583333
0.750000
-0.046875
0.541667
0.019531
0.019531
1.800000
0.035156
4.000000
0.000000
1.600000
0.015625
1.000000
0.666667
0.550000
-0.003906
0.400000
0.263158
3.500000
0.027344
0.000000
1.250000
0.007812
-0.035156
0.714286
0.031250
0.052632
0.113281
0.230769
1.363636
5.000000
-0.039062
0.023438
-0.015625
0.003906
-0.050781
-0.054688
0.500000
-0.019531
0.000000
0.928571
1.714286
-0.058594
2.750000
0.500000
0.266667
-0.015625
1.625000
0.500000
10.000000
0.076923
-0.007812
-0.082031
0.500000
0.428571
2.250000
0.031250
0.011719
-0.015625
3.000000
-0.023438
0.027344
0.000000
0.521739
10.000000
0.500000
-0.058594
0.039062
0.070312
0.003906
-0.031250
0.444444
0.416667
0.812500
0.011719
-0.097656
-0.066406
0.000000
2.142857
0.050781
-0.003906
-0.023438
1.333333
-0.054688
-0.035156
0.933333
-0.000000
0.039062
0.097656
0.027344
2.000000
0.019531
1.125000
-0.007812
1.000000
0.500000
-0.011719
0.078125
1.454545
0.027344
3.600000
-0.058594
4.333333
-0.054688
0.916667
-0.054688
-0.046875
-0.054688
0.250000
0.019531
-0.000000
3.600000
0.076923
0.111111
0.000000
-0.023438
-0.007812
-0.003906
0.238095
-0.035156
0.045455
0.058594
0.023438
5.000000
6.000000
0.250000
0.003906
2.000000
0.058594
0.222222
0.011719
6.250000
-0.066406
-0.058594
0.015625
0.507812
0.307692
19.000000
-0.058594
1.352941
0.750000
0.714286
0.833333
0.692308
-0.003906
2.200000
3.833333
0.166667
1.590909
0.190476
-0.023438
-0.023438
2.714286
0.111111
0.250000
1.000000
1.444444
0.666667
0.812500
-0.023438
0.928571
1.400000
1.000000
4.000000
-0.023438
-0.000000
0.000000
-0.031250
0.042969
0.273438
0.230769
0.003906
-0.000000
2.857143
0.137931
0.583333
0.085938
0.222222
1.750000
-0.015625
-0.035156
0.200000
0.015625
9.000000
0.023438
0.062500
0.142857
0.058594
0.666667
1.090909
3.000000
-0.062500
0.046875
-0.046875
0.015625
0.000000
0.039062
0.039062
0.166667
9.500000
0.303030
0.153846
0.285714
-0.019531
-0.019531
1.153846
-0.011719
0.015625
-0.031250
0.400000
0.416667
0.545455
0.007812
1.066667
0.000000
0.076923
0.500000
0.031250
-0.015625
1.500000
-0.089844
0.285714
0.736842
-0.035156
-0.031250
-0.062500
0.011719
0.007812
0.181818
0.750000
6.000000
1.750000
0.333333
0.007812
0.042969
-0.011719
-0.046875
0.011719
-0.015625
0.000000
0.272727
3.000000
0.585938
-0.035156
0.031250
1.533333
-0.019531
0.500000
0.195312
0.000000
0.750000
0.307692
-0.074219
6.750000
-0.078125
18.000000
0.097656
1.000000
0.272727
3.000000
0.007812
1.571429
2.181818
0.019531
0.062500
9.000000
0.538462
0.550000
2.142857
0.023438
1.785714
-0.031250
0.300000
0.333333
0.093750
0.117647
0.363636
2.750000
0.050781
0.039062
1.428571
0.007812
-0.003906
1.054688
8.333333
1.600000
0.003906
0.003906
0.042969
0.011719
-0.007812
-0.007812
0.875000
1.600000
0.019531
0.076923
0.027344
1.076923
0.888889
-0.003906
0.023438
-0.007812
-0.007812
4.500000
0.023438
0.007812
0.046875
0.078125
1.333333
-0.000000
1.000000
-0.007812
1.823529
0.450000
-0.054688
1.142857
-0.066406
0.019531
-0.000000
0.388889
0.011719
0.400000
-0.000000
0.031250
0.263158
-0.011719
0.003906
0.206897
2.142857
0.000000
-0.035156
0.000000
1.000000
0.375000
-0.031250
0.500000
0.588235
0.375000
-0.074219
-0.101562
0.095238
0.538462
0.019531
-0.007812
0.400000
0.023438
0.000000
0.062500
0.290323
0.368421
6.500000
0.944444
0.000000
-0.019531
0.074074
0.206897
1.200000
0.333333
0.555556
0.039062
1.333333
0.039062
-0.031250
-0.042969
0.400000
0.666667
0.035156
-0.023438
2.000000
0.566667
0.007812
0.296296
1.600000
0.212121
0.093750
0.142857
0.076923
1.117647
2.083333
0.019531
-0.042969
0.054688
0.619048
0.027344
0.181818
0.011719
2.000000
-0.058594
0.600000
2.333333
0.074219
0.428571
0.464286
0.064516
2.250000
-0.054688
-0.011719
0.027344
1.058824
0.500000
0.066667
0.040000
0.294118
-0.062500
0.666667
0.019531
0.058594
0.113281
0.370370
0.300000
0.062500
0.705882
1.294118
1.000000
0.466667
2.375000
0.384615
0.039062
0.515152
0.015625
0.636364
-0.050781
-0.031250
-0.062500
0.285714
0.580645
0.000000
0.105469
12.000000
1.800000
0.019531
-0.019531
0.583333
-0.011719
0.166667
0.904762
0.100000
0.011719
-0.000000
0.035156
0.019531
0.571429
0.033333
3.000000
0.500000
0.600000
0.027344
0.003906
-0.039062
0.222222
0.318182
-0.054688
-0.058594
-0.070312
-0.027344
0.375000
0.333333
0.000000
2.333333
0.000000
-0.121094
0.066406
0.083333
-0.054688
1.384615
0.341463
0.035156
-0.046875
-0.007812
-0.085938
0.003906
0.250000
0.307692
0.074219
2.000000
0.722222
1.400000
2.600000
0.023438
0.406250
-0.054688
4.600000
-0.015625
0.000000
0.000000
1.000000
0.400000
0.011719
0.003906
-0.050781
0.000000
1.181818
0.666667
0.000000
0.551724
0.909091
-0.039062
0.019531
0.046875
0.761905
0.015625
0.733333
0.273438
0.050781
-0.000000
0.054688
0.612903
9.000000
0.062500
0.733333
0.011719
0.333333
-0.019531
-0.007812
0.035156
0.054054
0.800000
-0.019531
0.363636
0.444444
2.000000
0.003906
0.300000
-0.003906
-0.039062
0.454545
0.042969
1.666667
8.000000
-0.015625
0.273438
0.042969
0.027344
-0.062500
0.391304
-0.039062
2.444444
-0.046875
0.666667
-0.007812
2.000000
0.500000
1.333333
-0.039062
-0.042969
0.714286
0.250000
0.333333
0.003906
0.722222
-0.050781
0.027344
-0.078125
1.500000
4.000000
2.666667
0.411765
3.200000
-0.035156
10.000000
1.666667
1.375000
0.250000
0.222222
0.423077
-0.074219
0.054688
0.070312
0.046875
-0.011719
0.015625
-0.027344
0.000000
0.023438
0.007812
-0.011719
0.115385
0.074219
0.019531
0.090909
3.000000
0.666667
0.062500
-0.023438
1.647059
-0.003906
3.375000
3.250000
0.058594
6.000000
0.375000
1.900000
-0.054688
0.093750
0.097656
0.200000
1.285714
1.363636
2.666667
0.241379
0.468750
0.636364
0.111111
0.585938
0.066406
-0.003906
0.015625
14.000000
0.181818
0.046875
-0.015625
0.263158
31.000000
1.090909
-0.023438
0.166667
4.000000
9.500000
5.600000
0.958333
2.750000
-0.011719
2.166667
2.000000
2.133333
1.300000
7.666667
0.019531
1.352941
1.000000
3.500000
0.031250
0.300000
-0.015625
0.039062
-0.000000
1.200000
-0.035156
0.600000
4.000000
-0.066406
0.900000
0.470588
0.857143
3.333333
-0.019531
0.166667
-0.000000
0.407407
0.074219
2.000000
0.023438
0.070312
0.082031
22.000000
-0.078125
-0.046875
0.066667
0.842105
-0.039062
0.042969
0.062500
0.000000
0.062500
3.000000
0.800000
-0.023438
-0.027344
-0.039062
2.200000
0.058594
5.666667
0.042969
-0.039062
0.230769
0.400000
-0.011719
-0.039062
0.000000
4.500000
14.500000
2.200000
1.312500
2.500000
0.046875
0.400000
-0.027344
-0.031250
-0.023438
0.007812
-0.015625
1.750000
-0.058594
-0.050781
-0.027344
0.039062
0.054688
2.000000
0.400000
1.571429
0.700000
2.000000
0.166667
0.000000
0.500000
1.857143
1.769231
0.003906
0.166667
-0.027344
0.011719
-0.093750
-0.050781
0.125000
0.312500
1.444444
0.428571
0.039062
0.227273
-0.000000
1.388889
2.000000
3.250000
0.291667
0.225806
0.085938
0.019531
0.027344
0.000000
0.066667
0.000000
0.032258
-0.015625
2.100000
1.285714
0.400000
3.000000
0.125000
2.142857
0.750000
0.050781
-0.015625
3.800000
0.454545
0.027344
0.150000
1.250000
1.700000
0.003906
0.411765
-0.027344
3.333333
1.500000
0.700000
0.857143
1.250000
0.333333
2.250000
1.000000
0.003906
0.019531
1.105263
0.666667
0.555556
0.722222
0.200000
-0.078125
0.300000
3.000000
0.011719
0.011719
0.039062
0.015625
0.000000
0.130435
-0.070312
0.062500
0.312500
0.000000
1.000000
2.500000
0.769231
0.000000
-0.007812
0.333333
0.054688
0.058594
0.954545
-0.042969
0.310345
1.250000
0.125000
6.500000
1.000000
-0.050781
0.466667
-0.027344
0.727273
0.076923
-0.023438
0.450000
0.400000
0.666667
-0.000000
0.078947
-0.035156
-0.074219
0.500000
-0.042969
0.266667
0.023438
-0.085938
2.250000
6.250000
0.346154
-0.042969
1.875000
1.132812
0.500000
0.015625
-0.101562
0.007812
0.750000
0.782609
-0.148438
-0.007812
1.333333
2.625000
1.777778
0.642857
0.000000
-0.003906
2.125000
4.200000
-0.011719
0.342857
0.027344
0.272727
0.700000
0.007812
6.500000
6.000000
0.200000
-0.007812
1.166667
0.000000
1.000000
1.000000
-0.007812
6.000000
-0.003906
0.461538
1.363636
1.545455
0.250000
11.000000
0.250000
0.769231
0.428571
2.333333
0.444444
0.042969
2.500000
0.000000
-0.085938
1.222222
0.050781
1.470588
1.307692
0.039062
0.714286
0.333333
-0.039062
0.054688
5.666667
0.027344
1.000000
0.714286
-0.035156
-0.011719
14.000000
-0.031250
1.454545
0.370370
-0.070312
0.031250
0.777778
0.023438
0.500000
0.136364
1.300000
1.625000
0.080000
-0.011719
0.047619
-0.019531
-0.101562
0.400000
-0.011719
0.023438
4.000000
0.909091
3.000000
0.062500
0.000000
1.153846
0.764706
0.611111
4.800000
1.300000
0.076923
7.000000
0.181818
0.062500
-0.019531
-0.007812
0.666667
-0.003906
1.500000
0.363636
0.800000
0.035156
0.833333
1.428571
0.031250
2.500000
0.571429
-0.007812
0.007812
0.083333
0.050781
0.166667
0.023438
-0.007812
0.011719
1.222222
0.555556
0.128906
0.074219
0.035156
0.003906
0.228571
0.153846
-0.078125
-0.078125
1.222222
-0.093750
2.142857
1.000000
1.166667
0.000000
0.097656
0.687500
1.250000
1.050000
0.000000
0.304348
0.300000
-0.000000
4.000000
0.400000
0.000000
0.007812
1.333333
0.031250
0.023438
-0.019531
0.078125
0.015625
0.039062
-0.035156
0.400000
0.078125
0.062500
0.000000
0.454545
0.062500
0.642857
0.019531
0.039062
0.888889
-0.070312
0.562500
-0.011719
2.666667
0.090909
3.000000
-0.062500
1.125000
0.285714
0.222222
0.318182
0.473684
-0.109375
0.600000
0.545455
2.000000
0.272727
-0.003906
2.000000
-0.019531
0.520000
1.000000
-0.019531
0.588235
0.260870
1.333333
0.307692
0.050781
1.500000
2.333333
0.111111
1.000000
-0.007812
0.750000
1.000000
0.050781
-0.003906
9.500000
-0.062500
0.333333
2.000000
2.062500
0.031250
-0.062500
0.039062
1.875000
0.058594
1.600000
0.031250
1.750000
0.210526
0.000000
0.031250
0.070312
0.071429
0.952381
0.875000
-0.050781
1.000000
1.034483
0.015625
0.000000
0.007812
0.200000
0.230769
0.833333
-0.015625
1.454545
0.011719
0.023438
0.000000
0.535714
0.000000
27.000000
0.275862
-0.062500
1.333333
0.066406
0.428571
2.857143
-0.082031
0.888889
-0.007812
-0.019531
0.500000
0.413793
0.368421
2.300000
0.040000
0.216216
-0.011719
0.000000
1.750000
0.200000
0.003906
0.062500
4.250000
-0.027344
1.083333
-0.003906
0.000000
0.011719
0.000000
0.409091
-0.027344
0.600000
2.666667
0.571429
-0.050781
0.235294
1.090909
-0.058594
0.789474
1.666667
0.400000
-0.015625
0.085938
0.125000
-0.019531
0.200000
0.333333
-0.019531
3.000000
0.888889
0.042969
-0.000000
0.031250
1.500000
-0.000000
1.285714
0.250000
0.285714
-0.003906
0.363636
-0.042969
1.500000
0.380952
0.003906
1.090909
2.833333
0.703704
0.541667
0.000000
0.352941
-0.042969
1.600000
-0.019531
0.833333
-0.039062
0.571429
-0.105469
0.035156
-0.023438
6.600000
0.444444
0.391304
-0.023438
0.090909
0.104167
0.428571
0.011719
0.007812
-0.039062
-0.066406
0.031250
0.058594
0.846154
-0.046875
-0.003906
-0.074219
0.019531
0.034483
0.058594
-0.039062
-0.007812
0.007812
-0.023438
-0.023438
12.000000
0.000000
0.050781
1.777778
-0.046875
-0.000000
0.058824
0.027344
1.750000
0.666667
0.875000
0.137931
0.352941
0.750000
0.054688
0.007812
-0.035156
0.046875
-0.023438
0.350000
1.250000
-0.046875
-0.101562
0.085938
0.600000
-0.015625
0.464286
0.416667
0.019531
0.454545
1.600000
0.039062
-0.019531
0.222222
0.055556
0.466667
-0.031250
-0.035156
-0.039062
-0.078125
0.046875
0.916667
-0.085938
1.600000
0.500000
0.400000
0.031250
-0.031250
0.545455
1.875000
0.058824
-0.039062
0.130435
-0.035156
0.039062
1.250000
0.375000
9.500000
2.000000
1.000000
-0.058594
5.200000
0.333333
-0.031250
-0.015625
-0.000000
9.000000
0.019531
0.156250
0.156250
0.750000
-0.042969
5.333333
-0.089844
0.476190
-0.000000
0.000000
0.285714
1.100000
0.000000
0.089844
1.200000
0.523810
1.727273
1.600000
0.011719
0.066406
-0.042969
0.035156
2.000000
1.083333
0.027344
0.011719
0.015625
0.777778
0.046875
0.166667
8.666667
0.238095
0.619048
-0.027344
0.000000
-0.039062
0.263158
0.210526
0.150000
0.875000
-0.007812
-0.105469
1.500000
2.833333
10.000000
-0.031250
0.007812
0.054688
-0.011719
1.272727
0.625000
0.350000
-0.023438
0.078125
0.031250
1.714286
-0.000000
0.031250
0.928571
6.000000
0.015625
0.347826
2.750000
8.500000
-0.007812
-0.035156
0.590909
-0.019531
-0.097656
0.444444
0.000000
0.019531
-0.039062
0.031250
-0.035156
8.500000
0.769231
0.031250
0.035156
0.046875
0.500000
0.007812
0.500000
0.250000
0.011719
0.129032
0.230769
-0.039062
-0.007812
2.500000
0.039062
0.250000
-0.046875
1.000000
9.000000
-0.019531
0.000000
5.000000
1.538462
0.076923
0.090909
5.666667
0.125000
2.857143
1.750000
1.333333
-0.015625
0.042969
-0.003906
0.142857
0.600000
1.000000
0.185185
1.000000
-0.003906
0.039062
0.062500
-0.078125
-0.062500
2.888889
-0.023438
0.384615
3.571429
0.333333
-0.035156
0.909091
3.400000
0.416667
0.000000
0.100000
0.050781
0.108108
-0.015625
-0.019531
0.166667
0.019531
0.042969
-0.046875
-0.074219
0.054688
0.117188
1.923077
0.647059
0.533333
-0.023438
11.000000
0.818182
12.000000
3.500000
0.859375
30.000000
1.875000
0.375000
2.666667
0.000000
3.500000
0.150000
0.023438
-0.058594
0.750000
0.312500
-0.003906
-0.011719
0.082031
-0.023438
-0.011719
0.111111
5.000000
0.097656
0.076923
-0.062500
0.050781
1.171875
0.050781
2.000000
3.285714
-0.054688
2.571429
0.800000
0.800000
1.875000
0.046875
1.833333
6.000000
24.000000
0.615385
0.007812
-0.082031
0.153846
-0.015625
0.375000
-0.031250
0.082031
-0.027344
0.800000
-0.050781
0.521739
-0.027344
0.153846
1.000000
-0.031250
0.058594
0.062500
0.800000
0.000000
0.000000
3.000000
0.200000
0.042969
0.250000
0.898438
0.600000
0.916667
0.185185
0.007812
-0.003906
1.125000
1.538462
-0.042969
0.019531
0.333333
0.038462
0.082031
0.437500
0.007812
7.000000
0.000000
-0.023438
-0.058594
0.833333
-0.015625
1.111111
0.035156
-0.085938
0.500000
0.523810
0.333333
2.222222
-0.023438
0.015625
-0.015625
0.000000
0.046875
0.054688
-0.031250
-0.015625
0.227273
0.015625
0.565217
0.315789
2.750000
-0.027344
-0.003906
0.285714
0.240000
0.156250
0.473684
0.705882
0.003906
0.461538
0.015625
1.000000
0.909091
0.100000
2.571429
0.585938
14.500000
0.440000
-0.019531
0.039062
0.375000
0.727273
0.166667
-0.050781
-0.023438
-0.050781
1.714286
0.035156
-0.039062
3.500000
0.003906
0.521739
5.000000
2.062500
-0.000000
0.066667
-0.011719
0.054688
0.846154
0.318182
-0.027344
1.461538
4.600000
0.555556
0.027344
0.285714
1.000000
-0.035156
0.000000
0.031250
1.250000
0.105263
1.052632
0.027344
0.200000
0.062500
0.023438
-0.003906
-0.054688
0.181818
0.031250
-0.058594
-0.082031
0.227273
0.100000
0.089844
5.500000
5.500000
0.142857
1.444444
1.777778
0.454545
1.133333
0.023438
-0.125000
0.031250
0.194444
-0.082031
0.300000
0.000000
1.500000
-0.046875
0.023438
0.666667
0.777778
1.000000
0.031250
0.023438
-0.003906
0.600000
11.500000
1.000000
0.681818
6.000000
1.181818
-0.074219
0.733333
0.916667
4.625000
0.031250
0.392857
0.000000
0.000000
-0.054688
0.142857
0.003906
0.078125
-0.027344
0.019531
0.042969
0.285714
0.058594
0.842105
0.941176
-0.015625
0.444444
0.007812
0.583333
0.900000
0.058594
0.015625
-0.019531
1.230769
4.333333
0.400000
1.473684
2.636364
0.153846
0.600000
-0.042969
0.054688
0.031250
-0.003906
0.250000
-0.074219
0.019531
0.529412
-0.089844
2.333333
0.000000
-0.019531
2.615385
0.750000
-0.015625
-0.019531
0.680000
-0.027344
1.300000
-0.074219
1.666667
3.666667
7.500000
0.117647
4.666667
0.352941
5.000000
0.058594
1.300000
0.363636
-0.015625
0.272727
0.097656
0.050781
2.250000
3.000000
1.600000
0.015625
-0.000000
0.003906
0.003906
-0.027344
2.666667
0.052632
2.000000
0.000000
1.800000
-0.046875
0.039062
0.842105
1.500000
1.214286
0.666667
0.019531
0.035714
0.003906
-0.015625
0.011719
-0.015625
-0.007812
0.875000
-0.000000
0.210526
0.312500
0.285714
0.296296
0.583333
0.476190
0.019531
-0.070312
0.576923
0.000000
-0.015625
0.046875
0.900000
5.000000
4.250000
1.750000
0.800000
0.222222
1.533333
0.466667
1.333333
-0.023438
0.333333
2.090909
-0.027344
0.800000
0.588235
0.800000
0.434783
-0.039062
0.444444
0.023438
0.750000
0.142857
5.200000
0.082031
-0.082031
0.370370
0.054688
-0.003906
1.875000
0.011719
0.545455
0.035156
0.078125
1.500000
-0.042969
0.580645
0.611111
0.015625
0.023438
-0.046875
0.666667
-0.039062
1.125000
0.035156
0.750000
-0.054688
0.629630
-0.031250
3.250000
0.000000
-0.042969
0.047619
-0.074219
0.500000
-0.039062
0.388889
1.125000
0.333333
-0.011719
2.111111
0.285714
0.357143
0.400000
0.070312
0.015625
1.375000
1.875000
0.000000
-0.066406
2.000000
-0.089844
0.015625
0.357143
0.027344
0.031250
0.000000
-0.023438
-0.035156
0.054688
0.625000
0.500000
1.312500
-0.007812
-0.035156
0.642857
1.900000
0.818182
5.750000
0.812500
0.066406
0.000000
8.000000
0.300000
0.003906
0.023438
0.483871
2.600000
-0.039062
0.000000
0.277778
-0.007812
0.027344
0.035156
5.000000
0.390625
-0.003906
-0.042969
0.076923
0.023438
0.042969
0.011719
0.011719
0.000000
0.600000
3.285714
2.000000
0.928571
0.833333
0.500000
-0.035156
0.042969
2.000000
0.039062
-0.070312
0.500000
0.818182
0.538462
-0.015625
0.000000
0.400000
-0.023438
1.100000
6.000000
8.000000
-0.042969
1.636364
13.000000
-0.011719
0.058594
0.375000
0.003906
1.200000
3.777778
1.333333
8.000000
0.058824
-0.070312
0.023438
2.500000
-0.023438
2.307692
0.003906
2.857143
0.093750
-0.039062
-0.023438
0.360000
-0.007812
0.150000
-0.031250
-0.035156
1.263158
-0.027344
-0.023438
0.800000
0.857143
-0.039062
0.007812
1.000000
1.888889
0.769231
0.031250
0.181818
-0.023438
3.500000
0.074219
0.015625
2.166667
0.857143
-0.011719
0.039062
0.066406
-0.019531
0.054688
0.000000
0.375000
-0.011719
0.078125
0.333333
-0.031250
0.103448
0.409091
0.125000
4.666667
14.000000
0.700000
4.400000
2.625000
2.083333
1.250000
-0.015625
0.461538
0.153846
0.070312
0.909091
0.007812
0.027344
0.375000
-0.000000
0.590909
1.333333
-0.031250
-0.023438
0.066406
0.000000
0.153846
0.121951
0.037037
0.318182
0.000000
0.046875
-0.003906
0.142857
0.187500
5.000000
-0.042969
0.480000
0.727273
0.023438
0.019531
0.375000
-0.023438
0.027344
1.307692
0.421053
0.800000
0.146341
0.312500
0.027344
0.003906
0.011719
0.615385
0.500000
0.666667
0.117647
0.823529
-0.035156
0.166667
0.142857
0.000000
0.333333
-0.031250
2.000000
-0.007812
0.391304
0.476190
0.007812
0.333333
0.294118
0.320000
0.450000
0.583333
0.176471
0.666667
0.000000
0.600000
0.357143
0.562500
0.277778
1.400000
0.157895
1.250000
0.050781
-0.015625
0.033333
4.666667
0.076923
0.166667
0.500000
0.011719
-0.031250
0.066406
-0.000000
-0.035156
1.000000
-0.031250
-0.027344
0.085938
0.240000
0.400000
0.206897
0.227273
0.027344
0.482759
0.375000
-0.023438
0.842105
0.400000
-0.031250
0.380952
0.111111
-0.003906
2.125000
-0.027344
0.235294
0.333333
0.857143
0.392857
-0.015625
0.125000
0.011719
0.166667
0.545455
0.128906
1.250000
0.185185
0.555556
-0.003906
-0.000000
-0.000000
0.666667
-0.062500
0.085938
0.722222
0.054688
-0.085938
-0.062500
0.190476
0.015625
0.285714
6.500000
0.428571
-0.062500
0.019531
-0.007812
0.468750
3.666667
0.882353
0.023438
1.538462
0.904762
-0.023438
0.400000
-0.023438
0.916667
-0.015625
0.777778
5.000000
-0.050781
0.227273
0.003906
0.000000
5.500000
-0.054688
-0.046875
0.500000
0.580645
0.250000
0.011719
0.411765
0.019531
0.307692
-0.003906
0.222222
1.272727
0.428571
0.027344
1.600000
0.409091
-0.031250
-0.035156
0.692308
-0.035156
0.082031
6.250000
0.000000
-0.011719
1.333333
-0.023438
-0.058594
0.500000
-0.027344
-0.007812
-0.050781
5.000000
-0.070312
0.023438
0.812500
-0.078125
0.400000
0.000000
0.000000
3.000000
0.007812
0.360000
-0.054688
0.023438
1.000000
1.800000
0.054688
0.666667
0.272727
0.150000
0.750000
0.166667
0.066667
0.444444
0.578947
10.000000
-0.058594
0.166667
0.303030
-0.027344
0.000000
2.000000
0.000000
0.007812
1.166667
-0.066406
0.035156
0.000000
0.000000
0.640000
-0.054688
0.166667
-0.089844
0.888889
-0.027344
0.904762
0.054688
0.225806
0.000000
2.666667
-0.082031
0.019531
0.875000
0.238095
1.250000
0.400000
2.333333
8.000000
-0.089844
1.166667
0.703125
-0.062500
0.062500
-0.003906
0.733333
2.800000
0.011719
0.058594
-0.015625
0.571429
3.000000
-0.093750
-0.027344
1.428571
0.222222
0.555556
-0.019531
0.035156
0.250000
-0.050781
0.230769
-0.039062
2.200000
-0.007812
1.166667
0.250000
0.052632
0.181818
-0.027344
4.250000
0.000000
1.857143
2.666667
2.090909
0.023438
0.117188
0.578947
-0.039062
0.692308
1.375000
0.046875
3.200000
-0.007812
1.100000
1.000000
-0.035156
-0.039062
1.333333
0.007812
0.764706
0.078125
0.538462
0.531250
0.538462
1.727273
0.007812
0.000000
2.214286
1.571429
1.181818
1.642857
0.500000
2.500000
0.023438
0.042969
0.023438
0.000000
0.351562
1.347826
0.083333
4.500000
-0.050781
-0.003906
1.611111
0.041667
1.083333
0.015625
1.000000
-0.015625
3.000000
0.039062
0.046875
1.015625
0.046875
0.173913
0.035156
0.250000
0.062500
0.960000
0.352941
0.250000
0.000000
-0.042969
1.230769
0.031250
2.055556
1.444444
-0.105469
0.086957
0.863636
0.041667
0.429688
0.290323
0.666667
0.156250
-0.039062
2.777778
0.011719
0.760000
0.142857
-0.011719
-0.031250
-0.082031
2.500000
0.015625
0.545455
0.500000
0.800000
0.000000
0.027778
1.090909
4.166667
2.000000
1.818182
0.019531
1.750000
2.800000
1.054688
0.833333
0.100000
1.333333
0.000000
-0.019531
-0.031250
0.078125
0.070312
0.533333
-0.046875
-0.027344
-0.066406
0.038462
0.153846
0.035156
5.500000
0.042969
0.888889
0.722222
-0.011719
0.444444
0.150000
-0.031250
0.031250
1.666667
0.039062
0.003906
2.400000
-0.039062
3.600000
7.000000
9.500000
0.000000
-0.019531
0.650000
0.142857
-0.058594
0.400000
0.070312
0.187500
1.400000
0.035156
0.600000
0.960000
0.086957
0.023438
1.285714
-0.035156
-0.011719
-0.019531
0.015625
0.161290
1.000000
0.003906
0.000000
3.000000
0.015625
0.190476
0.538462
0.500000
0.011719
-0.042969
-0.093750
0.454545
-0.019531
0.800000
0.108696
0.214286
0.062500
0.042969
1.000000
0.666667
0.039062
-0.062500
0.039062
0.600000
0.027344
0.019531
0.066406
-0.015625
0.040000
-0.093750
0.046875
0.000000
0.606061
-0.027344
-0.042969
0.454545
0.062500
-0.031250
0.468750
-0.007812
0.724138
-0.046875
1.166667
0.027344
0.481481
0.003906
2.714286
0.437500
-0.015625
-0.085938
0.222222
0.003906
0.015625
1.000000
0.416667
0.750000
0.007812
0.625000
-0.007812
1.222222
0.111111
-0.050781
0.312500
0.042969
0.054688
0.050781
8.000000
0.200000
0.023438
0.210526
0.003906
0.600000
-0.062500
-0.003906
-0.035156
4.500000
-0.023438
-0.117188
0.082031
-0.015625
1.500000
6.000000
-0.058594
-0.015625
8.000000
0.031250
0.038462
1.000000
-0.023438
4.333333
0.000000
1.785714
0.007812
1.000000
0.085938
-0.046875
0.000000
-0.019531
0.705882
-0.019531
0.062500
-0.027344
0.039062
0.538462
0.007812
0.272727
0.023438
0.000000
-0.050781
-0.074219
0.571429
1.000000
4.200000
1.636364
0.042969
3.000000
0.363636
1.000000
0.500000
0.428571
0.031250
-0.011719
0.039062
0.039062
0.038462
0.000000
0.416667
0.521739
0.833333
0.041667
13.000000
-0.027344
0.062500
1.583333
0.046875
-0.015625
1.833333
-0.054688
0.011719
3.000000
0.740741
1.333333
0.050781
-0.074219
0.440000
0.100000
2.600000
0.062500
0.363636
0.062500
0.015625
0.003906
0.642857
0.100000
-0.027344
0.083333
0.750000
-0.023438
0.266667
-0.031250
0.003906
0.800000
0.000000
-0.078125
0.000000
0.046875
0.046875
-0.039062
1.000000
-0.062500
-0.066406
0.300000
-0.058594
0.750000
0.266667
-0.039062
-0.046875
0.714286
0.050781
0.031250
3.300000
-0.023438
-0.046875
0.000000
0.019531
0.500000
0.898438
2.142857
-0.117188
0.046875
0.031250
4.000000
0.058594
0.007812
7.000000
1.727273
1.000000
-0.046875
0.035156
6.500000
0.388889
2.250000
-0.105469
-0.003906
1.166667
1.555556
-0.042969
1.000000
0.105469
0.011719
-0.031250
-0.058594
0.011719
0.272727
0.070312
0.583333
0.272727
2.000000
1.384615
0.003906
2.857143
0.111111
0.200000
1.642857
-0.003906
-0.050781
0.136364
-0.046875
0.100000
0.007812
-0.097656
1.571429
1.428571
-0.023438
0.003906
0.054688
0.007812
0.089844
0.050781
-0.015625
0.058594
0.357143
0.039062
0.003906
9.000000
-0.023438
0.240000
0.148148
0.035156
1.333333
0.769231
-0.062500
0.352941
0.035156
0.058594
0.050781
0.827586
0.952381
0.000000
0.011719
0.011719
-0.070312
0.019531
1.000000
2.400000
0.011719
8.000000
0.538462
0.538462
0.363636
3.000000
0.070312
-0.031250
0.023438
1.000000
0.238095
1.000000
6.000000
31.000000
0.023438
0.318182
0.047619
-0.000000
0.190476
0.046875
-0.074219
0.015625
0.266667
-0.050781
-0.054688
0.039062
0.019531
-0.062500
0.071429
-0.003906
0.187500
-0.054688
0.066667
0.461538
0.023438
2.571429
0.608696
0.046875
-0.015625
-0.031250
0.007812
0.764706
1.000000
0.833333
0.333333
4.500000
0.052632
3.000000
0.555556
0.315789
1.000000
0.111111
-0.035156
0.290323
0.764706
0.705882
0.000000
0.117188
0.007812
-0.011719
1.111111
0.078125
0.066406
-0.050781
-0.023438
-0.046875
0.000000
1.900000
1.214286
0.736842
2.111111
-0.019531
0.046875
4.500000
-0.015625
-0.011719
0.000000
0.550000
0.039062
0.074074
0.363636
0.054054
-0.015625
-0.000000
0.727273
-0.046875
-0.066406
1.600000
0.107143
0.000000
0.023438
0.050781
1.250000
0.705882
-0.050781
2.333333
3.000000
0.818182
2.600000
2.000000
0.019531
0.166667
-0.054688
0.003906
1.833333
-0.027344
0.023438
0.023438
-0.011719
2.625000
-0.023438
0.567568
0.538462
0.363636
0.259259
0.031250
-0.074219
0.000000
0.066406
0.764706
0.272727
1.300000
1.000000
0.820513
0.857143
0.684211
1.600000
0.027344
0.384615
0.444444
0.011719
0.121212
-0.015625
0.333333
0.846154
0.042969
0.058594
0.666667
0.007812
0.478261
0.000000
0.039062
2.428571
-0.054688
0.000000
-0.019531
-0.007812
-0.011719
0.300000
0.200000
2.000000
-0.003906
0.080000
0.000000
0.089844
-0.015625
0.473684
-0.015625
-0.035156
0.066406
-0.011719
0.421053
0.128906
0.875000
0.000000
0.023438
0.058594
0.058594
0.076923
0.095238
1.875000
-0.003906
0.400000
0.083333
0.086957
-0.054688
0.333333
-0.054688
0.003906
0.000000
1.300000
0.185185
0.142857
-0.015625
-0.062500
1.500000
-0.019531
0.019531
0.187500
0.066406
-0.000000
0.315789
0.884615
0.023438
0.117647
-0.031250
0.078125
0.000000
0.011719
0.007812
-0.054688
0.019531
-0.023438
2.500000
0.023438
0.007812
0.250000
0.173913
0.857143
1.166667
0.062500
-0.023438
-0.015625
0.074219
1.066667
0.046875
-0.046875
-0.007812
0.785714
0.035156
1.125000
2.000000
-0.039062
0.058594
-0.000000
-0.019531
11.000000
0.007812
0.846154
1.400000
0.423077
0.333333
0.833333
0.200000
0.046875
0.000000
0.312500
0.003906
0.200000
0.039062
0.210526
1.625000
0.818182
0.011719
-0.003906
-0.031250
0.166667
-0.027344
0.089844
0.042969
-0.019531
-0.050781
-0.027344
0.157895
1.166667
-0.027344
0.200000
0.466667
-0.042969
-0.074219
0.585938
0.764706
-0.000000
0.000000
0.023438
0.003906
3.750000
-0.117188
0.113281
-0.011719
-0.046875
0.000000
0.105263
-0.066406
0.400000
0.350000
1.333333
-0.058594
0.272727
0.500000
0.003906
0.233333
0.548387
0.003906
3.800000
-0.031250
-0.003906
0.011719
0.027344
0.526316
-0.015625
-0.019531
0.833333
0.062500
-0.031250
0.054688
0.375000
9.000000
0.857143
1.200000
0.833333
0.615385
0.235294
-0.062500
0.007812
0.285714
0.000000
2.500000
-0.003906
0.023438
0.208333
0.136364
0.019531
0.074219
0.357143
-0.066406
0.000000
-0.050781
0.296296
0.007812
-0.031250
-0.011719
-0.000000
-0.027344
-0.003906
0.181818
-0.011719
1.000000
-0.046875
1.052632
4.000000
2.857143
-0.011719
-0.003906
-0.023438
7.000000
0.011719
0.066406
0.243243
2.300000
0.050781
1.800000
1.333333
-0.007812
0.003906
-0.035156
0.222222
-0.015625
0.042969
-0.015625
1.857143
1.200000
2.571429
0.011719
0.666667
-0.011719
0.058594
-0.035156
-0.027344
0.250000
0.042969
-0.000000
-0.027344
2.666667
0.066406
-0.085938
11.000000
-0.066406
22.000000
0.015625
0.461538
2.714286
0.019531
3.000000
0.137931
-0.066406
0.054688
1.090909
0.315789
0.000000
1.333333
0.923077
1.857143
0.035156
-0.003906
0.027344
3.500000
0.042969
0.583333
1.142857
0.323529
0.074219
0.011719
0.015625
25.000000
0.545455
0.444444
1.153846
5.000000
-0.039062
0.928571
1.260870
0.082031
0.533333
3.000000
1.428571
0.078125
0.866667
0.085938
-0.054688
3.666667
0.956522
2.500000
0.250000
-0.062500
-0.097656
0.210526
0.782609
2.285714
0.866667
-0.046875
1.384615
0.470588
0.821429
-0.035156
0.769231
0.000000
0.023438
-0.023438
0.916667
0.937500
-0.039062
0.583333
0.055556
0.600000
12.000000
0.019531
1.363636
4.333333
1.227273
0.640000
-0.019531
2.500000
0.054688
-0.011719
0.241379
0.050781
0.400000
0.400000
-0.003906
-0.023438
0.857143
3.500000
-0.097656
0.066406
1.230769
0.105469
0.000000
0.000000
0.031250
0.003906
0.238095
1.857143
0.500000
0.285714
0.351562
1.000000
-0.035156
-0.011719
0.062500
1.166667
0.074219
0.027344
0.357143
0.500000
-0.039062
0.027344
0.227273
0.000000
0.062500
1.111111
0.046875
0.266667
1.700000
-0.082031
0.015625
0.007812
0.533333
0.500000
0.095238
0.039062
-0.046875
0.428571
0.000000
0.023438
0.312500
3.500000
33.000000
-0.070312
8.000000
0.260870
0.023438
-0.031250
-0.023438
3.333333
6.333333
0.062500
2.285714
0.023438
0.000000
0.142857
0.035156
0.062500
-0.066406
0.035156
0.035156
2.000000
2.400000
0.046875
0.500000
0.070312
0.000000
0.023438
1.666667
0.100000
0.846154
0.031250
12.000000
0.023438
0.277778
0.809524
0.576923
0.500000
2.200000
-0.031250
1.100000
0.250000
0.368421
-0.023438
-0.050781
0.090909
2.666667
-0.054688
-0.105469
0.181818
0.625000
-0.035156
0.900000
0.062500
2.500000
0.263158
-0.011719
0.027344
0.082031
-0.007812
0.000000
5.000000
-0.035156
4.166667
0.235294
-0.074219
0.352941
-0.027344
0.074219
0.046875
0.011719
0.666667
0.000000
-0.011719
-0.027344
1.217391
0.608696
0.003906
0.015625
0.333333
0.046875
-0.023438
0.076923
-0.031250
1.093750
0.019531
0.050781
0.007812
4.000000
0.039062
-0.007812
0.200000
0.007812
0.066406
0.777778
0.031250
0.400000
0.042969
-0.015625
1.333333
-0.027344
0.857143
0.590909
0.101562
1.500000
0.000000
0.125000
1.333333
3.000000
1.000000
5.400000
-0.007812
-0.085938
2.222222
0.545455
1.076923
-0.031250
0.066406
-0.128906
-0.019531
0.019531
-0.054688
0.576923
0.028571
-0.023438
-0.003906
-0.078125
-0.015625
6.000000
-0.003906
0.222222
0.411765
-0.015625
0.039062
-0.042969
2.700000
-0.039062
0.011719
0.011719
0.272727
0.571429
-0.007812
-0.066406
2.000000
0.027344
0.857143
2.250000
0.166667
1.714286
0.019531
0.333333
0.023438
0.166667
0.500000
-0.011719
3.285714
0.031250
6.333333
-0.007812
1.500000
0.631579
0.000000
0.015625
1.200000
0.428571
0.058594
1.615385
1.833333
1.000000
5.000000
-0.125000
-0.031250
0.011719
2.500000
0.666667
0.777778
0.000000
3.000000
0.333333
0.136364
2.375000
0.003906
0.019531
0.039062
0.000000
0.227273
0.200000
-0.074219
-0.074219
0.454545
-0.046875
0.676471
-0.050781
1.500000
-0.011719
-0.023438
-0.039062
0.000000
0.058594
-0.058594
0.000000
2.750000
0.222222
0.400000
0.200000
0.011719
0.068966
0.015625
0.000000
0.015625
0.011719
0.054688
0.235294
-0.003906
0.042969
0.027344
0.007812
0.000000
1.692308
-0.007812
0.590909
0.947368
-0.074219
0.007812
-0.046875
0.782609
0.263158
-0.000000
0.200000
0.750000
-0.066406
0.615385
0.428571
0.055556
0.062500
0.192308
2.428571
0.304348
-0.082031
0.791667
0.023438
0.178571
0.000000
0.263158
0.000000
2.500000
-0.050781
-0.023438
0.015625
0.109375
0.003906
-0.023438
0.692308
0.529412
0.192308
0.263158
0.050781
0.307692
-0.027344
0.142857
0.375000
-0.011719
-0.019531
0.117188
0.031250
4.000000
0.714286
0.031250
0.777778
0.000000
-0.027344
0.454545
0.300000
0.035156
-0.039062
2.000000
0.000000
3.000000
0.153846
0.074219
0.074219
0.027344
1.000000
0.318182
0.846154
0.633333
-0.031250
0.019531
0.031250
2.000000
1.222222
0.238095
0.800000
-0.074219
14.000000
0.019531
2.875000
0.019531
-0.027344
0.363636
0.885714
4.750000
0.058594
2.166667
4.000000
0.300000
0.583333
-0.093750
1.055556
-0.035156
0.000000
0.074219
0.023438
2.666667
-0.015625
0.133333
-0.035156
-0.000000
0.538462
-0.003906
1.000000
-0.019531
-0.027344
-0.019531
0.046875
0.039062
0.007812
-0.050781
-0.000000
0.333333
0.390625
1.500000
-0.003906
0.007812
0.347826
0.039062
0.909091
0.066406
0.062500
1.000000
0.015625
-0.078125
3.000000
0.600000
-0.023438
0.636364
1.062500
0.833333
0.074074
-0.082031
-0.066406
2.500000
0.625000
-0.003906
-0.117188
2.333333
0.888889
0.500000
0.027344
0.031250
16.000000
0.023438
0.007812
0.000000
1.000000
0.631579
-0.011719
0.031250
2.500000
-0.007812
-0.042969
-0.019531
0.656250
0.500000
-0.000000
0.031250
0.062500
0.161290
3.000000
-0.031250
0.181818
1.500000
0.583333
2.444444
0.054688
5.666667
0.555556
-0.074219
-0.042969
1.200000
0.692308
-0.027344
-0.039062
2.000000
1.187500
0.046875
0.333333
0.354839
0.777778
0.133333
1.666667
-0.039062
0.054688
-0.003906
-0.132812
0.035156
-0.003906
-0.003906
0.023438
0.066406
0.282051
0.454545
0.527778
0.074219
0.019531
0.363636
0.078125
0.500000
0.019531
-0.007812
0.027344
0.500000
-0.054688
0.019531
-0.027344
0.272727
-0.015625
-0.019531
