1.590909
1.421053
1.444444
3.333333
1.400000
0.928571
2.142857
4.200000
0.416667
1.350000
0.866667
1.090909
0.015625
0.294118
6.000000
2.625000
0.585938
0.307692
3.500000
0.631579
3.000000
0.857143
0.291667
1.625000
0.291667
2.750000
0.054688
1.555556
2.000000
12.000000
5.500000
1.000000
0.888889
1.333333
8.000000
0.062500
1.428571
8.500000
4.250000
4.000000
1.571429
0.833333
0.692308
0.700000
0.035156
0.000000
0.066406
3.200000
4.666667
0.428571
0.333333
2.166667
5.000000
1.000000
2.100000
1.222222
1.142857
6.333333
0.125000
0.555556
0.027344
0.042969
0.074219
1.555556
4.000000
2.750000
3.500000
3.400000
0.800000
0.533333
0.350000
6.000000
1.000000
0.046875
0.035156
1.533333
0.101562
13.000000
0.031250
4.750000
0.062500
2.000000
1.000000
1.187500
0.538462
0.714286
2.500000
3.666667
1.500000
8.000000
6.000000
0.333333
1.642857
0.277778
0.709677
0.074219
7.000000
0.600000
14.000000
0.714286
0.388889
0.181818
6.500000
1.111111
7.500000
0.454545
0.042969
0.078125
8.500000
2.777778
15.000000
0.714286
1.555556
1.142857
11.000000
1.250000
2.750000
2.333333
0.039062
0.050781
0.181818
2.428571
0.583333
0.242424
0.888889
0.578947
1.416667
5.000000
0.666667
2.000000
2.166667
1.600000
0.046875
9.000000
1.666667
10.500000
2.555556
0.800000
2.400000
0.769231
14.000000
0.714286
0.039062
7.000000
0.900000
0.105263
0.333333
8.500000
2.428571
2.500000
4.000000
3.250000
1.636364
0.476190
1.352941
0.360000
6.000000
2.285714
2.000000
14.500000
0.166667
0.400000
0.300000
1.062500
4.500000
0.904762
4.666667
0.625000
2.285714
1.100000
2.000000
1.600000
7.000000
27.000000
0.035156
0.062500
1.000000
1.416667
1.833333
0.304348
0.089844
1.250000
0.750000
1.600000
0.590909
0.916667
0.500000
0.600000
0.500000
1.000000
0.421053
10.333333
1.636364
2.625000
1.250000
10.000000
0.473684
3.000000
0.916667
3.200000
0.538462
3.333333
0.700000
0.666667
15.000000
1.857143
1.666667
3.500000
2.000000
0.827586
3.400000
5.500000
8.000000
7.000000
0.333333
0.818182
0.750000
0.250000
1.142857
1.400000
0.769231
0.078125
2.625000
1.800000
0.101562
4.000000
1.500000
0.545455
2.500000
2.750000
0.039062
1.333333
0.019531
0.909091
0.800000
3.200000
3.000000
2.166667
0.285714
3.333333
1.142857
0.434783
0.050781
0.428571
0.437500
1.062500
0.354839
1.000000
3.500000
5.000000
0.636364
1.384615
4.333333
0.666667
1.250000
0.652174
1.333333
7.000000
2.058824
4.666667
1.360000
3.375000
3.200000
0.619048
4.500000
1.846154
1.625000
0.928571
0.082031
0.263158
1.600000
0.636364
1.777778
2.500000
1.000000
1.333333
22.000000
8.000000
6.500000
0.400000
1.250000
1.333333
5.000000
1.600000
1.052632
0.740741
0.357143
0.105263
1.700000
2.000000
1.200000
0.555556
1.125000
5.000000
2.166667
0.142857
3.000000
1.043478
1.375000
1.833333
0.541667
0.500000
2.000000
4.000000
1.777778
1.000000
0.550000
1.000000
3.500000
10.000000
0.076923
0.714286
2.250000
1.363636
5.000000
0.027344
0.521739
10.000000
0.039062
1.714286
2.750000
0.812500
4.333333
0.916667
2.142857
0.250000
3.600000
0.933333
0.039062
0.097656
2.000000
1.125000
5.000000
6.000000
2.000000
3.600000
6.250000
1.400000
4.000000
19.000000
1.352941
0.750000
0.833333
2.857143
3.833333
1.590909
1.750000
2.714286
9.000000
1.444444
0.142857
1.090909
3.000000
0.285714
0.736842
0.039062
9.500000
0.750000
6.000000
1.153846
0.042969
0.400000
0.545455
3.000000
1.785714
1.533333
0.500000
2.750000
0.750000
6.750000
18.000000
8.333333
3.000000
1.571429
2.181818
9.000000
0.550000
2.142857
0.888889
2.142857
4.500000
1.000000
0.500000
1.333333
1.000000
1.823529
1.142857
0.400000
0.388889
0.400000
6.500000
0.263158
0.619048
1.200000
2.000000
2.333333
0.428571
0.666667
2.250000
2.000000
1.058824
1.600000
0.294118
1.117647
2.083333
0.370370
0.705882
1.294118
3.000000
0.600000
0.515152
0.636364
0.318182
0.580645
0.375000
12.000000
2.333333
0.583333
0.904762
1.384615
0.909091
0.019531
0.761905
0.733333
2.000000
2.600000
9.000000
4.600000
0.333333
1.000000
0.400000
0.800000
1.181818
2.000000
0.300000
1.500000
4.000000
8.000000
10.000000
1.666667
0.391304
2.444444
0.666667
2.000000
1.333333
0.714286
0.333333
0.722222
14.000000
3.000000
0.263158
31.000000
3.375000
9.500000
5.600000
2.750000
2.166667
2.133333
7.666667
1.352941
3.500000
0.300000
0.062500
3.000000
4.000000
2.200000
5.666667
3.333333
0.400000
0.407407
4.500000
14.500000
22.000000
0.400000
0.842105
0.062500
1.750000
2.000000
3.250000
2.000000
1.571429
2.000000
0.166667
2.100000
1.769231
3.000000
2.142857
0.125000
3.800000
0.428571
1.700000
0.411765
3.333333
2.500000
1.250000
2.250000
1.000000
1.105263
1.250000
6.500000
0.466667
3.000000
0.076923
0.450000
0.666667
4.200000
0.500000
0.272727
0.700000
6.500000
0.346154
1.875000
1.000000
6.000000
0.782609
1.545455
11.000000
1.777778
2.333333
0.500000
2.500000
1.222222
1.470588
1.307692
0.714286
4.000000
5.666667
1.153846
0.764706
14.000000
7.000000
0.181818
0.153846
1.222222
2.142857
1.166667
1.428571
2.500000
1.050000
0.304348
4.000000
0.400000
1.333333
0.555556
0.078125
0.228571
2.000000
0.520000
1.000000
0.642857
1.333333
1.500000
2.333333
2.666667
3.000000
1.125000
9.500000
2.000000
2.062500
2.000000
27.000000
1.600000
1.750000
2.857143
0.888889
0.952381
1.000000
2.300000
0.216216
1.750000
0.833333
4.250000
1.083333
0.535714
1.285714
0.409091
2.666667
1.500000
1.090909
2.833333
1.666667
0.352941
1.600000
0.833333
3.000000
0.888889
6.600000
1.500000
1.750000
0.875000
0.352941
0.750000
0.846154
0.046875
1.250000
0.058594
0.600000
0.464286
12.000000
1.600000
1.777778
0.222222
0.466667
9.000000
0.156250
0.916667
5.333333
0.476190
0.545455
1.875000
0.130435
1.200000
1.727273
9.500000
1.000000
5.200000
0.078125
1.714286
0.166667
8.666667
0.619048
8.500000
0.263158
0.875000
0.444444
2.833333
10.000000
8.500000
1.272727
0.625000
0.500000
1.000000
1.000000
0.230769
2.500000
2.888889
1.000000
9.000000
5.000000
3.400000
5.666667
2.857143
1.750000
0.166667
0.042969
5.000000
1.923077
0.647059
11.000000
12.000000
3.500000
30.000000
2.666667
6.000000
24.000000
0.750000
0.312500
0.375000
0.333333
0.800000
7.000000
1.000000
0.833333
1.111111
0.035156
3.000000
2.222222
0.898438
0.916667
0.054688
1.538462
0.227273
1.714286
3.500000
0.521739
5.000000
0.705882
0.461538
1.000000
1.461538
4.600000
14.500000
1.000000
0.727273
1.250000
1.052632
0.666667
1.000000
0.181818
0.600000
11.500000
6.000000
5.500000
1.444444
4.625000
1.133333
0.031250
0.194444
0.300000
1.500000
2.333333
2.615385
0.750000
0.680000
1.300000
1.666667
7.500000
4.666667
5.000000
1.300000
0.363636
0.272727
2.250000
3.000000
0.583333
0.476190
2.666667
2.000000
1.800000
5.000000
1.750000
1.533333
1.333333
0.333333
2.090909
0.875000
0.800000
0.444444
3.250000
5.200000
0.082031
0.500000
1.875000
0.545455
2.111111
1.500000
0.611111
1.875000
0.666667
2.000000
0.750000
0.629630
5.000000
0.054688
0.625000
1.312500
0.642857
3.285714
5.750000
0.833333
8.000000
2.000000
2.600000
0.818182
0.277778
0.400000
6.000000
8.000000
13.000000
0.857143
1.000000
3.777778
8.000000
3.500000
2.500000
2.307692
2.857143
0.093750
0.360000
0.375000
0.333333
0.318182
0.409091
14.000000
5.000000
2.625000
1.250000
0.461538
0.909091
1.307692
0.800000
1.333333
0.011719
0.615385
1.250000
0.823529
4.666667
0.500000
2.000000
0.391304
1.000000
0.333333
0.450000
0.583333
0.666667
0.600000
0.842105
1.400000
0.380952
6.500000
0.428571
0.857143
3.666667
0.882353
1.538462
1.250000
0.916667
0.777778
5.000000
0.227273
5.500000
-0.046875
5.000000
0.250000
0.812500
0.400000
3.000000
0.428571
1.600000
1.800000
0.692308
6.250000
0.750000
1.333333
10.000000
0.166667
8.000000
2.000000
0.703125
1.166667
2.800000
0.640000
0.571429
3.000000
1.428571
0.555556
2.666667
0.250000
0.875000
2.200000
1.166667
1.727273
4.250000
1.857143
2.666667
2.500000
0.578947
1.375000
3.200000
4.500000
1.611111
1.333333
1.000000
3.000000
0.760000
1.015625
2.500000
0.545455
0.960000
0.250000
4.166667
2.055556
1.750000
2.800000
0.833333
1.333333
0.156250
2.777778
0.533333
0.187500
1.400000
5.500000
0.888889
1.285714
0.444444
0.161290
1.666667
3.000000
3.600000
9.500000
0.011719
0.650000
0.800000
1.166667
0.481481
2.714286
0.039062
0.600000
1.000000
0.750000
0.625000
1.222222
0.606061
0.454545
0.062500
8.000000
0.210526
0.705882
0.062500
4.500000
0.272727
0.082031
6.000000
1.000000
8.000000
3.000000
4.333333
1.785714
1.000000
0.085938
0.642857
0.521739
0.833333
13.000000
1.583333
0.046875
1.833333
3.000000
1.333333
0.300000
0.750000
2.600000
0.714286
0.050781
3.300000
0.000000
0.500000
2.142857
2.000000
4.000000
2.857143
7.000000
1.000000
6.500000
2.250000
1.571429
1.555556
1.000000
2.400000
8.000000
0.538462
3.000000
9.000000
1.000000
6.000000
31.000000
0.352941
0.190476
0.952381
0.266667
0.011719
1.000000
0.705882
0.187500
1.111111
0.461538
2.571429
0.046875
1.900000
2.111111
0.833333
4.500000
3.000000
1.000000
0.363636
0.764706
0.727273
0.363636
1.600000
0.066406
1.250000
1.300000
3.000000
2.600000
2.000000
0.444444
1.833333
0.846154
0.058594
2.625000
0.478261
2.428571
0.400000
0.086957
0.333333
2.000000
1.300000
0.185185
0.473684
1.500000
0.187500
0.421053
0.884615
0.117647
0.078125
11.000000
0.846154
1.400000
2.500000
0.250000
0.857143
1.166667
0.210526
1.625000
0.046875
0.785714
1.125000
2.000000
0.500000
1.166667
3.800000
0.466667
0.585938
0.764706
0.833333
3.750000
0.375000
9.000000
1.200000
0.615385
1.333333
0.285714
7.000000
0.243243
2.300000
1.800000
0.003906
0.296296
0.042969
1.857143
2.571429
0.666667
1.000000
4.000000
2.857143
-0.000000
2.666667
25.000000
22.000000
5.000000
2.714286
3.000000
3.000000
1.428571
1.333333
3.666667
2.500000
3.500000
0.583333
2.285714
0.866667
1.384615
3.500000
0.769231
1.230769
0.937500
0.583333
1.857143
12.000000
4.333333
1.227273
2.500000
0.074219
0.500000
3.333333
6.333333
2.285714
0.266667
1.700000
0.035156
2.000000
2.400000
0.500000
0.023438
3.500000
33.000000
12.000000
0.809524
0.576923
2.200000
1.100000
0.666667
0.090909
2.666667
0.608696
0.625000
0.900000
2.500000
1.093750
0.082031
5.000000
4.166667
0.066406
0.777778
0.400000
1.333333
6.000000
0.590909
1.500000
2.700000
3.000000
5.400000
2.222222
2.000000
0.857143
2.250000
3.000000
0.333333
2.375000
3.285714
6.333333
1.500000
0.631579
1.200000
1.500000
1.833333
5.000000
0.058594
2.750000
0.777778
0.428571
0.192308
2.428571
0.791667
0.235294
0.263158
2.500000
1.692308
0.947368
0.007812
0.782609
0.263158
0.750000
0.615385
2.000000
1.222222
4.000000
14.000000
2.875000
0.454545
4.750000
2.166667
4.000000
0.583333
1.055556
1.000000
2.666667
0.133333
0.636364
1.062500
1.000000
2.500000
0.625000
2.333333
0.888889
1.500000
16.000000
0.347826
1.000000
1.000000
2.500000
3.000000
1.666667
0.054688
0.161290
3.000000
1.500000
2.444444
5.666667
0.555556
1.200000
0.692308
2.000000
1.187500
0.354839
0.777778
