0.101562
0.019531
-0.003906
-0.019531
0.019531
0.039062
0.015625
-0.054688
0.011719
0.027344
-0.035156
-0.019531
-0.027344
0.007812
-0.003906
0.023438
-0.066406
-0.097656
0.019531
0.000000
0.015625
-0.003906
-0.019531
0.011719
0.027344
-0.117188
0.023438
0.023438
-0.003906
-0.011719
-0.027344
0.039062
-0.039062
-0.019531
-0.050781
0.003906
0.000000
0.074219
-0.019531
-0.031250
-0.031250
0.035156
0.007812
-0.015625
0.015625
0.003906
-0.035156
0.000000
0.042969
-0.023438
0.054688
0.019531
0.027344
0.046875
0.023438
-0.007812
0.011719
-0.027344
-0.003906
-0.015625
-0.050781
-0.015625
-0.050781
-0.031250
-0.066406
0.027344
-0.062500
0.000000
0.125000
0.050781
0.000000
-0.015625
0.078125
-0.074219
-0.015625
0.023438
-0.031250
-0.031250
0.062500
-0.003906
0.031250
0.031250
-0.031250
-0.066406
-0.039062
0.066406
0.023438
-0.046875
0.000000
0.031250
0.046875
0.078125
-0.019531
0.023438
0.015625
0.023438
-0.035156
0.015625
0.042969
-0.035156
0.082031
-0.003906
-0.023438
0.039062
0.019531
0.023438
0.078125
0.031250
0.035156
0.046875
0.000000
-0.058594
0.062500
-0.054688
0.023438
-0.066406
0.007812
0.035156
0.007812
-0.027344
-0.007812
-0.050781
0.031250
-0.003906
-0.050781
0.027344
-0.046875
0.093750
-0.031250
-0.089844
0.015625
-0.093750
0.011719
-0.015625
0.046875
-0.089844
0.007812
0.023438
-0.007812
0.078125
0.082031
0.101562
0.074219
0.015625
0.000000
0.031250
0.000000
0.066406
0.109375
0.011719
-0.050781
0.042969
0.011719
0.121094
-0.058594
-0.031250
-0.050781
-0.046875
0.015625
0.003906
0.027344
0.019531
-0.003906
0.007812
0.015625
0.015625
0.003906
0.035156
0.050781
0.015625
-0.062500
-0.003906
0.031250
0.050781
-0.003906
-0.007812
-0.015625
-0.023438
0.007812
-0.046875
0.054688
0.054688
0.003906
-0.015625
0.042969
0.101562
0.027344
0.097656
-0.039062
-0.015625
0.035156
-0.011719
0.015625
0.046875
0.070312
-0.050781
-0.062500
-0.015625
0.097656
-0.007812
-0.015625
0.019531
0.367188
0.750000
0.625000
0.609375
0.210938
0.144531
0.039062
-0.003906
-0.042969
-0.074219
0.054688
-0.042969
-0.085938
-0.007812
-0.078125
0.062500
0.019531
-0.054688
-0.046875
-0.007812
0.027344
-0.035156
-0.007812
-0.023438
-0.035156
-0.082031
0.027344
-0.039062
0.875000
0.992188
0.992188
0.984375
0.996094
0.925781
0.792969
0.761719
0.785156
0.761719
0.738281
0.785156
0.753906
0.789062
0.679688
0.132812
-0.039062
-0.027344
0.058594
-0.015625
0.046875
0.011719
0.003906
0.000000
0.000000
-0.078125
-0.097656
0.035156
0.179688
0.414062
0.320312
0.472656
0.585938
0.925781
0.988281
0.871094
1.000000
0.996094
0.992188
0.980469
0.882812
0.984375
0.992188
0.539062
-0.058594
0.035156
0.023438
0.015625
0.000000
-0.031250
-0.011719
0.000000
0.007812
0.011719
0.046875
0.070312
-0.035156
-0.054688
-0.015625
0.062500
0.074219
-0.035156
0.207031
0.019531
0.265625
0.296875
0.296875
0.238281
0.039062
0.937500
0.992188
0.468750
0.050781
-0.027344
0.011719
0.023438
-0.046875
-0.039062
-0.019531
0.023438
-0.050781
0.007812
-0.019531
-0.019531
-0.019531
0.035156
0.066406
0.054688
-0.066406
-0.093750
0.035156
-0.003906
-0.054688
-0.128906
0.027344
0.046875
0.261719
0.992188
0.832031
0.011719
-0.078125
-0.066406
-0.039062
0.019531
-0.039062
-0.031250
0.003906
-0.031250
0.035156
-0.007812
-0.011719
0.011719
0.058594
-0.046875
-0.027344
-0.039062
-0.031250
0.054688
0.003906
0.066406
0.050781
0.074219
0.078125
0.011719
0.890625
0.996094
0.250000
-0.093750
-0.015625
0.058594
-0.007812
-0.015625
-0.046875
0.078125
-0.015625
0.000000
-0.015625
0.019531
0.035156
0.085938
-0.027344
0.000000
0.058594
-0.035156
0.003906
-0.042969
-0.046875
0.039062
-0.019531
-0.105469
-0.050781
0.472656
0.976562
0.906250
0.175781
-0.027344
-0.011719
-0.003906
-0.042969
-0.007812
0.054688
0.050781
0.015625
0.039062
-0.019531
-0.011719
0.003906
-0.031250
0.000000
0.019531
0.078125
0.066406
0.039062
-0.015625
-0.066406
-0.066406
-0.082031
-0.042969
0.253906
0.953125
0.984375
0.269531
-0.011719
-0.019531
-0.015625
-0.050781
-0.031250
-0.003906
0.019531
-0.019531
0.031250
0.066406
0.039062
0.019531
0.054688
-0.023438
-0.054688
0.070312
-0.097656
-0.019531
-0.082031
-0.062500
-0.042969
0.003906
-0.003906
0.003906
0.582031
1.000000
0.750000
-0.039062
0.011719
0.046875
0.007812
0.019531
-0.015625
0.019531
-0.042969
0.027344
0.011719
-0.007812
-0.101562
0.003906
0.015625
0.035156
0.007812
-0.066406
-0.039062
0.101562
0.078125
-0.007812
-0.078125
-0.046875
0.082031
-0.011719
0.765625
0.968750
0.218750
0.000000
0.000000
0.062500
-0.050781
0.019531
-0.007812
0.011719
0.042969
0.007812
0.011719
-0.046875
-0.031250
-0.011719
-0.011719
-0.007812
0.054688
0.019531
0.050781
-0.027344
-0.015625
0.062500
0.031250
0.031250
-0.050781
0.464844
1.000000
0.730469
0.039062
0.035156
-0.027344
-0.031250
0.023438
-0.007812
0.039062
-0.003906
-0.058594
-0.023438
0.023438
0.011719
-0.007812
-0.031250
-0.019531
-0.046875
-0.042969
0.062500
0.035156
-0.023438
-0.093750
0.039062
0.011719
-0.019531
0.375000
0.968750
0.933594
0.234375
-0.015625
0.015625
0.027344
-0.011719
-0.011719
-0.023438
-0.015625
-0.023438
-0.066406
0.007812
-0.031250
-0.015625
-0.042969
-0.003906
0.015625
0.093750
-0.074219
-0.031250
0.042969
0.046875
-0.074219
-0.023438
-0.082031
0.003906
0.855469
0.980469
0.625000
0.007812
-0.003906
-0.019531
-0.054688
-0.066406
-0.109375
-0.070312
-0.039062
-0.058594
-0.019531
0.046875
-0.007812
0.007812
0.035156
0.066406
0.058594
0.019531
0.058594
-0.050781
0.027344
0.011719
-0.046875
-0.007812
-0.011719
0.800781
0.996094
0.886719
0.054688
0.062500
0.062500
0.003906
-0.011719
0.007812
-0.007812
0.011719
-0.003906
0.054688
0.031250
0.035156
0.035156
0.003906
-0.007812
0.050781
-0.035156
-0.039062
0.035156
-0.046875
-0.019531
-0.015625
-0.015625
0.031250
0.140625
1.000000
0.996094
0.257812
0.042969
-0.019531
-0.007812
0.003906
0.027344
0.003906
0.062500
-0.031250
0.011719
-0.058594
-0.023438
-0.042969
0.035156
-0.003906
0.046875
-0.019531
-0.035156
0.015625
-0.027344
-0.003906
-0.058594
0.027344
0.113281
0.164062
0.875000
0.996094
0.425781
0.054688
0.019531
0.015625
0.015625
-0.015625
0.003906
-0.027344
0.046875
-0.023438
0.058594
-0.066406
0.027344
-0.085938
-0.066406
-0.011719
-0.031250
-0.023438
-0.027344
-0.019531
-0.066406
-0.050781
0.023438
-0.050781
-0.035156
0.503906
0.996094
0.984375
0.285156
0.011719
0.007812
-0.039062
-0.054688
0.101562
0.054688
0.023438
-0.113281
0.066406
0.011719
-0.003906
0.089844
0.031250
-0.023438
-0.011719
0.011719
0.015625
0.015625
-0.011719
0.054688
0.050781
0.015625
-0.074219
0.195312
0.914062
0.988281
0.988281
0.136719
0.003906
0.058594
0.058594
-0.082031
-0.015625
-0.054688
-0.093750
-0.062500
0.101562
-0.039062
0.003906
0.023438
-0.003906
0.062500
0.082031
0.054688
-0.023438
0.105469
0.113281
-0.082031
0.042969
0.066406
-0.031250
0.480469
0.992188
0.996094
0.828125
0.183594
-0.027344
0.039062
0.019531
-0.019531
-0.062500
-0.027344
0.011719
0.085938
-0.023438
0.027344
0.066406
-0.007812
-0.085938
0.015625
0.046875
0.015625
0.019531
0.035156
-0.011719
-0.011719
0.058594
-0.054688
0.019531
0.441406
0.996094
0.851562
-0.031250
0.078125
-0.078125
0.023438
0.011719
-0.019531
0.035156
-0.011719
0.000000
0.015625
0.039062
-0.046875
0.000000
0.003906
-0.050781
0.003906
0.019531
-0.007812
0.058594
-0.007812
-0.082031
0.000000
0.023438
0.000000
0.015625
0.046875
0.003906
0.035156
0.054688
0.035156
0.007812
0.062500
0.058594
0.070312
0.011719
0.023438
0.054688
0.023438
0.023438
-0.050781
0.023438
0.078125
0.089844
