-0.058594
0.000000
-0.101562
-0.246094
-0.144531
0.019531
-0.140625
-0.023438
-0.140625
-0.085938
0.003906
-0.253906
0.031250
-0.152344
-0.289062
0.171875
-0.179688
0.050781
-0.089844
-0.003906
0.027344
-0.148438
-0.171875
-0.054688
-0.101562
-0.003906
0.296875
0.042969
0.046875
-0.058594
0.410156
0.175781
-0.113281
0.136719
-0.222656
0.218750
-0.035156
0.136719
-0.144531
-0.121094
0.191406
-0.015625
0.062500
0.000000
0.007812
-0.113281
-0.058594
-0.285156
0.042969
-0.125000
0.117188
-0.140625
0.066406
0.003906
0.000000
0.218750
0.078125
0.390625
0.289062
0.253906
0.140625
0.171875
0.257812
0.171875
-0.078125
0.058594
-0.144531
-0.242188
0.273438
0.167969
-0.144531
-0.273438
0.078125
0.121094
0.125000
-0.285156
0.039062
0.019531
0.242188
0.082031
-0.007812
-0.046875
0.234375
0.265625
0.109375
0.175781
0.113281
0.039062
0.324219
0.277344
-0.257812
0.027344
0.207031
0.101562
0.335938
0.082031
-0.179688
0.105469
0.164062
0.187500
0.156250
0.058594
0.214844
0.238281
0.082031
0.113281
0.289062
0.117188
0.078125
0.246094
0.300781
0.308594
0.019531
-0.035156
-0.148438
0.125000
0.156250
-0.101562
-0.152344
-0.109375
0.000000
-0.089844
-0.082031
-0.316406
0.070312
-0.125000
-0.015625
-0.062500
0.007812
-0.003906
0.210938
-0.085938
0.167969
0.144531
0.328125
0.070312
0.027344
0.175781
0.281250
0.078125
-0.070312
0.250000
-0.085938
-0.191406
0.160156
0.035156
-0.320312
-0.191406
-0.359375
-0.031250
