-0.132812
-0.140625
0.054688
0.000000
-0.054688
0.058594
-0.023438
0.062500
0.078125
0.070312
0.054688
-0.050781
-0.105469
-0.027344
0.105469
-0.046875
-0.074219
0.046875
-0.082031
0.023438
0.152344
-0.003906
0.050781
0.011719
0.023438
-0.078125
-0.023438
-0.093750
0.062500
-0.097656
-0.117188
0.062500
0.003906
0.019531
0.179688
-0.062500
-0.132812
-0.054688
0.078125
0.039062
-0.234375
0.042969
-0.003906
0.031250
-0.109375
0.011719
0.082031
0.136719
0.039062
-0.125000
0.058594
-0.023438
-0.101562
-0.144531
-0.066406
-0.097656
0.031250
0.187500
-0.023438
0.066406
-0.066406
0.132812
0.191406
-0.070312
-0.078125
-0.050781
0.035156
0.046875
0.007812
-0.121094
-0.089844
0.050781
-0.015625
-0.039062
-0.117188
0.000000
0.031250
0.085938
0.128906
-0.003906
-0.058594
0.027344
0.050781
0.113281
-0.035156
0.109375
-0.027344
0.046875
-0.062500
-0.132812
0.136719
0.164062
0.046875
-0.109375
-0.152344
0.000000
0.093750
-0.125000
-0.160156
-0.097656
-0.089844
0.023438
-0.195312
-0.042969
-0.074219
-0.109375
-0.160156
0.050781
0.109375
0.042969
-0.140625
-0.070312
0.179688
0.085938
-0.074219
-0.207031
0.000000
0.058594
0.105469
-0.136719
-0.093750
0.117188
0.058594
0.000000
-0.105469
-0.089844
-0.050781
-0.023438
0.074219
-0.066406
-0.007812
0.046875
-0.027344
-0.046875
-0.105469
-0.082031
-0.019531
0.078125
-0.093750
0.011719
-0.046875
0.027344
0.046875
-0.105469
-0.042969
0.152344
-0.039062
0.039062
-0.109375
-0.046875
-0.058594
-0.046875
0.000000
-0.046875
-0.003906
0.035156
-0.093750
-0.039062
-0.089844
-0.023438
0.062500
-0.078125
-0.093750
-0.031250
-0.125000
-0.140625
0.015625
-0.109375
-0.085938
0.003906
0.015625
0.031250
-0.191406
-0.105469
-0.160156
-0.007812
-0.144531
-0.015625
-0.015625
-0.070312
0.101562
0.175781
-0.128906
-0.074219
-0.089844
0.000000
-0.019531
0.062500
0.093750
-0.039062
0.019531
0.003906
0.109375
0.054688
-0.015625
0.136719
-0.003906
-0.015625
0.085938
-0.042969
0.023438
-0.007812
-0.042969
-0.019531
0.097656
-0.125000
0.003906
0.011719
-0.031250
0.062500
0.132812
0.062500
-0.062500
-0.062500
0.015625
0.191406
0.136719
0.132812
0.136719
-0.214844
0.003906
0.117188
0.054688
-0.085938
-0.039062
-0.082031
-0.023438
-0.156250
-0.039062
0.007812
0.058594
-0.152344
-0.019531
0.093750
0.089844
0.003906
0.042969
-0.019531
0.003906
0.046875
-0.027344
0.054688
0.183594
-0.042969
0.039062
-0.136719
-0.242188
-0.078125
0.039062
-0.125000
-0.039062
0.000000
0.085938
-0.058594
-0.054688
0.105469
-0.066406
-0.113281
-0.171875
-0.003906
0.007812
-0.066406
-0.109375
0.023438
0.144531
0.074219
0.054688
0.109375
0.136719
0.093750
0.039062
0.050781
-0.128906
-0.082031
-0.199219
0.144531
0.015625
0.031250
-0.019531
-0.003906
-0.074219
-0.058594
-0.023438
-0.035156
0.031250
-0.093750
0.082031
0.074219
0.023438
0.070312
0.144531
0.136719
0.066406
0.078125
-0.078125
-0.007812
0.121094
0.042969
-0.011719
0.148438
-0.109375
-0.121094
-0.058594
0.050781
-0.082031
0.031250
-0.078125
0.101562
-0.128906
0.074219
-0.027344
0.042969
-0.066406
0.050781
0.000000
-0.042969
-0.074219
0.011719
-0.066406
-0.023438
0.085938
0.007812
0.093750
-0.070312
0.089844
0.039062
-0.015625
0.042969
-0.019531
-0.015625
0.003906
-0.144531
-0.101562
-0.136719
0.039062
0.093750
-0.054688
0.050781
0.097656
-0.070312
-0.046875
0.070312
0.019531
0.074219
-0.015625
-0.042969
-0.070312
-0.179688
-0.035156
-0.003906
-0.187500
-0.023438
-0.117188
0.152344
-0.167969
-0.050781
-0.207031
-0.207031
0.050781
-0.117188
0.023438
0.140625
0.156250
0.011719
0.234375
0.191406
0.082031
0.164062
-0.015625
-0.039062
-0.140625
-0.132812
-0.183594
-0.031250
-0.160156
0.035156
0.000000
-0.039062
-0.046875
-0.156250
0.109375
-0.015625
0.078125
-0.062500
-0.019531
0.039062
0.078125
0.140625
0.089844
0.132812
-0.078125
0.035156
-0.152344
0.027344
0.105469
-0.136719
-0.066406
-0.132812
0.027344
-0.031250
-0.003906
0.046875
0.011719
0.027344
-0.125000
0.066406
0.050781
-0.148438
-0.015625
-0.082031
-0.039062
-0.066406
0.097656
0.210938
0.023438
0.066406
-0.042969
0.167969
0.062500
-0.007812
-0.062500
-0.027344
-0.187500
-0.136719
0.007812
-0.089844
-0.113281
-0.066406
-0.023438
-0.058594
-0.128906
-0.058594
0.007812
-0.039062
-0.097656
0.105469
0.242188
0.125000
0.105469
0.105469
0.085938
0.042969
0.035156
-0.046875
0.035156
0.003906
-0.085938
-0.070312
-0.078125
-0.164062
-0.031250
0.078125
0.058594
0.066406
-0.066406
-0.105469
-0.054688
0.023438
-0.082031
0.027344
0.046875
-0.007812
-0.015625
-0.035156
-0.050781
0.027344
-0.039062
-0.003906
0.062500
-0.066406
0.125000
0.031250
-0.011719
-0.085938
-0.101562
-0.152344
-0.113281
0.066406
-0.074219
0.054688
-0.039062
-0.070312
0.000000
-0.066406
-0.078125
0.132812
0.078125
-0.109375
0.097656
-0.125000
-0.125000
-0.062500
-0.058594
-0.027344
-0.027344
-0.058594
0.042969
-0.035156
-0.089844
-0.136719
-0.031250
0.007812
-0.011719
0.082031
-0.050781
-0.019531
-0.031250
0.164062
0.128906
0.085938
0.035156
-0.046875
0.109375
0.265625
0.148438
-0.113281
-0.117188
-0.179688
0.054688
0.207031
-0.093750
-0.152344
-0.019531
-0.167969
-0.093750
0.078125
0.085938
0.031250
-0.046875
-0.082031
0.226562
0.035156
0.089844
0.136719
0.039062
0.121094
0.019531
-0.023438
0.156250
0.085938
-0.105469
-0.144531
-0.125000
0.039062
0.070312
-0.070312
-0.132812
-0.191406
-0.187500
-0.066406
-0.058594
0.074219
0.015625
0.023438
0.078125
0.070312
-0.019531
-0.109375
0.000000
0.152344
-0.019531
-0.019531
-0.027344
0.105469
-0.035156
-0.101562
-0.093750
0.035156
0.031250
-0.082031
-0.109375
-0.148438
-0.050781
-0.058594
-0.125000
0.035156
-0.109375
-0.035156
-0.050781
0.042969
-0.093750
0.082031
-0.113281
0.054688
0.007812
0.082031
-0.164062
0.031250
-0.035156
-0.015625
-0.050781
0.019531
-0.101562
0.132812
0.085938
0.105469
-0.070312
0.089844
0.015625
0.015625
-0.058594
-0.058594
-0.054688
-0.144531
0.015625
-0.089844
-0.027344
0.011719
-0.046875
0.058594
0.070312
0.152344
-0.023438
0.070312
-0.128906
0.011719
-0.042969
-0.046875
0.007812
0.105469
-0.109375
-0.058594
0.117188
0.152344
-0.046875
0.101562
0.097656
0.019531
-0.011719
-0.015625
0.058594
-0.019531
-0.113281
0.082031
0.019531
0.093750
0.078125
0.140625
0.027344
0.191406
0.035156
-0.128906
0.054688
-0.007812
-0.105469
-0.054688
-0.023438
-0.097656
0.148438
-0.078125
0.078125
-0.066406
0.039062
-0.167969
-0.003906
-0.039062
-0.027344
-0.023438
0.074219
-0.054688
-0.003906
-0.121094
-0.042969
-0.050781
0.046875
0.007812
-0.089844
0.039062
0.019531
0.015625
-0.066406
0.074219
0.050781
-0.121094
-0.062500
-0.011719
-0.011719
-0.101562
-0.023438
-0.078125
-0.187500
-0.121094
0.007812
0.074219
0.121094
-0.082031
-0.054688
0.035156
0.042969
0.121094
-0.003906
0.148438
0.074219
-0.093750
-0.015625
-0.062500
0.031250
0.097656
-0.085938
-0.007812
0.054688
-0.066406
-0.082031
-0.140625
0.074219
0.000000
-0.125000
-0.011719
-0.070312
0.113281
-0.007812
-0.144531
-0.089844
-0.109375
-0.015625
0.011719
0.027344
-0.070312
0.148438
-0.031250
0.039062
0.019531
-0.058594
0.121094
-0.050781
-0.015625
-0.093750
0.140625
0.015625
0.007812
-0.054688
-0.082031
0.175781
-0.066406
-0.117188
0.007812
-0.027344
-0.062500
-0.109375
-0.019531
0.003906
-0.054688
0.085938
-0.085938
-0.054688
-0.003906
0.074219
0.058594
-0.019531
-0.093750
-0.019531
0.042969
-0.046875
-0.125000
-0.085938
0.085938
0.031250
-0.031250
-0.070312
0.023438
-0.101562
0.039062
-0.023438
0.011719
-0.015625
-0.039062
-0.023438
0.089844
-0.050781
-0.035156
0.027344
-0.136719
-0.058594
-0.066406
-0.023438
-0.078125
-0.175781
0.011719
-0.031250
0.093750
0.050781
-0.089844
0.062500
0.031250
0.011719
0.003906
-0.132812
0.062500
0.121094
0.140625
-0.101562
0.121094
-0.101562
-0.023438
0.023438
-0.019531
0.019531
-0.085938
0.011719
0.085938
0.066406
0.054688
-0.074219
-0.015625
-0.039062
-0.101562
0.000000
-0.031250
0.070312
-0.035156
-0.093750
0.085938
0.125000
-0.050781
-0.152344
0.031250
0.027344
0.136719
-0.078125
-0.085938
-0.128906
-0.136719
0.019531
0.128906
0.082031
0.023438
0.066406
0.152344
-0.050781
0.070312
-0.007812
0.117188
0.023438
-0.007812
-0.027344
-0.070312
0.109375
-0.050781
-0.183594
-0.191406
0.093750
0.078125
-0.027344
-0.097656
-0.042969
-0.101562
-0.031250
0.007812
-0.058594
0.058594
-0.070312
-0.093750
0.078125
0.109375
-0.015625
-0.109375
-0.019531
0.000000
-0.015625
-0.050781
-0.101562
0.105469
0.070312
-0.019531
-0.074219
0.019531
-0.015625
0.144531
-0.050781
-0.085938
0.039062
0.074219
-0.039062
0.050781
0.023438
-0.089844
0.078125
-0.007812
0.089844
0.136719
-0.121094
-0.144531
0.035156
-0.039062
-0.007812
0.101562
0.031250
0.082031
-0.062500
-0.054688
0.015625
0.011719
-0.031250
0.058594
-0.109375
-0.050781
0.140625
0.046875
0.128906
-0.015625
-0.035156
0.031250
-0.031250
0.027344
0.039062
-0.027344
0.070312
0.152344
-0.003906
0.062500
0.019531
0.117188
-0.023438
0.003906
0.070312
0.011719
0.015625
-0.085938
0.066406
-0.035156
-0.042969
-0.054688
0.007812
-0.042969
-0.011719
-0.035156
0.015625
0.039062
0.101562
0.078125
0.011719
-0.007812
-0.031250
-0.054688
0.074219
-0.078125
-0.144531
-0.003906
0.019531
0.062500
0.007812
0.121094
0.121094
-0.023438
-0.070312
0.105469
-0.046875
0.035156
0.000000
-0.003906
-0.003906
-0.003906
-0.101562
-0.050781
-0.058594
-0.160156
-0.074219
-0.003906
0.023438
-0.093750
-0.050781
0.019531
-0.054688
0.082031
-0.109375
-0.003906
0.039062
0.117188
-0.011719
0.000000
-0.191406
0.027344
-0.054688
-0.093750
-0.046875
0.023438
-0.074219
-0.054688
-0.117188
-0.035156
-0.031250
0.015625
-0.007812
-0.085938
0.019531
0.054688
0.085938
0.140625
-0.132812
0.023438
-0.007812
0.085938
-0.054688
-0.062500
-0.078125
-0.074219
-0.042969
0.031250
-0.109375
0.027344
0.011719
0.035156
-0.074219
0.050781
-0.046875
-0.011719
-0.042969
-0.019531
-0.128906
0.007812
0.003906
-0.039062
-0.039062
-0.035156
0.125000
-0.191406
-0.074219
0.082031
0.074219
0.105469
0.046875
-0.128906
0.058594
-0.101562
0.003906
-0.078125
-0.082031
0.050781
0.070312
-0.007812
0.105469
-0.128906
0.019531
-0.097656
0.042969
-0.062500
0.113281
-0.027344
-0.023438
-0.078125
-0.097656
-0.003906
0.101562
0.000000
0.058594
0.109375
-0.011719
0.078125
-0.003906
0.011719
0.152344
-0.097656
0.007812
-0.066406
0.097656
-0.019531
-0.054688
-0.003906
0.125000
0.007812
-0.066406
0.019531
-0.113281
-0.093750
0.074219
-0.078125
-0.074219
-0.042969
-0.046875
0.105469
-0.058594
0.042969
0.007812
0.058594
0.035156
0.109375
0.042969
0.058594
-0.066406
0.050781
-0.035156
-0.062500
-0.015625
0.070312
0.097656
-0.109375
0.125000
-0.031250
-0.199219
-0.031250
-0.082031
-0.050781
-0.046875
0.015625
-0.156250
0.031250
-0.027344
-0.152344
0.019531
-0.089844
-0.050781
-0.148438
-0.003906
-0.105469
-0.136719
-0.042969
0.097656
-0.179688
-0.058594
-0.089844
-0.109375
0.027344
0.011719
-0.148438
0.031250
-0.039062
0.089844
0.109375
0.117188
0.097656
-0.011719
-0.019531
0.125000
0.152344
0.062500
-0.007812
-0.046875
-0.050781
-0.039062
0.031250
-0.195312
-0.156250
-0.121094
-0.078125
0.039062
-0.035156
0.175781
0.105469
-0.171875
-0.164062
-0.054688
0.078125
0.015625
0.011719
-0.039062
0.000000
0.078125
0.140625
0.011719
0.027344
0.058594
-0.113281
-0.156250
-0.023438
0.007812
-0.082031
0.058594
-0.121094
-0.031250
-0.007812
0.000000
-0.003906
0.007812
-0.199219
-0.125000
0.121094
0.117188
-0.058594
-0.226562
0.015625
0.066406
0.097656
0.140625
0.027344
0.121094
0.066406
0.070312
0.007812
0.019531
-0.089844
-0.015625
0.085938
0.003906
-0.136719
-0.042969
-0.007812
-0.007812
-0.011719
0.046875
-0.082031
0.023438
-0.019531
0.101562
-0.023438
-0.042969
0.089844
0.023438
0.058594
0.082031
-0.062500
-0.062500
0.007812
-0.082031
0.046875
0.117188
-0.035156
0.070312
-0.167969
-0.035156
0.027344
0.019531
-0.097656
0.109375
-0.023438
0.054688
0.015625
0.093750
-0.027344
-0.039062
-0.082031
0.070312
0.101562
0.121094
-0.117188
-0.070312
-0.125000
0.097656
0.093750
-0.011719
-0.062500
-0.148438
0.007812
-0.070312
0.011719
-0.082031
0.101562
0.003906
0.015625
-0.082031
-0.089844
0.078125
0.019531
-0.132812
0.027344
0.070312
-0.093750
-0.031250
-0.144531
0.058594
0.113281
-0.015625
0.000000
0.015625
-0.007812
0.226562
-0.085938
-0.101562
-0.199219
-0.089844
-0.019531
-0.125000
-0.085938
-0.140625
-0.027344
0.050781
0.000000
-0.039062
-0.089844
-0.093750
-0.082031
-0.093750
-0.097656
0.066406
-0.121094
-0.007812
0.117188
-0.105469
0.039062
0.046875
0.058594
0.046875
0.042969
-0.117188
-0.152344
0.062500
-0.003906
-0.152344
-0.031250
-0.093750
-0.019531
-0.109375
-0.042969
0.097656
0.066406
-0.007812
-0.199219
0.027344
0.003906
0.082031
-0.019531
-0.003906
0.132812
0.000000
0.035156
-0.007812
-0.093750
0.187500
-0.015625
0.175781
-0.042969
-0.023438
-0.019531
-0.058594
-0.011719
-0.082031
-0.042969
0.000000
0.046875
-0.140625
-0.011719
0.054688
-0.125000
0.007812
0.007812
0.148438
-0.027344
-0.011719
-0.023438
0.078125
0.164062
-0.011719
0.089844
-0.046875
-0.121094
-0.042969
-0.031250
-0.070312
-0.148438
0.031250
0.058594
-0.007812
-0.031250
-0.062500
0.019531
-0.089844
-0.023438
-0.078125
-0.023438
0.121094
-0.046875
-0.089844
0.144531
-0.093750
0.082031
0.066406
0.015625
0.042969
0.039062
0.003906
-0.011719
0.031250
-0.156250
0.074219
0.101562
-0.058594
-0.035156
0.066406
0.093750
0.097656
0.054688
0.078125
0.070312
-0.015625
0.128906
0.015625
-0.003906
0.148438
-0.054688
0.011719
0.015625
0.109375
-0.027344
-0.007812
0.062500
0.042969
0.050781
-0.007812
-0.050781
0.046875
-0.023438
0.000000
0.101562
-0.082031
-0.117188
-0.062500
0.089844
0.011719
0.000000
-0.015625
-0.070312
-0.007812
-0.019531
-0.128906
-0.093750
0.050781
0.015625
-0.078125
0.019531
-0.089844
-0.085938
0.050781
-0.031250
0.019531
0.011719
-0.039062
0.039062
-0.164062
-0.105469
-0.199219
-0.105469
-0.042969
0.035156
0.062500
-0.042969
-0.027344
-0.074219
-0.046875
-0.089844
-0.023438
-0.093750
0.042969
0.015625
-0.039062
0.097656
-0.039062
0.023438
-0.101562
-0.144531
-0.062500
0.046875
0.003906
0.070312
0.097656
0.058594
0.062500
-0.078125
-0.035156
-0.070312
-0.039062
0.082031
0.035156
-0.019531
-0.113281
0.074219
0.128906
0.089844
0.101562
-0.062500
-0.035156
-0.007812
0.039062
-0.105469
-0.031250
0.023438
-0.058594
-0.105469
0.027344
-0.019531
-0.042969
-0.113281
0.058594
-0.031250
-0.054688
0.039062
-0.054688
0.031250
0.035156
-0.019531
-0.035156
0.050781
-0.031250
-0.144531
-0.015625
0.117188
0.031250
-0.050781
-0.042969
0.113281
0.121094
0.117188
-0.062500
0.085938
-0.042969
-0.023438
0.082031
-0.011719
-0.082031
-0.066406
-0.058594
0.007812
-0.019531
0.023438
-0.050781
-0.019531
-0.062500
0.132812
-0.042969
-0.015625
0.062500
-0.109375
-0.023438
0.023438
0.152344
-0.023438
0.007812
-0.148438
-0.039062
0.031250
-0.015625
0.023438
0.023438
-0.003906
-0.007812
0.070312
0.125000
-0.066406
0.019531
0.144531
-0.042969
0.125000
0.101562
0.066406
0.105469
-0.144531
0.128906
-0.058594
0.031250
-0.148438
-0.121094
-0.019531
-0.085938
0.117188
0.066406
0.003906
-0.039062
-0.171875
-0.027344
-0.160156
0.035156
-0.023438
-0.015625
0.050781
0.085938
0.253906
0.011719
0.011719
-0.105469
-0.070312
-0.089844
-0.125000
0.050781
-0.035156
0.007812
-0.203125
-0.171875
0.046875
-0.128906
-0.074219
-0.019531
-0.039062
-0.070312
0.078125
0.058594
0.093750
0.054688
0.066406
-0.105469
-0.113281
0.179688
0.101562
-0.062500
-0.035156
0.054688
-0.093750
-0.031250
0.066406
-0.074219
-0.148438
-0.078125
-0.066406
0.042969
-0.007812
-0.089844
0.050781
-0.054688
-0.015625
0.136719
-0.144531
0.093750
-0.046875
0.082031
-0.082031
0.070312
0.058594
0.097656
-0.097656
0.058594
-0.062500
0.007812
0.218750
-0.070312
-0.019531
-0.027344
-0.015625
-0.117188
0.031250
-0.054688
0.000000
-0.027344
-0.132812
0.027344
-0.046875
0.082031
0.117188
-0.027344
0.078125
0.121094
0.003906
0.042969
0.152344
-0.003906
0.007812
-0.035156
0.058594
0.078125
-0.062500
-0.175781
-0.031250
-0.132812
0.027344
-0.007812
-0.132812
-0.046875
0.085938
0.035156
0.035156
-0.054688
-0.125000
0.031250
-0.035156
0.105469
-0.160156
-0.085938
-0.003906
-0.031250
-0.066406
0.058594
-0.023438
-0.070312
0.027344
-0.035156
-0.085938
-0.062500
-0.125000
-0.046875
-0.039062
-0.062500
0.027344
-0.117188
-0.109375
0.007812
0.035156
0.023438
0.054688
0.003906
0.097656
-0.167969
-0.070312
0.003906
-0.003906
-0.062500
0.128906
-0.089844
-0.062500
0.082031
0.097656
-0.136719
-0.125000
0.027344
0.105469
0.007812
0.113281
0.000000
-0.128906
0.015625
-0.085938
0.054688
0.062500
0.062500
0.023438
-0.082031
-0.019531
0.058594
-0.015625
0.101562
-0.074219
0.015625
-0.132812
-0.035156
0.000000
0.058594
0.011719
-0.093750
0.125000
0.015625
0.000000
-0.074219
-0.117188
0.019531
-0.023438
-0.019531
0.035156
0.058594
-0.015625
0.019531
-0.140625
0.097656
-0.085938
0.042969
0.085938
0.097656
0.023438
0.015625
-0.031250
0.019531
0.101562
0.003906
-0.054688
0.011719
-0.011719
-0.019531
0.000000
0.019531
0.031250
-0.070312
-0.093750
-0.046875
0.097656
-0.062500
0.046875
-0.078125
-0.097656
-0.031250
-0.117188
-0.062500
0.097656
0.089844
-0.105469
0.027344
-0.039062
0.109375
-0.027344
-0.183594
0.050781
-0.050781
0.125000
-0.050781
-0.023438
-0.031250
0.062500
0.015625
-0.121094
0.015625
-0.019531
-0.039062
0.007812
0.062500
0.160156
0.117188
0.046875
0.027344
-0.058594
-0.058594
-0.125000
-0.132812
-0.078125
0.109375
0.082031
-0.144531
-0.031250
0.039062
0.121094
-0.101562
-0.121094
-0.027344
-0.101562
0.031250
-0.054688
-0.117188
-0.113281
0.058594
-0.164062
-0.027344
-0.050781
0.066406
0.058594
0.070312
-0.156250
0.000000
0.011719
0.148438
-0.109375
0.062500
-0.097656
-0.039062
0.082031
-0.042969
-0.007812
0.027344
0.007812
0.078125
-0.062500
-0.140625
-0.121094
0.140625
-0.136719
-0.035156
0.031250
-0.171875
-0.109375
0.113281
0.015625
0.105469
0.046875
0.003906
0.078125
-0.011719
-0.074219
0.113281
0.050781
0.050781
-0.027344
0.132812
0.109375
0.062500
0.046875
-0.175781
-0.078125
0.191406
0.066406
0.058594
0.164062
0.128906
0.046875
0.031250
-0.128906
0.105469
0.132812
-0.050781
-0.031250
-0.082031
0.027344
0.070312
-0.062500
0.027344
-0.156250
0.050781
-0.074219
-0.050781
0.035156
0.097656
0.019531
-0.066406
0.011719
-0.136719
0.011719
-0.023438
-0.066406
-0.097656
-0.027344
-0.015625
0.136719
0.070312
0.019531
-0.175781
-0.089844
0.101562
0.183594
-0.062500
-0.125000
-0.085938
0.160156
-0.007812
-0.027344
-0.218750
-0.156250
0.210938
0.148438
-0.035156
-0.144531
-0.023438
0.007812
-0.070312
-0.007812
0.019531
-0.085938
0.066406
-0.031250
0.027344
0.089844
0.062500
-0.101562
-0.187500
0.101562
0.070312
0.136719
-0.082031
0.035156
0.160156
0.058594
-0.070312
-0.179688
-0.046875
0.179688
-0.125000
-0.027344
-0.148438
0.140625
-0.105469
0.011719
0.007812
0.011719
0.109375
0.031250
0.078125
-0.027344
0.078125
-0.046875
-0.187500
-0.003906
-0.132812
-0.105469
-0.082031
0.007812
-0.027344
0.015625
0.019531
0.019531
-0.136719
0.039062
-0.011719
-0.109375
-0.058594
-0.062500
0.062500
-0.062500
0.035156
-0.203125
-0.074219
-0.046875
0.066406
-0.066406
0.039062
-0.019531
-0.074219
0.027344
0.007812
-0.011719
-0.101562
-0.007812
-0.070312
0.054688
-0.089844
0.023438
0.011719
-0.011719
-0.148438
0.023438
-0.128906
-0.089844
-0.093750
-0.113281
0.101562
-0.027344
0.089844
0.003906
0.066406
0.046875
-0.093750
0.058594
-0.023438
0.089844
0.082031
0.035156
0.058594
0.019531
-0.093750
0.160156
0.109375
-0.019531
0.097656
0.070312
-0.074219
-0.085938
0.058594
0.156250
-0.027344
-0.082031
-0.062500
-0.035156
0.039062
-0.019531
-0.140625
-0.039062
-0.089844
-0.007812
-0.101562
0.125000
0.000000
-0.132812
-0.031250
-0.054688
0.140625
0.105469
0.035156
0.070312
-0.027344
-0.093750
-0.074219
-0.089844
0.093750
-0.011719
-0.121094
-0.179688
-0.164062
-0.050781
0.058594
-0.078125
0.015625
-0.148438
0.078125
-0.023438
0.046875
-0.027344
0.082031
0.019531
0.070312
0.011719
-0.066406
-0.066406
0.003906
0.039062
0.011719
-0.062500
0.003906
-0.015625
-0.039062
0.015625
0.035156
0.027344
-0.164062
-0.019531
0.070312
-0.097656
0.000000
-0.113281
0.093750
-0.007812
-0.113281
-0.093750
0.023438
0.042969
0.050781
-0.066406
-0.109375
0.000000
-0.003906
0.031250
0.019531
0.003906
0.078125
-0.031250
-0.117188
-0.011719
-0.062500
-0.027344
0.011719
-0.121094
0.039062
0.046875
0.175781
0.140625
0.046875
-0.039062
0.023438
0.082031
0.078125
0.054688
-0.042969
-0.117188
-0.105469
-0.003906
-0.031250
-0.074219
-0.011719
-0.082031
-0.070312
-0.023438
0.062500
0.078125
-0.050781
-0.097656
0.015625
0.003906
0.000000
-0.121094
-0.066406
-0.003906
-0.089844
-0.140625
-0.070312
0.062500
-0.144531
-0.027344
0.085938
-0.007812
0.031250
-0.058594
-0.070312
0.046875
0.078125
0.042969
-0.097656
0.015625
0.023438
0.117188
0.046875
-0.003906
-0.027344
-0.023438
0.023438
0.007812
-0.007812
0.007812
-0.097656
-0.066406
-0.101562
-0.015625
0.007812
0.140625
-0.046875
0.066406
0.027344
-0.023438
0.183594
0.070312
-0.007812
-0.011719
0.179688
0.039062
0.062500
0.035156
-0.066406
0.105469
-0.046875
-0.113281
-0.035156
-0.144531
-0.054688
-0.078125
-0.031250
-0.058594
-0.042969
0.003906
0.046875
0.054688
0.015625
0.007812
0.253906
0.039062
0.019531
-0.019531
-0.132812
-0.007812
0.132812
0.070312
-0.089844
0.027344
0.085938
0.109375
-0.078125
-0.136719
-0.054688
0.062500
0.031250
0.007812
0.132812
0.117188
-0.070312
-0.031250
-0.031250
-0.019531
0.046875
-0.117188
-0.003906
-0.015625
-0.062500
0.007812
-0.074219
-0.167969
0.003906
-0.062500
-0.058594
-0.066406
-0.011719
0.023438
-0.093750
-0.082031
-0.164062
-0.058594
-0.046875
-0.062500
-0.136719
0.031250
0.000000
-0.023438
-0.160156
-0.066406
0.046875
-0.089844
-0.085938
0.132812
-0.050781
0.121094
-0.058594
-0.027344
-0.042969
0.070312
0.085938
-0.003906
0.093750
-0.121094
-0.148438
0.058594
0.062500
-0.003906
-0.164062
0.019531
-0.121094
0.000000
-0.019531
-0.101562
0.000000
0.039062
-0.023438
0.078125
-0.203125
0.054688
-0.058594
-0.109375
0.062500
-0.039062
-0.062500
0.019531
0.074219
0.027344
-0.070312
-0.039062
-0.039062
-0.015625
-0.015625
-0.031250
-0.093750
-0.062500
0.074219
-0.023438
-0.011719
-0.164062
0.058594
-0.042969
-0.085938
-0.050781
0.019531
-0.023438
0.074219
-0.058594
-0.093750
0.011719
-0.066406
-0.015625
0.039062
-0.015625
0.035156
-0.089844
-0.007812
0.000000
0.007812
0.062500
-0.019531
-0.023438
0.007812
0.136719
0.050781
-0.011719
0.000000
-0.046875
0.042969
-0.148438
-0.171875
-0.031250
-0.003906
-0.070312
0.027344
-0.105469
0.058594
-0.132812
-0.054688
-0.031250
0.046875
0.007812
-0.027344
0.042969
-0.011719
-0.019531
-0.046875
0.042969
0.050781
0.105469
-0.054688
0.000000
0.023438
-0.101562
-0.187500
-0.113281
-0.109375
-0.113281
0.070312
-0.101562
-0.035156
0.097656
0.089844
-0.121094
-0.031250
0.000000
0.074219
-0.089844
0.128906
0.015625
0.066406
0.011719
-0.046875
-0.066406
0.093750
0.113281
0.078125
-0.160156
-0.039062
0.000000
-0.031250
-0.042969
-0.031250
0.144531
-0.046875
-0.175781
-0.015625
0.027344
0.058594
-0.156250
0.042969
0.058594
0.015625
0.003906
0.042969
0.011719
0.085938
-0.144531
0.054688
-0.105469
0.000000
0.062500
0.101562
-0.003906
-0.058594
0.000000
-0.066406
0.027344
0.101562
-0.027344
-0.097656
0.046875
0.058594
-0.042969
0.097656
0.058594
0.117188
0.070312
-0.027344
-0.019531
-0.062500
0.171875
