6.250000
2.636364
1.000000
0.078125
0.916667
1.500000
0.086957
0.076923
2.000000
0.085938
1.250000
2.400000
14.500000
5.500000
1.111111
0.800000
2.545455
6.000000
0.428571
0.500000
2.428571
0.500000
-0.000000
2.125000
0.058594
1.083333
9.000000
0.900000
14.000000
2.700000
3.500000
0.011719
1.375000
0.266667
3.333333
0.833333
3.500000
0.078125
1.500000
5.000000
6.500000
0.125000
24.000000
0.050781
1.571429
7.500000
1.777778
1.333333
0.777778
3.750000
1.666667
0.117188
3.428571
8.333333
1.714286
2.750000
3.000000
3.800000
1.333333
1.857143
7.000000
2.750000
1.000000
6.500000
19.000000
0.666667
1.000000
2.000000
0.944444
1.000000
1.000000
7.000000
0.023438
1.333333
0.089844
0.800000
2.200000
0.272727
2.000000
9.000000
2.200000
2.200000
1.000000
6.000000
4.250000
0.200000
12.000000
1.666667
2.230769
0.428571
0.692308
8.500000
0.315789
14.000000
2.250000
3.200000
5.666667
11.000000
9.666667
8.666667
0.600000
1.500000
1.500000
0.153846
1.857143
16.000000
3.666667
0.250000
2.857143
1.000000
2.125000
2.000000
0.058594
4.000000
5.000000
0.000000
6.500000
2.000000
0.039062
6.666667
0.666667
0.444444
0.062500
0.600000
2.400000
5.500000
2.125000
0.083333
1.666667
0.003906
6.000000
1.076923
2.000000
3.500000
1.400000
0.300000
2.181818
4.600000
14.500000
3.250000
0.214286
8.000000
1.500000
0.111111
10.000000
5.500000
0.500000
1.750000
6.000000
1.500000
5.000000
0.178571
0.058594
2.000000
0.857143
1.500000
1.800000
0.666667
0.500000
0.781250
1.625000
2.600000
0.042969
13.000000
0.031250
1.800000
0.240000
1.125000
2.000000
2.500000
0.500000
1.636364
3.500000
4.250000
1.666667
1.000000
1.571429
1.083333
0.909091
0.833333
3.000000
1.200000
1.500000
5.000000
1.333333
2.166667
1.000000
0.333333
1.000000
0.454545
0.058594
16.000000
2.000000
6.000000
0.250000
2.500000
0.039062
3.666667
3.333333
1.750000
0.800000
7.000000
0.046875
2.000000
1.500000
2.333333
0.066406
1.333333
1.090909
1.416667
1.181818
0.035156
11.500000
1.909091
9.000000
2.875000
12.000000
8.500000
1.125000
0.050781
3.500000
1.588235
1.750000
0.400000
0.600000
1.000000
0.625000
0.111111
3.000000
9.000000
4.333333
0.093750
3.000000
2.142857
2.500000
20.000000
1.153846
4.000000
1.000000
3.000000
2.250000
0.083333
20.000000
0.777778
2.000000
9.000000
0.054688
8.000000
4.250000
3.500000
8.000000
0.428571
0.571429
0.250000
4.000000
1.888889
0.812500
2.666667
4.000000
18.000000
2.333333
5.000000
6.000000
7.000000
1.500000
3.714286
0.846154
1.000000
0.200000
0.111111
0.611111
2.000000
3.000000
9.000000
0.733333
15.000000
3.000000
6.000000
0.066667
3.000000
1.400000
1.142857
3.666667
7.666667
0.050781
2.666667
0.083333
0.600000
6.250000
0.003906
3.500000
1.428571
1.933333
2.400000
4.250000
0.222222
1.214286
0.692308
0.611111
0.050781
2.666667
1.800000
3.666667
2.000000
0.625000
0.416667
1.000000
7.000000
3.250000
1.571429
6.000000
1.000000
5.500000
1.055556
0.230769
1.750000
4.750000
1.200000
15.000000
5.000000
0.400000
3.666667
2.000000
3.571429
6.000000
0.833333
2.625000
0.416667
0.085938
2.000000
-0.003906
0.250000
1.142857
9.000000
28.000000
0.089844
1.750000
3.500000
7.000000
2.333333
2.333333
1.000000
4.500000
1.555556
4.000000
0.352941
1.000000
0.023438
1.700000
4.500000
1.214286
1.600000
0.011719
2.500000
0.750000
4.000000
1.285714
0.666667
7.000000
4.750000
1.250000
0.750000
1.173913
1.000000
0.625000
5.000000
2.833333
7.000000
1.428571
3.666667
9.000000
2.750000
1.500000
0.066406
0.875000
2.000000
1.700000
2.875000
0.750000
2.400000
0.636364
12.500000
2.000000
0.400000
0.000000
3.100000
6.000000
1.000000
2.125000
3.428571
0.687500
1.285714
1.333333
0.933333
0.058594
3.666667
0.833333
0.555556
0.093750
0.166667
