0.222222
1.000000
1.250000
0.266667
1.000000
-0.046875
0.078125
0.035156
-0.117188
-0.058594
0.007812
6.250000
1.625000
2.636364
1.000000
0.928571
0.042969
-0.023438
0.916667
0.086957
-0.085938
0.500000
-0.046875
0.086957
-0.000000
-0.039062
0.007812
1.555556
-0.000000
-0.097656
1.333333
1.500000
0.066406
0.054688
0.076923
0.027344
2.000000
-0.042969
-0.007812
0.085938
-0.062500
1.250000
1.384615
0.500000
0.291667
14.500000
5.500000
-0.039062
0.176471
0.500000
0.050781
-0.000000
0.461538
2.400000
1.166667
0.003906
0.023438
0.833333
0.272727
1.111111
0.800000
0.062500
0.800000
1.000000
-0.007812
-0.074219
0.046875
-0.050781
0.000000
-0.062500
0.054688
0.294118
0.578947
2.545455
0.156250
6.000000
0.428571
-0.042969
0.500000
-0.031250
-0.000000
-0.007812
-0.050781
0.035156
-0.031250
-0.015625
2.125000
0.333333
-0.042969
0.015625
0.000000
2.428571
0.043478
0.500000
-0.000000
0.000000
-0.042969
0.200000
0.058594
0.015625
1.083333
0.011719
-0.046875
3.000000
0.046875
-0.000000
12.000000
2.000000
2.700000
0.011719
-0.015625
-0.074219
9.000000
1.000000
-0.023438
0.900000
0.703704
14.000000
-0.003906
-0.027344
3.500000
0.545455
0.003906
0.011719
-0.019531
-0.023438
0.266667
0.031250
-0.027344
3.333333
0.000000
1.000000
0.000000
-0.113281
1.375000
0.300000
0.076923
0.035156
2.250000
1.000000
0.333333
0.062500
0.003906
0.666667
-0.019531
0.078125
0.750000
1.500000
5.000000
1.777778
0.082031
0.833333
0.003906
3.500000
-0.019531
0.042969
0.015625
0.529412
1.000000
1.000000
-0.003906
6.500000
0.073171
0.125000
0.093750
1.166667
-0.035156
-0.105469
0.200000
1.571429
0.357143
0.666667
0.000000
0.046875
24.000000
0.003906
0.007812
0.050781
-0.015625
0.058594
-0.062500
7.500000
0.714286
0.352941
0.857143
0.062500
0.027344
-0.089844
-0.054688
3.333333
0.035156
-0.007812
1.777778
0.111111
-0.015625
1.333333
0.777778
-0.101562
3.750000
0.003906
0.011719
-0.050781
0.117188
0.007812
1.800000
-0.039062
0.666667
8.333333
0.035156
0.019531
1.666667
0.035156
0.023438
-0.066406
3.428571
0.550000
0.050781
0.461538
1.714286
-0.050781
2.750000
2.000000
2.500000
3.000000
3.800000
0.000000
1.333333
0.195312
-0.097656
1.857143
0.011719
0.007812
0.003906
1.000000
1.000000
-0.027344
-0.011719
1.142857
-0.015625
1.750000
7.000000
0.019531
-0.039062
-0.058594
0.050781
-0.105469
6.500000
-0.007812
2.750000
-0.007812
-0.007812
0.428571
0.307692
2.750000
0.011719
1.000000
1.333333
0.066406
19.000000
0.000000
0.666667
-0.062500
1.000000
0.054688
2.000000
0.428571
0.039062
-0.015625
0.916667
-0.058594
0.157895
-0.062500
-0.000000
0.370370
-0.000000
0.846154
0.944444
0.000000
-0.062500
1.000000
0.714286
-0.011719
0.058594
3.250000
0.019531
0.000000
0.166667
0.516129
0.089844
0.000000
0.285714
1.000000
3.000000
7.000000
0.023438
-0.000000
1.333333
-0.031250
0.050781
0.074219
0.800000
-0.074219
1.800000
0.222222
-0.007812
-0.054688
0.800000
-0.082031
0.027344
9.000000
0.357143
0.428571
0.031250
2.200000
0.097656
0.272727
2.000000
0.011719
-0.015625
1.000000
0.000000
-0.007812
0.692308
2.200000
-0.000000
-0.035156
0.007812
0.272727
0.652174
4.250000
0.111111
2.200000
0.054688
-0.054688
1.000000
-0.031250
-0.070312
6.000000
0.035156
0.046875
0.200000
0.000000
1.000000
1.200000
0.888889
1.666667
-0.019531
-0.035156
0.428571
0.363636
0.050781
0.111111
12.000000
4.333333
1.666667
0.473684
2.230769
0.003906
0.050781
-0.003906
-0.031250
0.692308
8.500000
0.888889
0.000000
0.315789
-0.039062
0.000000
0.210526
0.042969
0.003906
-0.027344
-0.039062
0.011719
0.007812
-0.027344
14.000000
6.000000
0.019531
2.250000
0.042969
2.500000
0.500000
0.086957
11.000000
0.277778
0.600000
9.666667
1.545455
0.058824
3.200000
1.125000
0.250000
5.666667
0.166667
0.200000
0.046875
0.050000
2.777778
8.666667
0.027344
0.046875
-0.023438
-0.019531
0.800000
0.003906
0.153846
-0.015625
0.039062
1.857143
0.142857
0.600000
0.218750
1.500000
1.500000
0.842105
0.066406
0.003906
0.038462
-0.023438
0.062500
16.000000
0.046875
3.666667
0.046875
0.250000
-0.023438
2.857143
0.277778
0.031250
0.042969
-0.011719
0.222222
1.666667
0.214286
0.066406
0.007812
-0.003906
-0.042969
1.000000
2.125000
0.074219
0.015625
2.000000
-0.062500
0.046875
4.000000
0.750000
5.000000
1.250000
0.054688
0.250000
1.000000
0.027344
-0.058594
0.058594
0.571429
0.842105
0.019531
-0.015625
-0.027344
-0.054688
6.500000
0.750000
2.000000
0.052632
-0.078125
0.007812
1.357143
2.285714
-0.015625
0.000000
0.035156
-0.039062
1.111111
1.000000
0.039062
0.027344
2.000000
6.666667
0.666667
0.039062
0.050781
0.035156
0.011719
-0.027344
0.157895
0.375000
2.400000
-0.035156
-0.042969
0.046875
0.444444
0.015625
0.015625
0.062500
0.000000
0.600000
-0.003906
0.054688
0.117188
0.800000
0.082031
0.027344
0.083333
-0.054688
0.003906
0.031250
-0.027344
0.000000
1.166667
5.500000
2.125000
1.333333
0.078125
-0.039062
0.000000
1.666667
-0.039062
0.003906
6.000000
0.027344
0.019531
-0.050781
0.027344
-0.062500
0.700000
0.039062
-0.027344
0.000000
0.000000
0.031250
-0.000000
1.076923
2.000000
0.046875
3.500000
0.390625
1.400000
0.035156
0.153846
0.054688
-0.066406
2.181818
0.035156
4.600000
1.500000
14.500000
-0.019531
0.039062
0.101562
0.300000
0.039062
0.666667
0.071429
0.333333
2.000000
-0.039062
3.250000
0.003906
0.058594
0.214286
2.000000
-0.023438
0.000000
-0.050781
-0.023438
-0.000000
1.571429
-0.011719
0.200000
-0.074219
0.023438
8.000000
1.500000
0.000000
0.111111
-0.007812
10.000000
0.400000
1.166667
5.500000
0.082031
-0.039062
0.421053
-0.062500
0.600000
0.090909
0.015625
1.500000
0.333333
0.142857
0.078125
0.500000
0.875000
1.750000
-0.039062
6.000000
0.031250
0.058594
0.070312
0.400000
-0.042969
0.178571
-0.042969
-0.058594
-0.019531
0.555556
0.857143
0.054688
0.066406
5.000000
-0.015625
0.117647
0.058594
-0.035156
2.000000
0.031250
0.000000
0.031250
-0.074219
-0.000000
1.800000
0.078125
-0.007812
0.031250
0.500000
0.066667
0.781250
0.023438
1.500000
0.023438
1.000000
1.800000
0.046875
0.666667
-0.035156
0.333333
-0.148438
0.011719
1.400000
1.625000
0.370370
0.031250
-0.019531
0.042969
13.000000
0.023438
-0.027344
-0.031250
0.011719
-0.105469
-0.027344
2.600000
-0.027344
0.015625
0.833333
1.000000
0.023438
0.031250
0.000000
0.058594
0.027344
-0.070312
1.125000
0.666667
0.444444
2.000000
1.333333
1.000000
1.800000
-0.027344
0.240000
-0.023438
0.000000
0.692308
0.090909
0.007812
0.166667
2.500000
0.500000
-0.093750
0.023438
1.636364
-0.046875
1.750000
4.250000
0.750000
-0.023438
0.130435
0.019531
-0.000000
0.083333
0.019531
0.642857
3.500000
1.272727
0.019531
0.003906
1.666667
-0.015625
-0.000000
0.687500
1.166667
0.015625
-0.089844
0.909091
-0.046875
0.833333
0.039062
1.000000
-0.066406
1.571429
0.166667
-0.039062
1.083333
-0.031250
0.142857
-0.062500
-0.031250
3.000000
0.039062
-0.023438
-0.003906
-0.035156
1.500000
5.000000
0.875000
0.156250
0.333333
-0.046875
0.750000
0.003906
1.200000
-0.007812
-0.121094
0.750000
0.000000
1.333333
-0.035156
2.166667
0.042969
0.007812
0.571429
-0.039062
-0.058594
1.000000
0.470588
0.454545
-0.054688
0.011719
0.416667
0.085938
1.000000
-0.082031
0.333333
0.078125
0.600000
-0.000000
0.066406
-0.082031
-0.031250
16.000000
0.050781
0.142857
-0.023438
6.000000
0.003906
0.250000
0.007812
0.058594
-0.023438
0.007812
0.200000
2.000000
0.125000
0.055556
3.800000
0.011719
0.071429
-0.015625
0.100000
0.039062
-0.019531
0.000000
0.113281
0.011719
3.333333
1.500000
-0.007812
2.500000
0.078125
0.015625
0.007812
2.000000
3.666667
-0.089844
0.105263
0.023438
1.750000
0.046875
0.800000
7.000000
0.215686
0.046875
0.042969
2.000000
0.045455
1.363636
-0.000000
0.023438
-0.062500
0.035156
0.916667
0.011719
0.000000
-0.000000
0.023438
0.062500
1.500000
-0.070312
-0.003906
0.007812
0.000000
0.000000
-0.027344
1.000000
1.090909
1.400000
0.000000
2.333333
0.003906
-0.027344
0.066406
0.416667
1.333333
0.035156
0.031250
1.416667
0.272727
1.181818
0.023438
0.035156
-0.035156
1.100000
11.500000
0.027344
0.666667
3.400000
9.000000
1.000000
-0.023438
0.000000
0.027344
-0.027344
0.181818
0.070312
1.909091
1.375000
-0.015625
1.214286
0.109375
-0.089844
-0.023438
4.000000
8.500000
0.571429
1.125000
0.050781
0.035156
0.015625
2.875000
-0.039062
12.000000
1.333333
1.333333
0.050781
0.015625
0.035156
0.039062
3.500000
0.875000
1.588235
1.285714
0.100000
-0.019531
0.400000
0.320000
0.042969
0.600000
-0.023438
1.583333
0.052632
-0.039062
0.375000
1.750000
-0.000000
0.015625
0.031250
-0.019531
1.000000
-0.031250
0.428571
0.625000
-0.101562
0.111111
0.011719
1.333333
9.000000
0.042969
-0.089844
-0.046875
0.272727
-0.027344
-0.019531
0.101562
-0.066406
3.000000
0.200000
0.085938
4.333333
0.007812
-0.058594
0.093750
0.070312
0.714286
0.625000
0.035156
2.500000
0.023438
-0.007812
0.100000
-0.015625
0.042969
0.333333
3.000000
-0.007812
2.142857
2.333333
0.078125
1.916667
20.000000
-0.039062
1.153846
0.047619
0.019531
1.000000
-0.023438
0.019531
0.090909
-0.007812
0.062500
0.011719
-0.085938
0.066406
4.000000
-0.023438
-0.000000
-0.019531
3.000000
0.039062
-0.000000
-0.011719
0.015625
20.000000
1.200000
0.777778
0.250000
2.000000
0.692308
2.250000
0.944444
0.083333
-0.003906
3.250000
3.000000
-0.000000
0.666667
-0.046875
0.070312
-0.050781
-0.085938
0.050781
0.015625
2.571429
8.000000
4.250000
0.007812
3.500000
0.011719
0.200000
9.000000
0.042969
0.054688
1.000000
0.011719
2.400000
0.042969
0.375000
-0.070312
0.027344
0.250000
-0.117188
0.428571
-0.000000
0.571429
0.019531
0.015625
0.600000
0.273438
0.520000
8.000000
-0.011719
0.200000
0.375000
0.076923
-0.039062
0.250000
4.000000
2.857143
1.571429
0.190476
0.812500
-0.003906
2.666667
0.015625
1.500000
-0.000000
0.011719
18.000000
-0.027344
1.888889
-0.093750
0.470588
1.777778
-0.015625
0.043478
4.000000
0.375000
-0.042969
0.000000
2.333333
5.000000
0.585938
6.000000
1.250000
-0.015625
-0.042969
-0.042969
-0.050781
1.454545
1.333333
0.023438
0.062500
-0.046875
2.000000
7.000000
0.285714
1.250000
1.500000
0.023438
3.714286
-0.023438
-0.039062
0.027344
1.000000
-0.058594
0.015625
0.111111
-0.015625
-0.042969
0.760000
0.027344
0.846154
-0.023438
-0.062500
0.200000
0.015625
-0.062500
0.046875
0.429688
0.333333
2.000000
-0.042969
0.011719
0.230769
-0.007812
9.000000
0.019531
-0.007812
-0.003906
0.611111
0.078125
0.031250
-0.046875
3.000000
2.333333
3.000000
-0.058594
0.733333
2.000000
15.000000
2.000000
0.500000
-0.000000
0.023438
-0.019531
0.042969
1.363636
3.000000
0.545455
1.800000
1.500000
3.000000
0.015625
6.000000
-0.000000
0.066667
2.714286
0.007812
-0.000000
0.071429
0.176471
1.142857
-0.089844
3.666667
7.666667
0.000000
0.050781
0.000000
0.500000
1.400000
-0.050781
0.066406
0.333333
0.666667
0.031250
0.428571
0.007812
0.039062
2.666667
-0.050781
-0.027344
0.083333
0.003906
0.600000
6.250000
0.003906
-0.039062
0.000000
-0.062500
-0.027344
-0.011719
-0.011719
0.027344
0.272727
-0.074219
0.250000
0.003906
-0.023438
0.046875
-0.011719
0.035156
0.200000
-0.042969
0.062500
0.444444
2.400000
1.500000
1.000000
3.500000
3.375000
-0.011719
1.428571
-0.105469
1.933333
-0.042969
0.066406
4.250000
0.600000
0.222222
0.027344
0.272727
0.035156
0.019531
-0.042969
0.023438
0.285714
-0.039062
-0.015625
0.111111
0.000000
1.214286
0.703125
0.023438
0.692308
0.611111
0.333333
-0.074219
0.050781
0.011719
0.100000
1.800000
0.035156
0.285714
3.666667
0.066406
-0.011719
0.625000
0.250000
0.115385
2.666667
0.538462
-0.050781
3.000000
1.000000
0.111111
2.000000
0.019531
-0.019531
0.000000
0.416667
-0.007812
0.050000
0.035156
0.500000
-0.046875
0.529412
-0.054688
-0.003906
0.050781
0.035156
0.200000
1.000000
7.000000
0.046875
1.833333
3.250000
1.571429
-0.027344
1.500000
0.166667
0.400000
-0.039062
5.500000
-0.023438
0.054688
0.007812
0.042969
0.230769
6.000000
0.000000
-0.003906
1.000000
0.070312
-0.031250
1.000000
1.055556
0.000000
-0.019531
1.250000
1.750000
0.019531
4.500000
1.200000
-0.007812
0.003906
1.400000
0.054688
5.000000
1.750000
-0.027344
0.023438
4.750000
0.541667
0.066406
15.000000
-0.105469
0.200000
0.470588
0.000000
0.000000
0.093750
0.833333
0.625000
0.800000
-0.031250
0.666667
1.333333
0.062500
0.400000
0.015625
3.666667
-0.023438
2.000000
0.333333
0.058594
3.571429
6.000000
0.277778
0.093750
0.800000
2.625000
2.400000
-0.000000
0.416667
0.085938
0.000000
0.019531
-0.023438
0.833333
-0.015625
-0.027344
-0.089844
-0.062500
0.125000
-0.000000
-0.019531
-0.019531
2.000000
-0.031250
-0.003906
-0.042969
0.250000
0.250000
1.142857
0.003906
-0.011719
1.625000
-0.066406
-0.031250
-0.078125
0.046875
0.015625
-0.000000
0.074074
9.000000
-0.156250
0.011719
28.000000
-0.050781
-0.000000
0.023438
-0.058594
1.400000
0.571429
1.500000
0.085938
0.031250
0.011719
-0.050781
0.089844
0.444444
1.750000
3.500000
0.750000
0.039062
7.000000
2.333333
1.285714
2.333333
0.263158
0.800000
0.846154
0.015625
0.007812
0.011719
1.555556
0.019531
0.736842
-0.015625
0.071429
0.003906
1.000000
-0.019531
4.500000
-0.000000
0.011719
4.000000
0.585938
0.027344
0.027344
0.019531
1.000000
-0.058594
0.019531
0.039062
0.866667
-0.074219
-0.027344
0.352941
-0.011719
-0.042969
0.050781
-0.000000
0.023438
1.700000
0.015625
0.039062
4.500000
-0.078125
0.007812
-0.042969
0.416667
-0.042969
-0.019531
1.363636
-0.042969
0.007812
0.050781
1.214286
0.105469
0.031250
1.600000
-0.074219
0.011719
-0.031250
2.500000
0.117647
0.750000
0.015625
1.300000
1.285714
0.857143
0.046875
-0.027344
-0.050781
7.000000
-0.000000
4.750000
-0.031250
4.000000
0.070312
0.750000
0.666667
0.042969
0.625000
1.000000
0.400000
1.142857
-0.054688
0.046875
0.250000
0.230769
0.007812
1.173913
-0.039062
1.000000
0.625000
0.000000
1.250000
0.031250
0.750000
0.054688
0.035156
0.019531
0.062500
-0.007812
-0.019531
0.038462
5.000000
4.500000
-0.019531
2.833333
0.007812
0.125000
1.428571
1.000000
-0.070312
2.000000
-0.019531
-0.031250
0.050781
-0.007812
0.269231
7.000000
1.071429
0.500000
0.250000
3.666667
-0.035156
9.000000
1.777778
2.750000
-0.003906
0.019531
0.003906
-0.019531
0.222222
0.003906
-0.046875
1.666667
1.210526
0.015625
-0.003906
1.500000
0.066406
-0.039062
0.875000
0.500000
0.039062
0.166667
0.666667
1.700000
-0.050781
2.875000
0.023438
0.750000
0.727273
0.090909
2.000000
0.046875
-0.062500
-0.085938
-0.089844
-0.035156
0.007812
-0.058594
0.429688
2.400000
0.015625
0.636364
0.529412
9.000000
0.800000
0.042969
-0.144531
0.357143
-0.093750
-0.003906
0.000000
0.078125
12.500000
0.039062
-0.082031
2.000000
0.400000
0.312500
0.000000
-0.011719
-0.003906
3.100000
6.000000
4.750000
-0.042969
1.000000
1.750000
0.082031
0.027344
-0.003906
0.011719
0.093750
-0.000000
-0.003906
0.541667
0.105469
2.125000
-0.085938
3.428571
-0.015625
-0.000000
0.003906
-0.019531
1.285714
-0.019531
-0.007812
0.285714
0.933333
-0.003906
0.058594
0.272727
0.687500
1.000000
0.181818
1.333333
-0.039062
0.052632
0.023438
-0.035156
0.035156
1.375000
1.666667
0.714286
0.833333
0.003906
0.555556
0.093750
-0.011719
0.039062
0.000000
3.666667
0.000000
0.046875
0.027344
-0.058594
0.000000
0.070312
-0.039062
-0.015625
0.166667
