1.785714
0.380952
-0.019531
0.166667
0.031250
-0.070312
0.666667
-0.031250
2.285714
-0.027344
1.666667
-0.035156
0.736842
-0.058594
-0.050781
4.000000
0.333333
1.000000
0.031250
2.800000
-0.023438
-0.003906
0.777778
1.600000
0.054688
1.714286
0.500000
0.363636
0.466667
4.333333
-0.019531
0.111111
2.666667
0.500000
0.015625
0.054688
-0.019531
0.042969
0.039062
0.625000
0.000000
0.027344
0.019531
0.031250
-0.050781
0.083333
0.019531
0.011719
-0.007812
0.125000
0.000000
4.200000
0.500000
-0.015625
0.058594
-0.015625
2.000000
0.054688
-0.007812
0.153846
0.000000
0.777778
1.100000
-0.035156
-0.027344
0.015625
0.011719
0.042969
0.000000
1.200000
-0.050781
1.800000
1.357143
0.166667
-0.023438
0.909091
0.003906
10.500000
5.500000
0.166667
31.000000
0.074219
0.039062
2.500000
2.000000
-0.035156
-0.019531
0.000000
-0.023438
0.429688
-0.007812
1.222222
-0.000000
19.000000
2.800000
0.046875
4.000000
-0.007812
0.083333
1.250000
2.400000
-0.007812
-0.011719
-0.003906
0.039062
1.235294
0.363636
0.035156
0.666667
0.000000
4.000000
2.500000
3.000000
-0.050781
-0.003906
0.571429
-0.050781
-0.003906
1.666667
-0.007812
