-0.273438
0.183594
-0.140625
0.066406
-0.140625
-0.171875
-0.171875
0.023438
-0.226562
-0.175781
0.070312
0.074219
-0.039062
-0.164062
0.156250
0.230469
-0.113281
-0.132812
-0.148438
0.136719
0.187500
-0.054688
0.058594
-0.183594
0.191406
0.125000
-0.210938
0.000000
0.062500
0.089844
-0.125000
0.132812
-0.121094
0.039062
-0.085938
0.003906
-0.031250
0.167969
-0.046875
0.039062
-0.062500
0.121094
0.250000
0.113281
-0.121094
-0.082031
-0.273438
-0.105469
-0.089844
-0.117188
0.023438
0.011719
-0.070312
0.171875
-0.226562
-0.089844
-0.031250
0.144531
0.164062
0.125000
-0.101562
-0.203125
-0.050781
0.089844
-0.230469
0.117188
0.011719
-0.058594
-0.277344
0.226562
0.121094
-0.117188
0.011719
-0.015625
-0.050781
0.234375
0.242188
0.027344
-0.089844
-0.023438
0.132812
0.082031
0.148438
-0.101562
-0.226562
0.136719
-0.121094
0.035156
0.003906
0.078125
0.109375
0.128906
0.125000
0.136719
0.171875
-0.078125
-0.332031
-0.105469
-0.179688
-0.003906
-0.105469
-0.199219
0.144531
-0.011719
0.136719
-0.171875
-0.097656
0.218750
0.074219
-0.121094
0.027344
0.156250
0.128906
0.039062
-0.050781
-0.015625
0.156250
-0.265625
0.132812
-0.226562
0.121094
-0.152344
-0.210938
0.027344
0.156250
-0.175781
0.152344
0.128906
-0.136719
0.101562
-0.050781
-0.007812
0.058594
-0.035156
0.179688
-0.187500
-0.035156
0.007812
-0.039062
-0.089844
-0.164062
-0.128906
0.066406
-0.132812
0.343750
-0.214844
-0.085938
-0.078125
-0.046875
0.105469
0.128906
-0.085938
-0.171875
0.253906
0.148438
-0.015625
-0.093750
0.050781
-0.160156
-0.023438
0.269531
-0.218750
0.191406
-0.109375
-0.136719
0.093750
0.031250
-0.046875
-0.195312
-0.222656
-0.089844
0.000000
0.230469
-0.199219
0.164062
-0.238281
-0.175781
0.089844
0.105469
-0.148438
-0.070312
-0.128906
-0.160156
-0.167969
-0.011719
0.125000
0.226562
0.062500
0.210938
0.175781
-0.234375
0.117188
-0.269531
0.070312
0.035156
-0.054688
-0.078125
-0.109375
0.117188
0.140625
0.050781
-0.074219
-0.093750
-0.035156
-0.210938
-0.148438
0.011719
0.042969
-0.132812
0.234375
0.164062
0.148438
-0.148438
0.191406
-0.074219
0.207031
-0.109375
0.242188
0.175781
-0.050781
-0.207031
0.210938
0.164062
0.015625
-0.117188
0.117188
-0.164062
0.082031
-0.078125
0.039062
0.117188
0.066406
-0.023438
0.156250
-0.082031
0.074219
-0.035156
-0.027344
0.230469
0.085938
0.234375
-0.105469
-0.148438
-0.066406
0.175781
0.246094
0.148438
-0.062500
0.097656
0.136719
0.128906
0.246094
-0.027344
-0.039062
0.140625
0.148438
0.332031
0.050781
-0.242188
0.253906
0.101562
-0.089844
0.335938
-0.125000
-0.117188
0.140625
-0.199219
-0.054688
0.117188
0.148438
-0.066406
-0.105469
-0.152344
-0.187500
-0.222656
-0.144531
-0.058594
-0.097656
0.328125
0.050781
-0.023438
-0.027344
-0.109375
0.160156
-0.140625
0.050781
-0.062500
0.183594
0.179688
-0.179688
-0.074219
-0.132812
-0.062500
-0.238281
0.238281
0.218750
0.101562
-0.199219
-0.167969
-0.097656
0.160156
-0.089844
-0.191406
-0.136719
-0.113281
0.050781
0.066406
-0.191406
-0.269531
-0.015625
-0.023438
0.191406
-0.171875
-0.132812
-0.066406
0.039062
0.097656
-0.128906
0.105469
-0.078125
0.191406
-0.183594
-0.214844
0.140625
-0.003906
-0.046875
-0.234375
-0.183594
-0.011719
0.007812
0.097656
0.039062
-0.148438
0.144531
0.121094
-0.214844
-0.218750
0.042969
-0.113281
-0.007812
0.152344
0.117188
-0.195312
-0.027344
-0.019531
0.125000
0.164062
-0.191406
-0.226562
-0.164062
-0.054688
-0.050781
-0.046875
-0.210938
0.027344
-0.035156
0.078125
-0.109375
-0.152344
-0.011719
-0.195312
-0.042969
-0.078125
0.265625
-0.085938
-0.113281
0.191406
0.023438
0.078125
0.234375
-0.136719
0.093750
-0.179688
-0.097656
-0.179688
-0.121094
0.101562
-0.199219
0.027344
-0.128906
-0.199219
-0.144531
-0.093750
-0.195312
-0.039062
-0.183594
0.093750
0.156250
0.074219
0.246094
-0.152344
0.187500
-0.031250
-0.121094
-0.125000
0.136719
-0.039062
0.019531
0.003906
-0.164062
0.234375
0.105469
0.214844
-0.171875
0.132812
-0.214844
-0.054688
0.054688
0.183594
0.105469
-0.289062
0.179688
0.230469
-0.121094
-0.035156
-0.226562
-0.226562
0.171875
-0.132812
-0.171875
-0.097656
-0.218750
0.058594
-0.250000
0.273438
-0.101562
0.210938
-0.179688
0.105469
0.062500
0.175781
-0.097656
-0.125000
0.046875
-0.042969
-0.171875
-0.042969
-0.078125
0.019531
0.031250
0.019531
0.117188
0.070312
0.148438
0.039062
0.035156
-0.093750
0.046875
-0.007812
0.015625
0.062500
-0.101562
0.089844
-0.121094
-0.144531
0.136719
-0.066406
0.007812
-0.203125
-0.144531
0.089844
0.105469
0.117188
0.136719
0.148438
0.242188
0.082031
0.011719
-0.160156
0.148438
0.167969
-0.171875
-0.035156
-0.164062
0.214844
-0.207031
-0.058594
0.050781
0.042969
0.074219
0.199219
0.234375
-0.039062
-0.078125
0.054688
0.218750
0.007812
-0.050781
-0.042969
0.011719
-0.164062
0.160156
-0.046875
-0.082031
-0.160156
-0.250000
-0.226562
0.058594
-0.027344
-0.015625
-0.062500
-0.207031
-0.234375
0.132812
-0.058594
-0.113281
0.203125
0.007812
0.058594
0.082031
0.097656
0.089844
-0.089844
0.164062
-0.101562
0.000000
-0.027344
0.035156
-0.082031
-0.109375
0.082031
0.281250
-0.187500
-0.113281
-0.167969
0.113281
0.183594
0.175781
0.042969
-0.109375
0.062500
-0.257812
-0.097656
0.003906
-0.203125
-0.101562
-0.085938
0.078125
0.199219
0.246094
-0.003906
0.218750
-0.078125
0.171875
-0.343750
0.210938
0.183594
0.093750
0.062500
0.085938
0.164062
0.074219
-0.156250
-0.109375
-0.066406
-0.097656
0.074219
0.066406
-0.132812
-0.101562
-0.312500
-0.066406
-0.039062
0.031250
0.222656
0.171875
0.039062
0.144531
-0.074219
0.109375
0.066406
0.128906
-0.296875
-0.031250
-0.214844
0.007812
-0.121094
-0.117188
0.183594
-0.179688
0.109375
0.078125
-0.085938
-0.101562
-0.085938
-0.140625
0.136719
0.226562
-0.019531
-0.031250
0.113281
-0.156250
0.027344
-0.089844
-0.191406
-0.179688
0.203125
0.136719
0.074219
0.105469
0.089844
-0.121094
0.113281
-0.210938
-0.261719
-0.035156
-0.109375
-0.109375
-0.027344
0.148438
-0.187500
0.097656
0.300781
0.230469
-0.199219
-0.257812
0.050781
0.089844
-0.136719
-0.160156
0.023438
0.105469
-0.070312
0.031250
-0.113281
0.062500
-0.097656
0.222656
0.097656
0.218750
-0.093750
0.113281
-0.203125
0.113281
-0.113281
0.273438
-0.023438
-0.027344
-0.183594
-0.003906
-0.207031
-0.187500
-0.183594
0.140625
-0.109375
0.164062
0.214844
-0.078125
-0.070312
-0.125000
0.031250
0.003906
0.000000
-0.109375
-0.125000
-0.226562
0.089844
0.160156
0.125000
0.132812
-0.128906
0.171875
0.183594
0.121094
0.144531
-0.074219
0.062500
-0.136719
0.093750
-0.234375
0.234375
0.171875
0.136719
0.023438
0.191406
0.148438
0.078125
-0.136719
0.101562
-0.187500
-0.242188
0.167969
-0.039062
-0.039062
0.128906
0.144531
-0.242188
-0.199219
-0.242188
0.078125
-0.128906
0.082031
0.222656
-0.050781
-0.183594
0.101562
0.039062
-0.105469
0.164062
-0.011719
-0.128906
0.027344
-0.042969
0.085938
-0.152344
-0.140625
-0.195312
0.160156
0.058594
-0.140625
0.031250
0.164062
0.167969
0.070312
-0.031250
0.046875
-0.265625
0.257812
0.109375
-0.050781
-0.093750
-0.191406
-0.136719
-0.125000
0.101562
0.152344
0.171875
0.304688
0.148438
-0.312500
-0.035156
-0.105469
0.328125
0.031250
-0.148438
-0.027344
0.128906
0.093750
-0.152344
-0.144531
-0.117188
0.003906
-0.183594
0.125000
-0.039062
0.218750
-0.203125
0.027344
-0.019531
0.046875
0.105469
-0.234375
-0.042969
0.117188
0.042969
0.050781
-0.242188
0.042969
-0.050781
-0.023438
0.199219
-0.253906
0.019531
0.117188
-0.031250
-0.093750
0.023438
-0.121094
0.128906
0.179688
0.109375
0.195312
-0.054688
0.152344
0.171875
0.136719
0.109375
0.160156
-0.144531
0.003906
0.152344
-0.160156
-0.136719
-0.035156
-0.257812
-0.054688
0.089844
-0.019531
-0.246094
-0.015625
0.015625
-0.121094
-0.074219
0.144531
0.109375
-0.132812
0.156250
-0.171875
-0.210938
0.074219
0.222656
-0.074219
-0.117188
0.109375
0.226562
0.128906
-0.089844
0.187500
-0.015625
0.113281
-0.164062
0.218750
0.222656
0.050781
-0.132812
-0.097656
0.105469
0.000000
0.117188
0.011719
0.214844
-0.214844
0.148438
0.171875
-0.066406
0.097656
0.144531
0.023438
0.078125
0.011719
0.164062
0.152344
0.085938
-0.019531
-0.226562
-0.160156
-0.097656
-0.074219
0.218750
0.105469
-0.027344
-0.003906
0.136719
0.175781
0.105469
-0.132812
0.089844
0.105469
-0.046875
0.156250
-0.023438
-0.070312
0.023438
-0.140625
0.210938
0.230469
-0.132812
0.050781
0.363281
0.257812
-0.046875
-0.183594
-0.046875
0.171875
0.203125
0.128906
-0.070312
0.132812
-0.207031
0.023438
-0.132812
0.066406
0.191406
-0.011719
-0.105469
0.054688
-0.101562
-0.007812
-0.023438
0.003906
-0.054688
-0.210938
-0.027344
0.042969
-0.222656
-0.074219
-0.113281
-0.093750
0.101562
0.117188
0.023438
-0.082031
0.074219
-0.304688
-0.187500
0.207031
-0.289062
0.160156
0.074219
0.066406
-0.101562
0.144531
0.242188
-0.167969
0.285156
-0.015625
-0.117188
-0.257812
0.074219
0.132812
0.140625
-0.148438
-0.257812
-0.035156
-0.187500
0.023438
0.042969
-0.117188
0.128906
-0.152344
-0.113281
-0.183594
0.003906
-0.097656
-0.171875
0.007812
-0.230469
-0.195312
-0.156250
0.160156
-0.054688
0.113281
-0.203125
-0.007812
0.207031
0.000000
-0.160156
0.085938
-0.058594
-0.187500
0.113281
0.117188
0.132812
-0.210938
-0.132812
-0.222656
-0.066406
0.148438
0.253906
0.117188
-0.082031
-0.218750
-0.031250
0.097656
-0.253906
-0.019531
0.175781
0.023438
-0.003906
-0.156250
0.007812
-0.175781
0.027344
-0.156250
0.195312
-0.308594
-0.183594
-0.082031
-0.179688
-0.148438
0.183594
-0.113281
0.003906
-0.113281
-0.019531
-0.214844
-0.031250
-0.097656
0.015625
0.136719
0.070312
-0.257812
0.042969
0.128906
0.164062
0.039062
0.148438
0.101562
0.121094
-0.210938
-0.160156
-0.152344
-0.011719
0.003906
0.187500
-0.289062
-0.070312
0.234375
0.132812
0.078125
0.144531
-0.195312
0.117188
0.046875
-0.113281
0.054688
0.027344
-0.035156
0.156250
-0.214844
-0.175781
0.097656
-0.144531
-0.035156
-0.226562
-0.066406
-0.031250
0.015625
0.125000
0.148438
0.015625
-0.132812
0.183594
0.144531
0.289062
-0.011719
-0.015625
0.105469
-0.144531
0.164062
0.019531
0.085938
-0.128906
-0.195312
0.078125
0.113281
-0.019531
0.121094
-0.214844
0.113281
0.164062
0.171875
0.000000
0.148438
0.238281
-0.175781
0.113281
-0.222656
0.140625
0.191406
0.132812
-0.058594
-0.085938
-0.125000
0.210938
-0.164062
0.082031
0.296875
0.179688
0.015625
-0.187500
-0.074219
0.125000
-0.175781
0.203125
-0.027344
0.140625
-0.054688
-0.031250
-0.062500
0.007812
-0.023438
-0.234375
-0.105469
0.210938
0.175781
0.191406
0.066406
0.101562
0.136719
0.265625
-0.027344
-0.187500
-0.183594
0.023438
-0.105469
-0.023438
0.085938
0.132812
0.109375
0.050781
0.167969
0.132812
-0.199219
-0.027344
-0.113281
-0.246094
0.074219
-0.074219
0.152344
-0.210938
-0.019531
-0.011719
0.250000
-0.175781
0.125000
0.156250
0.238281
-0.066406
-0.027344
-0.117188
-0.093750
0.285156
-0.148438
-0.070312
0.105469
-0.136719
-0.175781
0.156250
-0.125000
0.117188
0.167969
-0.171875
-0.039062
-0.222656
-0.089844
0.121094
0.074219
-0.070312
0.070312
0.066406
-0.117188
-0.171875
-0.148438
0.058594
0.082031
-0.109375
-0.046875
-0.019531
-0.175781
-0.074219
0.296875
0.347656
-0.015625
-0.136719
0.066406
0.000000
-0.132812
0.167969
-0.023438
0.195312
-0.136719
0.042969
0.003906
0.191406
0.156250
0.199219
0.296875
0.089844
0.093750
-0.234375
0.070312
-0.031250
-0.062500
-0.238281
0.210938
-0.144531
-0.007812
0.148438
0.117188
0.144531
-0.144531
-0.132812
-0.003906
-0.136719
0.265625
-0.117188
0.140625
-0.132812
-0.066406
0.191406
0.054688
-0.148438
-0.136719
0.167969
0.140625
0.093750
0.148438
0.027344
-0.144531
-0.183594
-0.210938
0.121094
-0.238281
0.039062
-0.140625
-0.042969
-0.171875
-0.035156
0.144531
